9.123602367991809e-08 4.186717726501373e-08 2.028844566337279e-07 6.116835355547086e-10 2.6328031616614403e-10 1.7002954899946398e-10 0.0 
9.046773965816389e-08 4.177108066034431e-08 2.0283478500495074e-07 6.081856352646542e-10 2.620385881271107e-10 1.6928353486416328e-10 0.0 
8.972166452341656e-08 4.168250986217923e-08 2.0282138243835024e-07 6.048138319535651e-10 2.608512570256359e-10 1.6857252156592727e-10 0.0 
8.900262979458746e-08 4.160311878137601e-08 2.0285041410207294e-07 6.016092959937038e-10 2.5973479069467996e-10 1.6790680961264662e-10 0.0 
8.831095814793693e-08 4.1533218360368575e-08 2.029241309408038e-07 5.985764911112313e-10 2.586917670477889e-10 1.672881438097267e-10 0.0 
8.764564559868627e-08 4.1472723762050216e-08 2.0304309542116342e-07 5.957089924776541e-10 2.577201172673154e-10 1.6671533284193143e-10 0.0 
8.700539953138846e-08 4.142144287400644e-08 2.0320704784729387e-07 5.929980180763109e-10 2.56816438076665e-10 1.661862923343927e-10 0.0 
8.638879530645089e-08 4.1379101680742756e-08 2.034153614619141e-07 5.904338931155678e-10 2.559769934621384e-10 1.6569872703877838e-10 0.0 
8.579391017529576e-08 4.134520844271536e-08 2.0366672079649492e-07 5.880030591415552e-10 2.551967347440881e-10 1.652495376365455e-10 0.0 
8.522056483347339e-08 4.131989360164704e-08 2.0396212842762575e-07 5.857059262350966e-10 2.544761365411291e-10 1.6483909332792131e-10 0.0 
8.466869527816625e-08 4.130333548217672e-08 2.0430282995709878e-07 5.835438628583285e-10 2.5381609529338833e-10 1.6446803630375637e-10 0.0 
8.413823289442431e-08 4.129571847368047e-08 2.0468976578647264e-07 5.815174493855048e-10 2.532166905209948e-10 1.641364046268011e-10 0.0 
8.362913772355269e-08 4.1297242403854364e-08 2.051241575905089e-07 5.796279277114004e-10 2.5267856773637894e-10 1.638446473024685e-10 0.0 
8.314138779473449e-08 4.130812008092642e-08 2.0560732339787772e-07 5.778767387447329e-10 2.5220249634253654e-10 1.6359329958235766e-10 0.0 
8.267502794084579e-08 4.132858643896347e-08 2.0614087913282785e-07 5.762658850816126e-10 2.5178972630634787e-10 1.63383232571908e-10 0.0 
8.223006239502237e-08 4.135887463133509e-08 2.0672638311772226e-07 5.747970513420708e-10 2.514412904083607e-10 1.6321517105072198e-10 0.0 
8.180646221661007e-08 4.139922011375576e-08 2.0736528941866268e-07 5.734716612025854e-10 2.5115795955598516e-10 1.6308965625547286e-10 0.0 
8.140514619888505e-08 4.145027654155249e-08 2.0806037926617158e-07 5.722981348093386e-10 2.509431394059251e-10 1.6300887024049172e-10 0.0 
8.10266472640699e-08 4.1512544342910174e-08 2.0881401026807086e-07 5.712821997479923e-10 2.50799245579266e-10 1.629743836177845e-10 0.0 
8.067081933777575e-08 4.158621775176873e-08 2.0962762935171908e-07 5.704249135369331e-10 2.5072697674218484e-10 1.6298670154973237e-10 0.0 
8.033788982438668e-08 4.16716660858485e-08 2.1050370457816428e-07 5.697301246239271e-10 2.5072845578978457e-10 1.630472697848639e-10 0.0 
8.002915084474041e-08 4.1769679437995956e-08 2.1144702091669979e-07 5.692104831803287e-10 2.508099614176182e-10 1.6316022765895983e-10 0.0 
7.974546316607557e-08 4.188089725980164e-08 2.1246106705467525e-07 5.688753064069404e-10 2.5097579686988637e-10 1.633283859015908e-10 0.0 
7.94870918924442e-08 4.200577850612376e-08 2.1354856672061316e-07 5.687288785779108e-10 2.512281091542329e-10 1.635531935280768e-10 0.0 
7.925424653844793e-08 4.214477310195395e-08 2.1471236338448884e-07 5.687752078138237e-10 2.5156901007980047e-10 1.6383609019373018e-10 0.0 
7.904802933847322e-08 4.2298671289107265e-08 2.1595638422434038e-07 5.690261657824065e-10 2.520035568871035e-10 1.6418033769653452e-10 0.0 
7.886883248666041e-08 4.246798335491617e-08 2.1728336167938296e-07 5.694880469885804e-10 2.5253453029871107e-10 1.645877598921216e-10 0.0 
7.871543703245921e-08 4.265258492224932e-08 2.1869376541189643e-07 5.701541118692106e-10 2.5315976963684733e-10 1.6505713079742383e-10 0.0 
7.858857379760348e-08 4.285314717637462e-08 2.2019398138879874e-07 5.710355370828694e-10 2.538864584172232e-10 1.655934315142494e-10 0.0 
7.848780420438522e-08 4.306992966419784e-08 2.217837192412036e-07 5.721298955976766e-10 2.5471216447281755e-10 1.6619493840073335e-10 0.0 
7.841317420212743e-08 4.330342937054346e-08 2.234656103512733e-07 5.734398833478606e-10 2.5563810606895997e-10 1.668624829850115e-10 0.0 
7.836491409306997e-08 4.355425195048603e-08 2.252435961960187e-07 5.749703447677981e-10 2.566670414912811e-10 1.6759797754316896e-10 0.0 
7.834329350881946e-08 4.382304839043399e-08 2.2712193532964488e-07 5.767266524999422e-10 2.578020348149874e-10 1.6840354504187098e-10 0.0 
7.834860906259642e-08 4.411051358899253e-08 2.29105075899578e-07 5.787144679464128e-10 2.5904623303911995e-10 1.6928135754599642e-10 0.0 
7.838124283140576e-08 4.4417410551109895e-08 2.3119781295252315e-07 5.809403899463308e-10 2.604031994390487e-10 1.7023385924899845e-10 0.0 
7.844189452928984e-08 4.474465838817293e-08 2.334054962973459e-07 5.834140702823902e-10 2.6187765595366555e-10 1.7126421760979153e-10 0.0 
7.853116182969885e-08 4.509318960142043e-08 2.3573396555428218e-07 5.861444750255505e-10 2.634743516124661e-10 1.7237566477874883e-10 0.0 
7.865029136274794e-08 4.5464249063360565e-08 2.381913716799498e-07 5.891466940064964e-10 2.6520138663861666e-10 1.7357366815377673e-10 0.0 
7.879995235668108e-08 4.585890494155566e-08 2.407845217924936e-07 5.924309702445244e-10 2.670642900297139e-10 1.7486200033370197e-10 0.0 
7.898071280257467e-08 4.627824186746093e-08 2.4352025590851676e-07 5.960069488109441e-10 2.690682625754639e-10 1.7624422285438433e-10 0.0 
7.919319421711411e-08 4.6723428992237084e-08 2.4640593725790287e-07 5.998851014163682e-10 2.712189366969086e-10 1.7772419031414328e-10 0.0 
7.943807573672373e-08 4.7195728208484316e-08 2.494495089196402e-07 6.040768059522157e-10 2.7352241946526633e-10 1.7930607967197515e-10 0.0 
7.971678141172788e-08 4.7696784562508285e-08 2.5266038579546914e-07 6.086007030040203e-10 2.7598764589671243e-10 1.8099584397232042e-10 0.0 
8.003209367277554e-08 4.822891179428312e-08 2.5605033945986497e-07 6.134883866885198e-10 2.7862847831394204e-10 1.8280251141464942e-10 0.0 
8.038812092215714e-08 4.879513957842312e-08 2.5963533561508285e-07 6.187842204719277e-10 2.814648875609143e-10 1.847390896801681e-10 0.0 
8.078982249070616e-08 4.939899713623841e-08 2.6343376392594557e-07 6.245417906026178e-10 2.845208022280252e-10 1.8682112502936212e-10 0.0 
8.123839940619746e-08 5.0042554001933767e-08 2.6745777549413e-07 6.307811194278824e-10 2.8780619176299837e-10 1.89055350646238e-10 0.0 
8.173487865284123e-08 5.072795263243733e-08 2.717202370809364e-07 6.375213044416379e-10 2.9133088764453284e-10 1.9144846327560326e-10 0.0 
8.228001199386545e-08 5.1457304214555503e-08 2.7623426546236304e-07 6.447804854659554e-10 2.951045520688393e-10 1.940070942313196e-10 0.0 
8.287403754301498e-08 5.2232545592370817e-08 2.8101264079983044e-07 6.525738214589193e-10 2.991360639921199e-10 1.9673743204014088e-10 0.0 
8.351704362427172e-08 5.3055652898186535e-08 2.860695228246687e-07 6.609168004347643e-10 3.034352016848018e-10 1.9964633261345483e-10 0.0 
8.420981585991313e-08 5.3929120232327404e-08 2.9142172864646615e-07 6.69832559431882e-10 3.080149853305556e-10 2.027427409847742e-10 0.0 
8.495534642916403e-08 5.4856743624348204e-08 2.9709116768911506e-07 6.793657470305724e-10 3.1289688011895977e-10 2.0604093689368166e-10 0.0 
8.57567738361525e-08 5.584270050136986e-08 3.0310341869630605e-07 6.895643982092624e-10 3.1810518215076786e-10 2.0955722515923035e-10 0.0 
8.66173104044566e-08 5.6891495644948216e-08 3.0948684195246836e-07 7.00481117433265e-10 3.236672333266107e-10 2.1331006396983117e-10 0.0 
8.754012040873678e-08 5.800794480211257e-08 3.1627111646719106e-07 7.121703502401979e-10 3.2961088398359254e-10 2.1731822265856227e-10 0.0 
8.852839753657643e-08 5.9197265341406025e-08 3.234861843547617e-07 7.246867899722885e-10 3.359622333954462e-10 2.2159907108736568e-10 0.0 
8.958571521313418e-08 6.0465270275504e-08 3.3116698551777344e-07 7.380943991675057e-10 3.427532519932216e-10 2.2617406778311712e-10 0.0 
9.071596432288068e-08 6.181841299294976e-08 3.3935228908310957e-07 7.524643659170904e-10 3.500195249221304e-10 2.3106709711990834e-10 0.0 
9.192308408378642e-08 6.326368551156395e-08 3.480828111232256e-07 7.67872581867811e-10 3.577983372790649e-10 2.3630312602533143e-10 0.0 
9.321145866868739e-08 6.48089154213665e-08 3.574048098568616e-07 7.844051121863684e-10 3.6613232715311135e-10 2.419107293838011e-10 0.0 
9.458571792485625e-08 6.646279271742913e-08 3.673704174582935e-07 8.02157008199919e-10 3.7506906229089085e-10 2.4792185028374697e-10 0.0 
9.605083513663805e-08 6.823500138464979e-08 3.7803775521168986e-07 8.212341609873495e-10 3.846615550255815e-10 2.5437209069030453e-10 0.0 
9.761260209949847e-08 7.013660669254728e-08 3.8947247506431747e-07 8.417591350852206e-10 3.949705707759528e-10 2.6130217618431066e-10 0.0 
9.92772355350784e-08 7.217999723131411e-08 4.0174813594229056e-07 8.638690791972097e-10 4.0606414629808326e-10 2.687577111280664e-10 0.0 
1.0105102659778433e-07 7.437887428932061e-08 4.1494684410340333e-07 8.877139980781485e-10 4.18017281902106e-10 2.7678904910420604e-10 0.0 
1.0294064909225117e-07 7.674860186139728e-08 4.291609460126176e-07 9.134621697145275e-10 4.309143090556714e-10 2.8545283290786703e-10 0.0 
1.0495259690730076e-07 7.930610861288693e-08 4.444941075288083e-07 9.412975530800189e-10 4.448489512144193e-10 2.948122065216008e-10 0.0 
1.0709383241076317e-07 8.207058162799511e-08 4.6106269765106337e-07 9.714276616056462e-10 4.5992616323650735e-10 3.049378077928259e-10 0.0 
1.093721559389762e-07 8.506402898920186e-08 4.789995130157071e-07 1.0040914903999871e-09 4.76266236310331e-10 3.159105192559966e-10 0.0 
1.1179585913348998e-07 8.831148901969628e-08 4.98455732657539e-07 1.0395607160786806e-09 4.940059947306116e-10 3.278223526654463e-10 0.0 
1.1437405414387676e-07 9.184170175717144e-08 5.196048820369351e-07 1.0781489291442482e-09 5.13303292483966e-10 3.407794294532756e-10 0.0 
1.1711736367414322e-07 9.568807786334933e-08 5.426477249353518e-07 1.1202268716283366e-09 5.343436544103744e-10 3.5490628103490866e-10 0.0 
1.200366824329794e-07 9.988880635655242e-08 5.678145569071043e-07 1.1662166549083182e-09 5.573389390303547e-10 3.7034520344334143e-10 0.0 
1.2314256771056683e-07 1.0448746100793082e-07 5.953688871821003e-07 1.2165928570172109e-09 5.825283435209971e-10 3.872570532025242e-10 0.0 
1.2644724728322475e-07 1.0953517778622697e-07 6.256182386672636e-07 1.271919169962293e-09 6.101942079416103e-10 4.0583142980864634e-10 0.0 
1.2996465827751715e-07 1.1509209139669334e-07 6.589225985877579e-07 1.3328651834231176e-09 6.406702139106435e-10 4.2629214588611617e-10 0.0 
1.3370640149614501e-07 1.212265642194589e-07 6.956957193390679e-07 1.4001753792072941e-09 6.743317135579511e-10 4.488916342649289e-10 0.0 
1.376840269752355e-07 1.2801849942846332e-07 7.364218612087064e-07 1.4747188222831066e-09 7.116174423338838e-10 4.739250363549134e-10 0.0 
1.4190889068833106e-07 1.3556173469986152e-07 7.816709808922205e-07 1.5575175225908671e-09 7.530448348829566e-10 5.017406392322564e-10 0.0 
1.4639192003925527e-07 1.4396699581681975e-07 8.321145800013307e-07 1.6497743881219004e-09 7.992216421240218e-10 5.327473619912339e-10 0.0 
1.5114500396859168e-07 1.5336682357849663e-07 8.885565172208834e-07 1.7529384192058753e-09 8.508787598959412e-10 5.67436661223646e-10 0.0 
1.5618300676499512e-07 1.6392227132994163e-07 9.519744455589022e-07 1.8687970970061814e-09 9.089167035958223e-10 6.064135692608169e-10 0.0 
1.6151200793456565e-07 1.758203222202549e-07 1.0235104422244186e-06 1.9993862602404804e-09 9.74369241912863e-10 6.503741826317761e-10 0.0 
1.671331919298249e-07 1.892840909440753e-07 1.1045268938292321e-06 2.1471235792807157e-09 1.0484645031100534e-09 7.00145677001233e-10 0.0 
1.7304198388862434e-07 2.0458164834710782e-07 1.1966624119295882e-06 2.314908278512205e-09 1.1326767949996248e-09 7.567212875336723e-10 0.0 
1.7922452064210132e-07 2.22034846703858e-07 1.301888518342273e-06 2.5062098937169e-09 1.2287746033887806e-09 8.212930455723886e-10 0.0 
1.856573599391537e-07 2.4203428842197376e-07 1.422601134385436e-06 2.7252421239326105e-09 1.3389077118373795e-09 8.953101534504217e-10 0.0 
1.9230421678878875e-07 2.65055855019351e-07 1.5617208167062884e-06 2.977138010533601e-09 1.4656955712016936e-09 9.805384905696008e-10 0.0 
1.9910875627241922e-07 2.9167713394140603e-07 1.7227922046502932e-06 3.268106595917726e-09 1.6123083629572202e-09 1.0791156103074303e-09 0.0 
2.0599076567158442e-07 3.226009433314573e-07 1.910141998295076e-06 3.605708999669181e-09 1.782615262100086e-09 1.1936512866016222e-09 0.0 
2.1283734269458167e-07 3.5867538565909584e-07 2.1290039254743215e-06 3.999041991870765e-09 1.981282059676787e-09 1.3272941974904945e-09 0.0 
2.195058221628403e-07 4.0092082024841134e-07 2.385654601331292e-06 4.459085994885413e-09 2.2139249455115808e-09 1.4838323395989598e-09 0.0 
2.258051741951987e-07 4.504952282440876e-07 2.6872552716083786e-06 4.998241026339976e-09 2.4869170921720712e-09 1.667568471127946e-09 0.0 
2.3148932757236198e-07 5.085641404016965e-07 3.041099800998069e-06 5.628856252051282e-09 2.806674953471648e-09 1.8828439939995306e-09 0.0 
2.3626430486719087e-07 5.759171965375137e-07 3.452296512775101e-06 6.359018062158196e-09 3.1775398629361876e-09 2.1326154776428766e-09 0.0 
2.398025812441929e-07 6.519892012329188e-07 3.91785235183271e-06 7.1818510285891725e-09 3.5963901726617253e-09 2.4148323232198684e-09 0.0 
2.417651034612716e-07 7.328262757783843e-07 4.414341488074309e-06 8.053302105781243e-09 4.041429993224805e-09 2.7148966114522767e-09 0.0 
2.418428111624181e-07 8.081017111037658e-07 4.87963514667259e-06 8.859887213275862e-09 4.455764460918067e-09 2.994595341159094e-09 0.0 
2.398021373824017e-07 8.597265864808082e-07 5.20404054194302e-06 9.404272661483174e-09 4.739766574986381e-09 3.186916040989327e-09 0.0 
2.3552724582777277e-07 8.678643863496478e-07 5.266238062643027e-06 9.471770490443027e-09 4.784213753987339e-09 3.21827400421167e-09 0.0 
2.2906521932329746e-07 8.250300241640025e-07 5.01876005695447e-06 8.984152635593713e-09 4.547933761796554e-09 3.0607391508230712e-09 0.0 
2.2061903004813892e-07 7.435536317233897e-07 4.534468931080122e-06 8.079056693092966e-09 4.0988773365221555e-09 2.7598010472988887e-09 0.0 
2.1052182093326711e-07 6.456650384942257e-07 3.947453522732272e-06 7.000168517821178e-09 3.559497922164801e-09 2.3977450481702053e-09 0.0 
1.9918701195725722e-07 5.493152906919598e-07 3.366922674269765e-06 5.942717679740471e-09 3.0286476758831873e-09 2.0411032558326334e-09 0.0 
1.870548657952416e-07 4.6347264381048116e-07 2.8480096269670847e-06 5.003304730806789e-09 2.5557018197156343e-09 1.7231723923337903e-09 0.0 
1.7454174982652707e-07 3.9058053311402675e-07 2.4062281385881095e-06 4.207446889521994e-09 2.154104633628499e-09 1.4530745920259572e-09 0.0 
1.6200613526500002e-07 3.2996862268120805e-07 2.038027521315626e-06 3.5469947743533956e-09 1.8201560029182477e-09 1.2283793155676994e-09 0.0 
1.4973234231007013e-07 2.799313920593621e-07 1.7334139651937066e-06 3.0027776284351912e-09 1.544457859941353e-09 1.0428045628673902e-09 0.0 
1.3792896866003238e-07 2.386473847068133e-07 1.4815722376815493e-06 2.5545539553650493e-09 1.3169758544463105e-09 8.896268544852265e-10 0.0 
1.2673603546383405e-07 2.0449683158415495e-07 1.2728331104456452e-06 2.1844162568996783e-09 1.1287920260859312e-09 7.628648620040061e-10 0.0 
1.1623652133663411e-07 1.7613170933860193e-07 1.0991195778904497e-06 1.8775010525828013e-09 9.72480827635617e-10 6.575349477289551e-10 0.0 
1.064702388246221e-07 1.5246064496407436e-07 9.53874001462457e-07 1.6218049788113026e-09 8.420307217392562e-10 5.696003511417416e-10 0.0 
9.74446325557081e-08 1.3260809959312382e-07 8.318252081685646e-07 1.4077146115889618e-09 7.326188063407061e-10 4.958213121776417e-10 0.0 
8.914414149752131e-08 1.1587320013695382e-07 7.28747277878684e-07 1.227542768761432e-09 6.403835262718693e-10 4.3360316040555864e-10 0.0 
8.154101250957685e-08 1.0169722522144347e-07 6.412687874550254e-07 1.0751864933300755e-09 5.62254884882147e-10 3.808822448737942e-10 0.0 
7.45957791119253e-08 8.962947735976536e-08 5.666608168828791e-07 9.457108416962414e-10 4.957452550601259e-10 3.359859361599236e-10 0.0 
6.826331644231736e-08 7.930626108881908e-08 5.027182574980669e-07 8.351358568026752e-10 4.38846688350375e-10 2.9756394854756475e-10 0.0 
6.249703593728092e-08 7.043381463371231e-08 4.476576992794949e-07 7.402532586863873e-10 3.899384982020226e-10 2.645261024187198e-10 0.0 
5.7251841315954064e-08 6.277468956587315e-08 4.000336833932388e-07 6.584789970518182e-10 3.4771194901698687e-10 2.359915572470601e-10 0.0 
5.248284229947376e-08 5.6134259079109904e-08 3.586621135543502e-07 5.876944152960529e-10 3.110947280789566e-10 2.1123867743583957e-10 0.0 
4.81474388253822e-08 5.0353085225278694e-08 3.2257316111852896e-07 5.261667638103855e-10 2.7920938760796053e-10 1.896768679576331e-10 0.0 
4.4205603587921083e-08 4.529978878748222e-08 2.9096696656781226e-07 4.724702799995871e-10 2.513332299360453e-10 1.7081958812800685e-10 0.0 
4.062067957430957e-08 4.08661298261748e-08 2.6318286827376214e-07 4.254315917124701e-10 2.2687030836068824e-10 1.5426547335754188e-10 0.0 
3.7359047074349974e-08 3.6962230901050016e-08 2.386720311760992e-07 3.8407882635639445e-10 2.0532661026631488e-10 1.3968173374528135e-10 0.0 
3.439007935500845e-08 3.3513220656803946e-08 2.1697602443975733e-07 3.4760253271569916e-10 1.8628989501521183e-10 1.2679057255618368e-10 0.0 
3.16863656407771e-08 3.045667426882744e-08 1.9771111964360544e-07 3.1533032417802394e-10 1.694165188952213e-10 1.1536025533873325e-10 0.0 
2.9222432859203382e-08 2.773964108873108e-08 1.8055239653969384e-07 2.866901007937156e-10 1.5441460017694937e-10 1.0519402736148822e-10 0.0 
2.6975127815610095e-08 2.5317304177915805e-08 1.6522471167349388e-07 2.611976536181386e-10 1.4103700841279344e-10 9.612528804547824e-11 0.0 
2.4923574829242005e-08 2.315165696429339e-08 1.514944210083657e-07 2.384429027933731e-10 1.2907419153443498e-10 8.801273423974593e-11 0.0 
2.3048976308014057e-08 2.1210343252619827e-08 1.3916235349387947e-07 2.180771968851065e-10 1.183477718026819e-10 8.073605389385896e-11 0.0 
2.1334436439685556e-08 1.9465722260247235e-08 1.2805822984385658e-07 1.9980325959288002e-10 1.0870552735838907e-10 7.419255573333837e-11 0.0 
1.9764763600101174e-08 1.789409096368307e-08 1.1803579969223905e-07 1.833664381021256e-10 1.000168821075185e-10 6.829412712705939e-11 0.0 
1.832632590495883e-08 1.6475074359716457e-08 1.0896903622882457e-07 1.6854795612245193e-10 9.216943500316565e-11 6.296489233738173e-11 0.0 
1.7006909502082428e-08 1.5191098674825394e-08 1.0074912419334684e-07 1.5515968150550026e-10 8.506639293480894e-11 5.813949030135639e-11 0.0 
1.5796113425321055e-08 1.402732547797226e-08 9.328360990878473e-08 1.430450032117238e-10 7.862659309595264e-11 5.37630246469104e-11 0.0 
1.4684055908730783e-08 1.2970522390143082e-08 8.649028952191836e-08 1.3206237526401355e-10 7.277704316260932e-11 4.9786186851971195e-11 0.0 
1.3661631478207007e-08 1.2009013622925722e-08 8.029662405430584e-08 1.2208631550764003e-10 6.74530901446489e-11 4.6165313682618505e-11 0.0 
1.2720717958594445e-08 1.1132645664148223e-08 7.463953052679062e-08 1.1300809952080774e-10 6.259865943672307e-11 4.286252449215662e-11 0.0 
1.1854000330881534e-08 1.0332519234245672e-08 6.946365777040559e-08 1.0473257822120504e-10 5.8164622452470724e-11 3.984462292214549e-11 0.0 
1.10548819009545e-08 9.600811267090267e-09 6.47202629121689e-08 9.717616289686175e-11 5.410774200573439e-11 3.708238294404718e-11 0.0 
1.0317400871074326e-08 8.930621518386022e-09 6.036625056026909e-08 9.026508742637675e-11 5.038976531019504e-11 3.45499350152602e-11 0.0 
9.635862615114861e-09 8.315622429127734e-09 5.6362559808431705e-08 8.393172641720228e-11 4.697596592798717e-11 3.222383495227911e-11 0.0 
9.005283207289714e-09 7.750327466508192e-09 5.2675090040625006e-08 7.81177527467635e-11 4.3836221511950744e-11 3.008372487565387e-11 0.0 
8.421337925470868e-09 7.230001135475014e-09 4.9274142081700636e-08 7.27730647645004e-11 4.094445557554137e-11 2.811195578363653e-11 0.0 
7.880273574438307e-09 6.750533655020868e-09 4.6134262533211296e-08 6.785510652137876e-11 3.827863065162787e-11 2.629361469800228e-11 0.0 
7.3785953907385164e-09 6.308205917005161e-09 4.323213191530385e-08 6.332483146171716e-11 3.5818394834077724e-11 2.4614920469469755e-11 0.0 
6.913040132730496e-09 5.899635584345184e-09 4.054629653970807e-08 5.914630297852323e-11 3.3544892825206935e-11 2.306309556139031e-11 0.0 
6.480715506821365e-09 5.521836639669698e-09 3.80577410679957e-08 5.5288140346725746e-11 3.1441567368598715e-11 2.162690552643624e-11 0.0 
6.078895827502467e-09 5.172075309759405e-09 3.574907885191405e-08 5.172121828720159e-11 2.949311959635389e-11 2.0295981716301184e-11 0.0 
5.705092410328954e-09 4.847888912091861e-09 3.3604657791888127e-08 4.841933581038252e-11 2.7685793888529766e-11 1.906100127420742e-11 0.0 
5.3571168158235735e-09 4.5471109077986786e-09 3.161075732026542e-08 4.5359806928907824e-11 2.600767240655213e-11 1.7913883213475107e-11 0.0 
5.033023714235026e-09 4.26781983601166e-09 2.975517850703406e-08 4.252271659758911e-11 2.444825789967851e-11 1.684750437948776e-11 0.0 
4.731150836685377e-09 4.008372434826317e-09 2.8027203913540537e-08 3.989086044273057e-11 2.2998322748708148e-11 1.5855586577448606e-11 0.0 
4.449808830134498e-09 3.767158297615072e-09 2.641664244857145e-08 3.744730818199493e-11 2.1648978799914128e-11 1.493210375806426e-11 0.0 
4.187396235120337e-09 3.5426767153105136e-09 2.4914082390181105e-08 3.5176288475058897e-11 2.0391998089888867e-11 1.4071483100298681e-11 0.0 
3.9424526656294985e-09 3.333569365100826e-09 2.351097159659157e-08 3.306355154895586e-11 1.921992536613997e-11 1.3268672537660736e-11 0.0 
3.7137362452614707e-09 3.13866465847611e-09 2.2199911192569968e-08 3.109708620401116e-11 1.812642198209865e-11 1.2519367192603348e-11 0.0 
3.5000533182660194e-09 2.956859691894836e-09 2.0973973387511185e-08 2.9265491585353424e-11 1.7105516915534965e-11 1.1819518258429517e-11 0.0 
3.3002650530963814e-09 2.787123027730141e-09 1.9826657273385342e-08 2.7557939882845188e-11 1.6151541650313182e-11 1.1165284220171552e-11 0.0 
3.1133282452206885e-09 2.62851579794436e-09 1.8752027951478764e-08 2.5964578419861695e-11 1.525932472405346e-11 1.0553158792939163e-11 0.0 
2.9382876148354428e-09 2.480182868525101e-09 1.774466619617444e-08 2.4476446309613874e-11 1.4424151809916884e-11 9.979944209190263e-12 0.0 
2.7742677545274253e-09 2.3413444769422208e-09 1.679961906431739e-08 2.3085387019722875e-11 1.3641722769439375e-11 9.442722484775632e-12 0.0 
2.6204681681541304e-09 2.2112893532154255e-09 1.591234936764773e-08 2.1783994223908767e-11 1.2908115149242653e-11 8.938829617392416e-12 0.0 
2.4761660786670767e-09 2.0893752772772144e-09 1.5078723930117238e-08 2.056560543535875e-11 1.2219772241264113e-11 8.465846585651747e-12 0.0 
2.3406957713409797e-09 1.975014426492149e-09 1.4294961715161856e-08 1.9424120681923415e-11 1.1573442852301606e-11 8.0215627104312e-12 0.0 
2.2134330157193412e-09 1.8676606912696396e-09 1.3557522607035834e-08 1.835382520261203e-11 1.0966069388191208e-11 7.60389800384387e-12 0.0 
2.0938089822105408e-09 1.766818202979592e-09 1.286319702062497e-08 1.7349539132913235e-11 1.0394882854881607e-11 7.2109690513393974e-12 0.0 
1.9813020959627556e-09 1.6720331214338794e-09 1.22090508235399e-08 1.640654680923443e-11 9.857361351743652e-12 6.841060157229062e-12 0.0 
1.875443878258552e-09 1.5828954247292758e-09 1.1592435706057623e-08 1.5520652523208927e-11 9.351252836381788e-12 6.492637462106088e-12 0.0 
1.775792887496213e-09 1.4990222804183564e-09 1.1010872059115583e-08 1.468791088976895e-11 8.87443978797897e-12 6.164259139324034e-12 0.0 
1.681936840567748e-09 1.4200585821814486e-09 1.046205014640807e-08 1.390464237907663e-11 8.424944201974145e-12 5.854578267439121e-12 0.0 
1.5935494179516254e-09 1.3457114596531363e-09 9.94407492410195e-09 1.3168020196082131e-11 8.001230062416856e-12 5.5625453065675625e-12 0.0 
1.5103295581410261e-09 1.2757110490999113e-09 9.455236518987466e-09 1.2475482613433594e-11 7.601926362944075e-12 5.287225489564807e-12 0.0 
1.4319397905867107e-09 1.2097719208186527e-09 8.993644563364623e-09 1.1824005924238006e-11 7.225389994963739e-12 5.02749843538133e-12 0.0 
1.3580666696005813e-09 1.1476295212674146e-09 8.557545127661582e-09 1.1210793118360925e-11 6.870098972849885e-12 4.782326056009139e-12 0.0 
1.2884185756782533e-09 1.089038236508346e-09 8.145304887698991e-09 1.0633248375918991e-11 6.534636957711642e-12 4.5507418308477355e-12 0.0 
1.2227379327195262e-09 1.0337791920886226e-09 7.755441806130417e-09 1.0089079666005489e-11 6.217735240763171e-12 4.331877832466767e-12 0.0 
1.1607866990991723e-09 9.816494081238372e-10 7.386624885207019e-09 9.57622751135119e-12 5.9182769279098214e-12 4.124972137266588e-12 0.0 
1.1023110848982972e-09 9.32436510730857e-10 7.037490508248981e-09 9.092520453487258e-12 5.63510501423243e-12 3.929237661739341e-12 0.0 
1.0470651009880785e-09 8.859358832296895e-10 6.706729301377135e-09 8.635866337537859e-12 5.367106962410629e-12 3.743917944454466e-12 0.0 
9.948381249028444e-10 8.419699719312945e-10 6.393198952233337e-09 8.204488413002752e-12 5.113328683823078e-12 3.5683629582753443e-12 0.0 
9.454504651005121e-10 8.003869364841556e-10 6.095891359061744e-09 7.796842206417548e-12 4.872923668374483e-12 3.401994204079138e-12 0.0 
8.987294720026019e-10 7.610417052113642e-10 5.81385398816903e-09 7.411451761417213e-12 4.645088175038954e-12 3.2442629090856656e-12 0.0 
8.545142132355604e-10 7.237991737160256e-10 5.54619842253427e-09 7.0469442314193185e-12 4.429073154792567e-12 3.0946574490828936e-12 0.0 
8.126547232286761e-10 6.885335311456826e-10 5.292095984242507e-09 6.702042930598542e-12 4.224180598753592e-12 2.952700874826833e-12 0.0 
7.730112434099096e-10 6.551274502604291e-10 5.05077376148471e-09 6.375564355973154e-12 4.029763153781589e-12 2.8179507660004104e-12 0.0 
7.354537905732398e-10 6.234716668946245e-10 4.821512676264769e-09 6.066413405304692e-12 3.845221509615573e-12 2.6899974242111744e-12 0.0 
6.998643877662051e-10 5.93466389394702e-10 4.603646254641931e-09 5.773595761335697e-12 3.670003611645565e-12 2.5684625391767173e-12 0.0 
6.661329619563817e-10 5.65018491645341e-10 4.396551143065015e-09 5.49618562752813e-12 3.5035941818617766e-12 2.4529928444370646e-12 0.0 
6.341564711914154e-10 5.380411195531987e-10 4.199651734549026e-09 5.23331900736629e-12 3.345516007659961e-12 2.3432615495477567e-12 0.0 
6.03845392552675e-10 5.124575091204082e-10 4.01244172777734e-09 4.984254940919971e-12 3.195357169052113e-12 2.238986016146963e-12 0.0 
5.751022953669384e-10 4.881868853961327e-10 3.834379191329999e-09 4.748169053397346e-12 3.052661640011365e-12 2.13985410851655e-12 0.0 
5.478345686058976e-10 4.651527733009307e-10 3.6649445678562976e-09 4.524271397732168e-12 2.9169888045702183e-12 2.045563880156428e-12 0.0 
5.219566188794814e-10 4.432842602891746e-10 3.5036609264463143e-09 4.311841090257464e-12 2.7879389087300033e-12 1.9558415920882178e-12 0.0 
4.973884465741083e-10 4.2251503023602533e-10 3.350081789372632e-09 4.110206183293374e-12 2.6651387803361868e-12 1.870431630363917e-12 0.0 
4.740589147944245e-10 4.0278533259312307e-10 3.203798688473325e-09 3.9187712438323105e-12 2.5482522718874412e-12 1.789103090192326e-12 0.0 
4.5190222352744506e-10 3.840394797921578e-10 3.0644479138090804e-09 3.737014462295232e-12 2.4369967588788585e-12 1.711663073314314e-12 0.0 
4.3085278803398564e-10 3.6622289725906874e-10 2.9316695309014534e-09 3.5644022315409312e-12 2.3310811661628386e-12 1.6379127378151092e-12 0.0 
4.1084847318264574e-10 3.4928415093423824e-10 2.8051099124532136e-09 3.4004062338213645e-12 2.23020577374795e-12 1.5676460333680208e-12 0.0 
