4.6621903897981034e-05 0.00012389112935487848 3.0484986423850426e-06 1.4934955494281186e-06 9.61678289282732e-07 0.0 
4.5933763358393365e-05 0.0001222352095610349 2.989968553639208e-06 1.4630599179823577e-06 9.418159603867865e-07 0.0 
4.525876689155703e-05 0.00012060914939990099 2.932772959383257e-06 1.4333498573488052e-06 9.224321786756936e-07 0.0 
4.459682095030218e-05 0.00011901273486127829 2.876895934715124e-06 1.4043573658593838e-06 9.03521819807841e-07 0.0 
4.394763899645811e-05 0.00011744533780640343 2.822303089801942e-06 1.3760628675970527e-06 8.85071789405535e-07 0.0 
4.3310702207493145e-05 0.00011590584812127537 2.7689385185284736e-06 1.3484343826544654e-06 8.670607319600814e-07 0.0 
4.268588877807523e-05 0.0001143941431762837 2.7167714420686244e-06 1.3214545903544502e-06 8.494773998684232e-07 0.0 
4.207293433667943e-05 0.00011290968961401803 2.665765676380639e-06 1.2951025968312258e-06 8.323078303493206e-07 0.0 
4.147156688421587e-05 0.00011145192995292687 2.6158854760207752e-06 1.269357766376414e-06 8.155382152611652e-07 0.0 
4.088152297554259e-05 0.00011002027151206601 2.567100360953249e-06 1.2442025142757275e-06 7.991567465684355e-07 0.0 
4.0302574388945134e-05 0.0001086141234845175 2.519401515696517e-06 1.2196323485332125e-06 7.831603416926842e-07 0.0 
3.973451630699882e-05 0.00010723298452970614 2.4727821435008662e-06 1.1956450462070864e-06 7.675476354942739e-07 0.0 
3.917717553090307e-05 0.00010587650945005663 2.427220753091344e-06 1.172228495164765e-06 7.52310568004542e-07 0.0 
3.863039864780338e-05 0.00010454438907329274 2.382701691467906e-06 1.149373805603374e-06 7.374432015827644e-07 0.0 
3.8093753817089515e-05 0.00010323569226486782 2.339170393312601e-06 1.1270498530380884e-06 7.229248360045059e-07 0.0 
3.756690962015689e-05 0.0001019496973014402 2.296585749882376e-06 1.1052333006000518e-06 7.087399474963893e-07 0.0 
3.7049645957487095e-05 0.00010068590772540708 2.254922710772778e-06 1.0839100188686622e-06 6.948791136507744e-07 0.0 
3.654174837924949e-05 9.9443839274931e-05 2.214156963254794e-06 1.0630663136766393e-06 6.813332062962835e-07 0.0 
3.604320539496124e-05 9.822367838036333e-05 2.174271575439644e-06 1.0426931267742536e-06 6.680964562446967e-07 0.0 
3.5554969312060696e-05 9.702695882728226e-05 2.135467013379007e-06 1.0229036039061305e-06 6.552432247645986e-07 0.0 
3.50768032457173e-05 9.585307848352298e-05 2.0977145273844633e-06 1.0036792861498442e-06 6.427609150744702e-07 0.0 
3.4607264834219864e-05 9.469977203096053e-05 2.060733202047236e-06 9.848653024797038e-07 6.305481992099795e-07 0.0 
3.4146142838100954e-05 9.356658788558081e-05 2.024496246068029e-06 9.664467460568507e-07 6.185951813320947e-07 0.0 
3.3693244221488557e-05 9.245305852001948e-05 1.9889854006247803e-06 9.484133906023669e-07 6.068950164438117e-07 0.0 
3.324837167671332e-05 9.135869984407622e-05 1.9541827168080024e-06 9.307552024829334e-07 5.954409917999981e-07 0.0 
3.281141516179044e-05 9.02832839913529e-05 1.9200744368894977e-06 9.134647919810304e-07 5.842282945420496e-07 0.0 
3.238225713204685e-05 8.922654863194793e-05 1.8866480297202115e-06 8.965353476907256e-07 5.732524497140785e-07 0.0 
3.196089921322607e-05 8.818846804805855e-05 1.8539074750446086e-06 8.799696704465636e-07 5.625153972705757e-07 0.0 
3.1547277806896656e-05 8.716889124438396e-05 1.8218470236757344e-06 8.637649748358833e-07 5.520153409928034e-07 0.0 
3.114118601542519e-05 8.616732597746822e-05 1.7904467006276853e-06 8.479099637529732e-07 5.417447126169878e-07 0.0 
3.074242253804946e-05 8.518329251987113e-05 1.7596871645481265e-06 8.323937160624746e-07 5.31696199184486e-07 0.0 
3.0350797603701574e-05 8.421633042828973e-05 1.7295510270315685e-06 8.172063870973362e-07 5.218631968078701e-07 0.0 
2.996685822595239e-05 8.326684207780005e-05 1.700176776771976e-06 8.024203908738656e-07 5.122923635752598e-07 0.0 
2.9591080703037808e-05 8.233627072645585e-05 1.6715727379486645e-06 7.880421266639848e-07 5.029887032907418e-07 0.0 
2.9223632497188967e-05 8.142613472134857e-05 1.643659663453466e-06 7.74034946756255e-07 4.939297949106841e-07 0.0 
2.886374568488614e-05 8.053428135309144e-05 1.616393530665912e-06 7.603707901337715e-07 4.850958866736304e-07 0.0 
2.8510286418644457e-05 7.965767703803917e-05 1.5896949759530534e-06 7.470032109196621e-07 4.764555881069643e-07 0.0 
2.8163111301311854e-05 7.8796033034693e-05 1.5635479112517195e-06 7.339233055518618e-07 4.6800302862617126e-07 0.0 
2.7822160085596328e-05 7.794930005549459e-05 1.5379413905696181e-06 7.211251852103837e-07 4.597343869221943e-07 0.0 
2.7487206710838008e-05 7.711689086160329e-05 1.5128578841159737e-06 7.08598965459446e-07 4.5164304784778615e-07 0.0 
2.7158186398202764e-05 7.629863411738765e-05 1.4882956116265427e-06 6.963440039634872e-07 4.437286020719441e-07 0.0 
2.6835095641163175e-05 7.549453668903228e-05 1.4642566925493758e-06 6.843619357115545e-07 4.359921773768179e-07 0.0 
2.6517766127120346e-05 7.470420972643324e-05 1.4407240539377628e-06 6.726432356224272e-07 4.284274397768303e-07 0.0 
2.6206064234558654e-05 7.392739142153508e-05 1.4176809642899798e-06 6.611793164091659e-07 4.2102883384568363e-07 0.0 
2.589995762975984e-05 7.316403648102212e-05 1.3951214056735981e-06 6.499674371506136e-07 4.137946729504146e-07 0.0 
2.559935506619251e-05 7.241392997535874e-05 1.3730366637142924e-06 6.390028398343917e-07 4.0672179673825987e-07 0.0 
2.5304173514051492e-05 7.167687483370259e-05 1.351419252894326e-06 6.282815302167098e-07 3.998075599750694e-07 0.0 
2.5014288757036685e-05 7.09525933198758e-05 1.3302551288803087e-06 6.1779571050216e-07 3.9304679883433557e-07 0.0 
2.472963703670727e-05 7.024105932940134e-05 1.3095318379996167e-06 6.075386249223436e-07 3.864351075192526e-07 0.0 
2.4450204785150102e-05 6.954238233182503e-05 1.2892412980167337e-06 5.975058053579261e-07 3.7996959069163435e-07 0.0 
2.4175881695956908e-05 6.885628462565363e-05 1.2693726590125891e-06 5.876911029358521e-07 3.7364615034594993e-07 0.0 
2.3906600408821833e-05 6.818252937769616e-05 1.2499234286366244e-06 5.780926133390532e-07 3.6746342080694775e-07 0.0 
2.3642323855808014e-05 6.752092228305965e-05 1.230895352420889e-06 5.687105267849983e-07 3.614213771468372e-07 0.0 
2.338294974885921e-05 6.687118154821901e-05 1.212278739894467e-06 5.59539241635408e-07 3.5551626945296227e-07 0.0 
2.312838472251563e-05 6.623306268483562e-05 1.194064116421868e-06 5.505733040285916e-07 3.49744451472278e-07 0.0 
2.2878404308647122e-05 6.56060373418083e-05 1.1762293336588456e-06 5.41800744291418e-07 3.4409805495344167e-07 0.0 
2.2632899274340123e-05 6.498983282450945e-05 1.1587650724074685e-06 5.332169825534951e-07 3.38574141705608e-07 0.0 
2.2391779625803117e-05 6.438427041469323e-05 1.1416610989185333e-06 5.248167635916827e-07 3.3316930022478265e-07 0.0 
2.2154862989199733e-05 6.37891360564102e-05 1.1248924284528955e-06 5.165878990012374e-07 3.2787575657398436e-07 0.0 
2.1922075083702122e-05 6.320427907970215e-05 1.1084508026408432e-06 5.085260128729724e-07 3.226906484706488e-07 0.0 
2.169334888738457e-05 6.26295391297977e-05 1.0923296072214077e-06 5.006274824651591e-07 3.1761158037363265e-07 0.0 
2.146861942026746e-05 6.206475944623781e-05 1.0765224138367397e-06 4.928887885550098e-07 3.1263622574423183e-07 0.0 
2.1247829030162385e-05 6.150979356884095e-05 1.0610233176663312e-06 4.853066756282212e-07 3.077624306909141e-07 0.0 
2.10309168718295e-05 6.0964493362536684e-05 1.045826262246923e-06 4.778778301879223e-07 3.029880056872528e-07 0.0 
2.081782166489522e-05 6.042871223179791e-05 1.0309252092407772e-06 4.705989610952655e-07 2.983107775426492e-07 0.0 
2.060853870692234e-05 5.990246293226744e-05 1.0163175151128587e-06 4.6346877734453686e-07 2.937299329288322e-07 0.0 
2.04030715114756e-05 5.938580671391332e-05 1.0019995590853283e-06 4.564857326651002e-07 2.89244556837429e-07 0.0 
2.02012340470358e-05 5.887829956452005e-05 9.879554035539757e-07 4.496413961591254e-07 2.8484912779470836e-07 0.0 
2.0003016067301703e-05 5.8380040881062085e-05 9.741789016213761e-07 4.429327056113099e-07 2.8054171668152554e-07 0.0 
1.980911101137444e-05 5.7893347976989626e-05 9.60694065171184e-07 4.3637474976243813e-07 2.7633292244061066e-07 0.0 
1.9620276453196014e-05 5.7419734324343195e-05 9.476031956210638e-07 4.300214803364012e-07 2.7225760128378283e-07 0.0 
1.943583362188047e-05 5.695714755853967e-05 9.348675212886338e-07 4.238496223984773e-07 2.6829990279748925e-07 0.0 
1.9254682298970312e-05 5.650297239749189e-05 9.223717987866117e-07 4.1779814002363304e-07 2.6442010183892126e-07 0.0 
1.907686776050678e-05 5.605712656731318e-05 9.101226814544927e-07 4.11869556191657e-07 2.606197002412002e-07 0.0 
1.8902308810276964e-05 5.5619425822072783e-05 8.98112587971561e-07 4.0605986535202415e-07 2.5689606923780917e-07 0.0 
1.8730917181917836e-05 5.5189676223021924e-05 8.86333227085027e-07 4.003647440845056e-07 2.532463811936413e-07 0.0 
1.8562612252235807e-05 5.4767694296524874e-05 8.747770828482411e-07 3.9478025076096476e-07 2.4966805536216077e-07 0.0 
1.8397294865887187e-05 5.435330643216462e-05 8.634349893894093e-07 3.8930174429900723e-07 2.4615807941125e-07 0.0 
1.8234862201591636e-05 5.39464208277011e-05 8.522988853364876e-07 3.8392538613414203e-07 2.427139959082552e-07 0.0 
1.807526929425252e-05 5.3546911217443716e-05 8.413673007808438e-07 3.786503380864854e-07 2.39335225469026e-07 0.0 
1.791846015239133e-05 5.315462605343324e-05 8.30635764161759e-07 3.734741536495981e-07 2.3602014720514616e-07 0.0 
1.7764367061433113e-05 5.276939630053217e-05 8.200992255130072e-07 3.683941703423952e-07 2.3276700881637675e-07 0.0 
1.7612987370403242e-05 5.239122884830444e-05 8.097562181043842e-07 3.6340979085222306e-07 2.295754580284797e-07 0.0 
1.7464480087654148e-05 5.202056383622977e-05 7.996163303671767e-07 3.585267130040124e-07 2.264493611920872e-07 0.0 
1.731883282696269e-05 5.165737789625401e-05 7.896773572836493e-07 3.537437894600038e-07 2.2338797184201045e-07 0.0 
1.717600326185407e-05 5.130156946605025e-05 7.799348586603197e-07 3.4905860358889605e-07 2.2038969567453178e-07 0.0 
1.703595091943051e-05 5.095303948533817e-05 7.703845307205584e-07 3.444688129325253e-07 2.1745298755641852e-07 0.0 
1.689863618872107e-05 5.061169130006851e-05 7.610221731777622e-07 3.399721332702638e-07 2.1457634105870004e-07 0.0 
1.6764019820487473e-05 5.027743113623831e-05 7.518436693682007e-07 3.3556632908591016e-07 2.1175828221568603e-07 0.0 
1.663207513050902e-05 4.995022086512553e-05 7.428452247318308e-07 3.3124937718424843e-07 2.089974901719791e-07 0.0 
1.6503006010504754e-05 4.963043188352487e-05 7.340543653355536e-07 3.2703482900788416e-07 2.0630260118157448e-07 0.0 
1.637731688640305e-05 4.93188897255723e-05 7.255399316472215e-07 3.229560764630612e-07 2.0369482537163692e-07 0.0 
1.6254405667780008e-05 4.90145938553702e-05 7.172184613131832e-07 3.1897201977632763e-07 2.0114794332361225e-07 0.0 
1.613413033979077e-05 4.871732339558867e-05 7.090706719252717e-07 3.1507344536657265e-07 1.9865611099476789e-07 0.0 
1.6016442434552933e-05 4.8426957377325786e-05 7.010924522013158e-07 3.1125808428179307e-07 1.962178257824244e-07 0.0 
1.5901179968908922e-05 4.8143069810602465e-05 6.932719708916453e-07 3.075197200877253e-07 1.9382902315812748e-07 0.0 
1.5788269832181347e-05 4.786548699868508e-05 6.856027916368567e-07 3.038549922131566e-07 1.914875112969195e-07 0.0 
1.567763640469019e-05 4.759405004223397e-05 6.780789019903245e-07 3.002608138777554e-07 1.8919127931921024e-07 0.0 
1.5569243638800435e-05 4.732872647594799e-05 6.706961755857962e-07 2.9673504894511447e-07 1.8693894205579592e-07 0.0 
1.546312451009293e-05 4.706964395411711e-05 6.634556046612479e-07 2.932784496625655e-07 1.847310392049988e-07 0.0 
1.5359284400582606e-05 4.681683496271521e-05 6.563565280588092e-07 2.8989071884125197e-07 1.8256738937044142e-07 0.0 
1.525773174994832e-05 4.6570321031349375e-05 6.493981413916996e-07 2.8657131281277195e-07 1.804476244811014e-07 0.0 
1.5158579989781621e-05 4.6330392239684714e-05 6.425880620228192e-07 2.833239770055818e-07 1.7837416368353615e-07 0.0 
1.5062231725908941e-05 4.609855996213385e-05 6.359399096575893e-07 2.8015671440129454e-07 1.763524950456042e-07 0.0 
1.4968792449131195e-05 4.5875291728221296e-05 6.294546905094325e-07 2.770703127562263e-07 1.7438319132906712e-07 0.0 
1.4878013705127056e-05 4.565964780812992e-05 6.231250323021e-07 2.7406012697167807e-07 1.7246300027159384e-07 0.0 
1.4789600393624735e-05 4.545055776372183e-05 6.169403861726381e-07 2.711199793062467e-07 1.705877388349998e-07 0.0 
1.4703515509751683e-05 4.524794151264326e-05 6.108974746572074e-07 2.6824811003737137e-07 1.6875625100707616e-07 0.0 
1.4619730917208108e-05 4.505174041244006e-05 6.049933583226184e-07 2.6544294670024703e-07 1.669675049549054e-07 0.0 
1.45382178002147e-05 4.486189416842487e-05 5.992250498808095e-07 2.6270289383141244e-07 1.652204543335925e-07 0.0 
1.4458845157071729e-05 4.467807554122066e-05 5.9358230667123e-07 2.6002265677776304e-07 1.6351165845056329e-07 0.0 
1.4381520141245181e-05 4.45000553706296e-05 5.880577185292966e-07 2.573983909459143e-07 1.61838615600348e-07 0.0 
1.4306209225945378e-05 4.432775895554273e-05 5.826481339217955e-07 2.548284261874911e-07 1.602002319841901e-07 0.0 
1.4232879880206147e-05 4.416111419269738e-05 5.773504780886402e-07 2.523111323465845e-07 1.5859543993889574e-07 0.0 
1.4161498453648222e-05 4.400004804984592e-05 5.721615470227588e-07 2.498448295750062e-07 1.5702314219084335e-07 0.0 
1.4092007923117993e-05 4.384444923095278e-05 5.670758087461188e-07 2.4742682593105857e-07 1.5548161310057893e-07 0.0 
1.402436635854182e-05 4.3694231876009955e-05 5.620891016583586e-07 2.450550114205841e-07 1.539694869290964e-07 0.0 
1.3958539483740135e-05 4.3549323623306626e-05 5.571979860572398e-07 2.427275932405265e-07 1.5248559573655155e-07 0.0 
1.3894899768531862e-05 4.341062301518843e-05 5.524344726232751e-07 2.404608784542127e-07 1.510404575434652e-07 0.0 
1.3833906609984485e-05 4.327921997390342e-05 5.478375583648071e-07 2.3827406866931894e-07 1.4964636278919336e-07 0.0 
1.3775015048383097e-05 4.3153849887618674e-05 5.433572738627515e-07 2.361419006488753e-07 1.4828707119831392e-07 0.0 
1.3718207844227562e-05 4.3034496042243795e-05 5.389902693381713e-07 2.340626583224918e-07 1.4696148273165982e-07 0.0 
1.3663514533198164e-05 4.292124618972625e-05 5.347373660025291e-07 2.3203657670843927e-07 1.4566972690252453e-07 0.0 
1.3611020414769304e-05 4.2814366579456854e-05 5.306016365746419e-07 2.30065205400193e-07 1.444128218380247e-07 0.0 
1.3560819037137959e-05 4.271415413209734e-05 5.265863966223322e-07 2.281502473644164e-07 1.4319189131736832e-07 0.0 
1.3512929496744593e-05 4.262067771405226e-05 5.226912843987134e-07 2.2629133276570925e-07 1.4200667144147916e-07 0.0 
1.3467311688609467e-05 4.253391530256265e-05 5.189102932532948e-07 2.2448560554780205e-07 1.4085534669055154e-07 0.0 
1.3423873285691848e-05 4.2453782239951214e-05 5.152324988187751e-07 2.227280850303203e-07 1.397347829238586e-07 0.0 
1.3382582178055447e-05 4.238024778785835e-05 5.116553167779703e-07 2.2101746303242226e-07 1.386441307812459e-07 0.0 
1.3343429590397671e-05 4.23133149713522e-05 5.081784571264159e-07 2.1935347166853214e-07 1.3758319494097304e-07 0.0 
1.3306438216210638e-05 4.2253062947221786e-05 5.048025403158141e-07 2.1773625548725336e-07 1.3655204446684964e-07 0.0 
1.3271616594247616e-05 4.2199553371129607e-05 5.015265098907932e-07 2.161651976260882e-07 1.3555027012935778e-07 0.0 
1.3238937701819602e-05 4.215272304157747e-05 4.983479822670378e-07 2.1463895094294249e-07 1.3457697780281647e-07 0.0 
1.3208349144312196e-05 4.2112423846700005e-05 4.952636484370698e-07 2.1315566238395453e-07 1.336309381665096e-07 0.0 
1.3179855405429038e-05 4.207870513130575e-05 4.922723592570745e-07 2.1171465512237943e-07 1.3271170128369834e-07 0.0 
1.3153469689058743e-05 4.205164011280056e-05 4.893731813078569e-07 2.1031537695335332e-07 1.3181890372016932e-07 0.0 
1.3129385729250779e-05 4.203224345578801e-05 4.865686335505537e-07 2.0895964485714532e-07 1.3095386220124264e-07 0.0 
1.310768691660596e-05 4.202087860574494e-05 4.838605519256728e-07 2.076484682244338e-07 1.30117245432147e-07 0.0 
1.3088315803962046e-05 4.2017204992985946e-05 4.812472747530706e-07 2.0638065173072665e-07 1.2930820540098438e-07 0.0 
1.3071179464952447e-05 4.2020738814342415e-05 4.787264295683752e-07 2.0515455024495806e-07 1.2852559399273434e-07 0.0 
1.3056351429614837e-05 4.203172439087276e-05 4.7630137317833516e-07 2.039718994987941e-07 1.2777054669083261e-07 0.0 
1.3043870700438226e-05 4.2050318132334846e-05 4.739723479171471e-07 2.0283277758514085e-07 1.2704311592712095e-07 0.0 
1.3033762479668925e-05 4.207663364656124e-05 4.717388923408886e-07 2.017368445400724e-07 1.2634307137877376e-07 0.0 
1.3026054105224851e-05 4.2110792098947057e-05 4.696006112899416e-07 2.006837899919483e-07 1.2567020152253108e-07 0.0 
1.3020761837104709e-05 4.2152889276261765e-05 4.67556239450585e-07 1.9967293247537465e-07 1.250240658514512e-07 0.0 
1.3018438416405291e-05 4.2204169453086374e-05 4.6565433218816126e-07 1.9872710188244371e-07 1.2441910743136555e-07 0.0 
1.3019177653723441e-05 4.226489186584014e-05 4.638988163912055e-07 1.9784760205740096e-07 1.2385608190999102e-07 0.0 
1.302247010004206e-05 4.233406090095385e-05 4.6223993506519604e-07 1.970112574774377e-07 1.2332036232423922e-07 0.0 
1.302833750929535e-05 4.241179426122434e-05 4.606764504352685e-07 1.9621735723603337e-07 1.2281148503207162e-07 0.0 
1.303682936347891e-05 4.24982901880354e-05 4.5920909595737963e-07 1.9546609928207738e-07 1.2232955959289736e-07 0.0 
1.3047996528942092e-05 4.2593749189357094e-05 4.5783856920426716e-07 1.9475766074967687e-07 1.2187468157292843e-07 0.0 
1.306183676034689e-05 4.269821192867882e-05 4.56562976871928e-07 1.940909485387533e-07 1.2144612685982944e-07 0.0 
1.307830952356857e-05 4.2811597051941924e-05 4.553784970537875e-07 1.9346386333559755e-07 1.2104251562725047e-07 0.0 
1.3097459618826978e-05 4.293408884556464e-05 4.54285279913658e-07 1.9287629606878233e-07 1.2066375699171683e-07 0.0 
1.3119449012434065e-05 4.30660743754618e-05 4.532926503583556e-07 1.923321260506801e-07 1.2031224831783535e-07 0.0 
1.314445050534032e-05 4.3208033557317614e-05 4.524089839883275e-07 1.9183492254911124e-07 1.199902197572699e-07 0.0 
1.3172530661355634e-05 4.3360295675826635e-05 4.516335520045198e-07 1.9138432602750322e-07 1.1969745803298596e-07 0.0 
1.3203738407716823e-05 4.352311337277491e-05 4.5096519698186483e-07 1.9097967873115773e-07 1.1943353826919607e-07 0.0 
1.3238129262540053e-05 4.369676439348846e-05 4.50402842117313e-07 1.9062035866407486e-07 1.1919805874076072e-07 0.0 
1.3275743634632224e-05 4.3881507636319816e-05 4.499445427933522e-07 1.9030539009303828e-07 1.1899039927898393e-07 0.0 
1.3316597833337343e-05 4.407756405561446e-05 4.49587609269973e-07 1.9003353139628493e-07 1.1880977861441085e-07 0.0 
1.3360802541354174e-05 4.428536495182275e-05 4.493342270643933e-07 1.8980566692352058e-07 1.1865675230680938e-07 0.0 
1.3408538451970603e-05 4.4505592454344564e-05 4.4918890793941827e-07 1.8962395389181322e-07 1.185327255962891e-07 0.0 
1.3460078719928298e-05 4.473913914907991e-05 4.4916305600447885e-07 1.8949383612961711e-07 1.1844118742492767e-07 0.0 
1.3516401271198783e-05 4.498884839631576e-05 4.493104431162971e-07 1.8944143024329354e-07 1.1839887703871378e-07 0.0 
1.357704907369846e-05 4.5253480000061286e-05 4.496018944006758e-07 1.894515567495116e-07 1.1839592723484413e-07 0.0 
1.3641860072944212e-05 4.553270810643588e-05 4.5002299481316387e-07 1.89516964731635e-07 1.1842767470238753e-07 0.0 
1.3711029279180103e-05 4.5827466870439607e-05 4.505777032548657e-07 1.8963949593778746e-07 1.1849531825220154e-07 0.0 
1.3784714406086933e-05 4.613850264571832e-05 4.512691089280826e-07 1.8982042242984371e-07 1.1859966114057024e-07 0.0 
1.386301888852667e-05 4.646607346529193e-05 4.5209971155132955e-07 1.900603835191924e-07 1.1874103087548791e-07 0.0 
1.3946087024963314e-05 4.681046723075664e-05 4.530746339987301e-07 1.9036135355572437e-07 1.1892062270547124e-07 0.0 
1.4034110005848341e-05 4.7172444115355075e-05 4.5419774525969946e-07 1.9072503614757753e-07 1.1913952690720884e-07 0.0 
1.4127268455692569e-05 4.7552700724378066e-05 4.554725082521933e-07 1.911527287596421e-07 1.193985409135739e-07 0.0 
1.42257474088483e-05 4.795193575788802e-05 4.5690254440459734e-07 1.916457544432402e-07 1.1969847050007195e-07 0.0 
1.432975355789056e-05 4.83709065930614e-05 4.5849250297304127e-07 1.9220586783551922e-07 1.2004038992649405e-07 0.0 
1.4439507650620302e-05 4.881041994940018e-05 4.6024749182617525e-07 1.9283501325180014e-07 1.2042549138349933e-07 0.0 
1.4555244308739252e-05 4.927133493848419e-05 4.6217376723496516e-07 1.935356717902083e-07 1.2085530594978318e-07 0.0 
1.4677207335681462e-05 4.9754560154608047e-05 4.642769795327837e-07 1.943100226021105e-07 1.213311737418117e-07 0.0 
1.4805667025627635e-05 5.026111050364828e-05 4.665630036168266e-07 1.9516038044108016e-07 1.218545314317308e-07 0.0 
1.4940982170572089e-05 5.0792336091501984e-05 4.690404781661759e-07 1.9609062189028762e-07 1.2242786317307006e-07 0.0 
1.5083434478148454e-05 5.1349376842297356e-05 4.717144484259647e-07 1.9710280031928156e-07 1.2305246159280645e-07 0.0 
1.5233337625927434e-05 5.193344463168466e-05 4.745912044354265e-07 1.981993776110859e-07 1.2372985517776428e-07 0.0 
1.5391091970530308e-05 5.254596332997753e-05 4.776828891735183e-07 1.9938538574343156e-07 1.2446317768060905e-07 0.0 
1.5557182370733278e-05 5.3188570262072054e-05 4.810070217726226e-07 2.006681849228369e-07 1.2525701302792455e-07 0.0 
1.5732077631210255e-05 5.386295034154581e-05 4.845755439459382e-07 2.0205259917015822e-07 1.26114360234208e-07 0.0 
1.5916264075770238e-05 5.457085541922015e-05 4.884009610221742e-07 2.0354365941609881e-07 1.2703834343765467e-07 0.0 
1.6110248957674852e-05 5.5314118936946323e-05 4.92496436225146e-07 2.0514664674209186e-07 1.280322393101386e-07 0.0 
1.6314570509788334e-05 5.609470212300602e-05 4.968757380621288e-07 2.0686708050496808e-07 1.290994723513235e-07 0.0 
1.6529808798591855e-05 5.691472079841667e-05 5.015537135255976e-07 2.0871092200870025e-07 1.3024374295635888e-07 0.0 
1.675648045547454e-05 5.7776327489096765e-05 5.065376128879961e-07 2.1068106799121874e-07 1.314668878023705e-07 0.0 
1.6995013927640548e-05 5.868140543428715e-05 5.118300300928635e-07 2.1277820187590967e-07 1.327693292962326e-07 0.0 
1.7245989299547544e-05 5.9632150424313496e-05 5.174433129732907e-07 2.1500694535562334e-07 1.3415390027213052e-07 0.0 
1.7510131662541225e-05 6.0631291236786595e-05 5.233943963940198e-07 2.1737406472543432e-07 1.3562480614962695e-07 0.0 
1.7788225007681117e-05 6.168177553067643e-05 5.297016038309105e-07 2.1988688138593617e-07 1.3718659723848712e-07 0.0 
1.8081118127751242e-05 6.278679843350176e-05 5.363847898606e-07 2.2255333509098944e-07 1.3884420919947198e-07 0.0 
1.838995837888664e-05 6.395041771009665e-05 5.434800475555975e-07 2.2538878188321317e-07 1.4060725995643704e-07 0.0 
1.8716884662434036e-05 6.517935996260083e-05 5.510823905266305e-07 2.2843531705491215e-07 1.42502210938504e-07 0.0 
1.906229482979388e-05 6.647613828086963e-05 5.591726468362507e-07 2.3168277103988259e-07 1.4452257693040926e-07 0.0 
1.9427019087136875e-05 6.784457546158547e-05 5.677535705596046e-07 2.3513152170180473e-07 1.46668615528719e-07 0.0 
1.9812398560612058e-05 6.928962831841769e-05 5.768578043055398e-07 2.3879480870889326e-07 1.489485752375887e-07 0.0 
2.0219865357630677e-05 7.081649387553303e-05 5.865202265527635e-07 2.426865927007407e-07 1.513711229350895e-07 0.0 
2.0651050507643436e-05 7.243117041686068e-05 5.967827377880543e-07 2.4682388726675683e-07 1.539468486746334e-07 0.0 
2.110777183640176e-05 7.414018316435165e-05 6.076938809290359e-07 2.512263201454682e-07 1.566879477740524e-07 0.0 
2.1591935421455654e-05 7.595066546925724e-05 6.19300366796527e-07 2.559128045472646e-07 1.5960620006441878e-07 0.0 
2.2105631006847786e-05 7.787041662435777e-05 6.316532307019602e-07 2.609039808720687e-07 1.627144561861478e-07 0.0 
2.2651171936502383e-05 7.990805977667965e-05 6.448092966460691e-07 2.662228868908596e-07 1.6602706582152392e-07 0.0 
2.3232309816089715e-05 8.207723385191106e-05 6.588789731992509e-07 2.7191895446948716e-07 1.6957542078699917e-07 0.0 
2.385181548372377e-05 8.438827901442886e-05 6.739299325352996e-07 2.7801898369392276e-07 1.7337610748407864e-07 0.0 
2.4511843686438064e-05 8.684954020949418e-05 6.900002738651434e-07 2.845351425078722e-07 1.7743630913549699e-07 0.0 
2.5215848958101486e-05 8.947391678150033e-05 7.07174412850621e-07 2.9150163740960575e-07 1.817773332123816e-07 0.0 
2.5967705193218467e-05 9.227586705785933e-05 7.255474431612967e-07 2.9895709032400234e-07 1.8642324752228684e-07 0.0 
2.6771731297609913e-05 9.52715144517343e-05 7.452253116137575e-07 3.069445291080971e-07 1.914008655831864e-07 0.0 
2.7632753663207975e-05 9.847888176579996e-05 7.663263311989768e-07 3.1551200108130114e-07 1.9674012891322184e-07 0.0 
2.8556179029494692e-05 0.00010191816452340626 7.889829441711494e-07 3.2471328786839545e-07 2.024745524431466e-07 0.0 
2.9548070542508527e-05 0.00010561203634845027 8.13343473118692e-07 3.346086528234831e-07 2.0864169535499665e-07 0.0 
3.0615301283972154e-05 0.0001095863088563574 8.39575501572974e-07 3.4526654702271995e-07 2.1528428387045206e-07 0.0 
3.176572556481535e-05 0.00011387037131674502 8.678722268214203e-07 3.567660052901599e-07 2.2245165904193236e-07 0.0 
3.300823944451098e-05 0.00011849749957108653 8.984529879006922e-07 3.6919678646791946e-07 2.3019985280358524e-07 0.0 
3.4352863306811705e-05 0.00012350528779149893 9.315618861001188e-07 3.8265849426279303e-07 2.3859102141020643e-07 0.0 
3.5810974083596875e-05 0.00012893643181311677 9.67475878992444e-07 3.972640678400105e-07 2.476956345346846e-07 0.0 
3.739558746415829e-05 0.00013483974512764756 1.0065122509808127e-06 4.1314273989874276e-07 2.575942986588525e-07 0.0 
3.9122000809580995e-05 0.00014127219772137748 1.0490550865685168e-06 4.3045158339693676e-07 2.6838501172276225e-07 0.0 
4.100749862200806e-05 0.00014829860904658516 1.095526562305004e-06 4.493627966485196e-07 2.8017521372280774e-07 0.0 
4.3071985046466414e-05 0.00015599374058689262 1.1464096627125928e-06 4.7007313607414886e-07 2.930876488726415e-07 0.0 
4.533854837151346e-05 0.00016444435486157692 1.2022639934118857e-06 4.928105648083969e-07 3.0726453218491803e-07 0.0 
4.783407777849141e-05 0.00017375158813620872 1.26374052461219e-06 5.178403000593861e-07 3.228713312982672e-07 0.0 
5.059002587027167e-05 0.00018403380690408384 1.3316009555986817e-06 5.454726754719836e-07 3.401016647778497e-07 0.0 
5.3643939718625575e-05 0.00019543049420025731 1.4067839267235986e-06 5.76089220749223e-07 3.5919326019566805e-07 0.0 
5.7039741761821935e-05 0.00020810593912563597 1.4903650413010271e-06 6.101274200364336e-07 3.8041887756603656e-07 0.0 
6.0829046002702566e-05 0.0002222543032681702 1.58358942915071e-06 6.480938768499476e-07 4.0409450782052707e-07 0.0 
6.507294028861825e-05 0.00023810609812421985 1.6879257660549005e-06 6.905861731448218e-07 4.3059292067856333e-07 0.0 
6.984484497951315e-05 0.00025593808424152065 1.8051386651365106e-06 7.383222262525503e-07 4.603619474251923e-07 0.0 
7.523309595352948e-05 0.0002760839882106453 1.9373452292387673e-06 7.921640918469862e-07 4.939394846382691e-07 0.0 
8.134421738241196e-05 0.000298946665467826 2.0870967326230934e-06 8.53150567887687e-07 5.319737106093736e-07 0.0 
8.830813766832906e-05 0.0003250162836045803 2.2575098998396655e-06 9.225492386086668e-07 5.752553112063586e-07 0.0 
9.628376280227256e-05 0.00035489269463867296 2.452390460551891e-06 1.0019077255942392e-06 6.247496614447951e-07 0.0 
0.0001054664716821494 0.00038931405556126526 2.676409049082239e-06 1.0931252372320666e-06 6.816414848117889e-07 0.0 
0.0001160977784295129 0.0004291934112042857 2.935328212706085e-06 1.198544566194055e-06 7.473922187390289e-07 0.0 
0.00012847781177895254 0.000475666159141545 3.236294606308453e-06 1.3210706585440103e-06 8.238139798455672e-07 0.0 
0.000142982123092319 0.0005301529312360698 3.588262834205585e-06 1.4643438533755478e-06 9.131776058408121e-07 0.0 
0.00016008193016044716 0.0005944365176850885 4.002475014727403e-06 1.6329344904668725e-06 1.0183340223243419e-06 0.0 
0.00018036665169765044 0.0006707499648857668 4.492919565155723e-06 1.8325260508923734e-06 1.1428285115598831e-06 0.0 
0.0002045763196786526 0.0007618953945862949 5.077246023793809e-06 2.070303814028039e-06 1.2911445543109823e-06 0.0 
0.00023361043371936298 0.0008712823090602104 5.776853716838497e-06 2.3549762926889273e-06 1.4687158944624642e-06 0.0 
0.00026846711772266526 0.0010027178740948444 6.614920191762039e-06 2.695932424979122e-06 1.681398439960507e-06 0.0 
0.000310081282234992 0.001159791511711706 7.612899117117334e-06 3.1018797765501917e-06 1.934627049393709e-06 0.0 
0.0003587370978823464 0.0013436864549313283 8.776004512867587e-06 3.5749433187820275e-06 2.2297374641557e-06 0.0 
0.00041264443036384476 0.0015478058965245028 1.0058684156009061e-05 4.09650441915539e-06 2.555118208779713e-06 0.0 
0.00046558119727018924 0.0017488783199295457 1.1308425159885246e-05 4.604438817833244e-06 2.8720237059537897e-06 0.0 
0.0005050844215671489 0.0019000360454807413 1.2223831027121596e-05 4.976090966601057e-06 3.1039487966023743e-06 0.0 
0.0005160843244288411 0.0019443168042907486 1.2444986595356059e-05 5.065093748672926e-06 3.1595864639061193e-06 0.0 
0.0004919052098930226 0.0018560633251285482 1.1818954879565984e-05 4.8093958257729045e-06 3.0002092617086855e-06 0.0 
0.0004410320021301176 0.001666713457200754 1.0558111152938985e-05 4.295580554330684e-06 2.679802397691712e-06 0.0 
0.00037947280454679307 0.0014363532193457744 9.051296362281546e-06 3.681926927383445e-06 2.297085940376868e-06 0.0 
0.0003196735332077273 0.0012119436496740943 7.597096990997255e-06 3.0898961393086824e-06 1.927827008365949e-06 0.0 
0.0002673467657304972 0.001015189886819053 6.3303108482934755e-06 2.574276373982619e-06 1.6062092311499076e-06 0.0 
0.00022369080416926842 0.0008507776714073485 5.277234843089569e-06 2.1457143327668773e-06 1.3388814148534343e-06 0.0 
0.00018795250647569 0.0007159943663206935 4.417880989092975e-06 1.7960396839558497e-06 1.1207527544801492e-06 0.0 
0.0001588401875065409 0.0006060565826059688 3.719917924331584e-06 1.5120729389122255e-06 9.436060161352255e-07 0.0 
0.000135087783748374 0.0005162478127440612 3.1520731349387315e-06 1.2810752772723475e-06 7.994976255108419e-07 0.0 
0.0001156209738310519 0.0004425541094483336 2.6879775607205593e-06 1.092307796592795e-06 6.817304894486421e-07 0.0 
9.957402679393612e-05 0.00038173466722955037 2.3064579171672437e-06 9.3714728361909e-07 5.849264241166067e-07 0.0 
8.626344252563819e-05 0.0003312275008719172 1.9908483941597136e-06 8.08807622497258e-07 5.048529151936272e-07 0.0 
7.515270481296696e-05 0.00028901941413123745 1.7281014249045614e-06 7.019770550849229e-07 4.3819695702467875e-07 0.0 
6.58203970119024e-05 0.0002535274619208109 1.5079930625921385e-06 6.124939087442485e-07 3.8236280608604045e-07 0.0 
5.793443815135705e-05 0.00022350281245641997 1.3224868618523508e-06 5.370871826331928e-07 3.353101681264e-07 0.0 
5.1231970227285995e-05 0.0001979557267829201 1.165239187453783e-06 4.731750202244903e-07 2.954285157484748e-07 0.0 
4.55035678093138e-05 0.0001760972381936142 1.0311994599302019e-06 4.1870200965617873e-07 2.614357158347059e-07 0.0 
4.058151108543353e-05 0.00015729501820863355 9.163294509185855e-07 3.720248993520928e-07 2.3230672135220197e-07 0.0 
3.633081275048662e-05 0.00014103969582700593 8.173856728088578e-07 3.3182392711708046e-07 2.0721824852634248e-07 0.0 
3.264224000867683e-05 0.0001269187151341408 7.317491116173645e-07 2.9703351284310784e-07 1.855055532737433e-07 0.0 
2.9426854451489207e-05 0.00011459591551727166 6.572912807210475e-07 2.6678775857639193e-07 1.666284508344648e-07 0.0 
2.6611917094297296e-05 0.00010379608856944897 5.922768420299738e-07 2.4038095152266565e-07 1.501466859530893e-07 0.0 
2.4137588854408176e-05 9.42925912191964e-05 5.35281285663894e-07 2.1723376807122166e-07 1.3569883211712727e-07 0.0 
2.1954211631617853e-05 8.589737184960115e-05 4.851206727288569e-07 1.9686458251587316e-07 1.2298440771887051e-07 0.0 
2.0020492087295796e-05 7.845394367333422e-05 4.4081230732125815e-07 1.7887368219031957e-07 1.1175403170778402e-07 0.0 
1.830192318497917e-05 7.183144084520001e-05 4.01536523250851e-07 1.6292770603715992e-07 1.0179971625367013e-07 0.0 
1.6769531919796863e-05 6.591990587955132e-05 3.666063696114373e-07 1.4874730136042544e-07 9.294716701495408e-08 0.0 
1.539888059622656e-05 6.0626528290662164e-05 3.3544347595336745e-07 1.3609729765366684e-07 8.504965345143748e-08 0.0 
1.4169277386353136e-05 5.5872651622598406e-05 3.075593077865846e-07 1.2477907640380355e-07 7.798324727749993e-08 0.0 
1.306312686848292e-05 5.159133342544897e-05 2.825395083157399e-07 1.1462420195995644e-07 7.164285009631368e-08 0.0 
1.206537826072794e-05 4.77253201966964e-05 2.6002955743808545e-07 1.0548858668261095e-07 6.593856008541182e-08 0.0 
1.116330771146343e-05 4.422653490799963e-05 2.3972987447290433e-07 9.725114455861608e-08 6.07949229829099e-08 0.0 
1.0345946010814525e-05 4.105345098085336e-05 2.213827783986079e-07 8.980759026756536e-08 5.614692759109552e-08 0.0 
9.603360127565851e-06 3.8167584116905265e-05 2.0475606376591538e-07 8.306245226582557e-08 5.1934840582906975e-08 0.0 
8.927533926680876e-06 3.5538320364069e-05 1.8966493359140883e-07 7.694122380441675e-08 4.8112228673895284e-08 0.0 
8.311367925982211e-06 3.313857567961989e-05 1.7594448835200455e-07 7.137706938398348e-08 4.463739934512546e-08 0.0 
7.748089496987762e-06 3.0942434002694686e-05 1.6343318179357998e-07 6.630352670880643e-08 4.1468792819543246e-08 0.0 
7.232183989160393e-06 2.892875382509099e-05 1.5200302414694957e-07 6.166854247812135e-08 3.8573915988374855e-08 0.0 
6.7588228874744e-06 2.707908585130105e-05 1.415419096154377e-07 5.7426634725770815e-08 3.5924392052267475e-08 0.0 
6.323757943435673e-06 2.5377192858095085e-05 1.3195139395909812e-07 5.3537879182213315e-08 3.349531238811833e-08 0.0 
5.923359230074156e-06 2.3809035446628243e-05 1.2315014371140717e-07 4.996928905749019e-08 3.126607855772175e-08 0.0 
5.554413799504223e-06 2.236215135214028e-05 1.1506621014426172e-07 4.6691598275231256e-08 2.9218404521327273e-08 0.0 
5.213929571522819e-06 2.1025118122050562e-05 1.076293168020797e-07 4.367628119279887e-08 2.7334495000582475e-08 0.0 
4.899256568193211e-06 1.978780844550529e-05 1.0077748494244703e-07 4.089821405092684e-08 2.5598679925252327e-08 0.0 
4.608024962364241e-06 1.864119104212099e-05 9.445525970997e-08 3.8334911852379234e-08 2.39969352509556e-08 0.0 
4.338114838892336e-06 1.7577172545643715e-05 8.86131183457689e-08 3.596628441667564e-08 2.251672828334334e-08 0.0 
4.08760231792258e-06 1.6588441180622933e-05 8.32061417900782e-08 3.3774160368863195e-08 2.114672960868503e-08 0.0 
3.8547439573019925e-06 1.5668363205720646e-05 7.819343149915853e-08 3.174197570222088e-08 1.987661147378353e-08 0.0 
3.638042620008689e-06 1.4811187245219846e-05 7.354069967907246e-08 2.9855845841712746e-08 1.8697712106469107e-08 0.0 
3.4361530222836255e-06 1.4011721785263257e-05 6.921734522642918e-08 2.810334817446284e-08 1.7602276095546196e-08 0.0 
3.2478587368183373e-06 1.326526710622272e-05 6.519573075525245e-08 2.647325487779731e-08 1.658329256065578e-08 0.0 
3.072060740779811e-06 1.2567574787580864e-05 6.145092252996442e-08 2.4955437756490046e-08 1.563443719424909e-08 0.0 
2.907764396419299e-06 1.1914797831179736e-05 5.7960387928479114e-08 2.3540745090466143e-08 1.474999537178133e-08 0.0 
2.754068058346173e-06 1.1303447000655864e-05 5.470373095236581e-08 2.2220893980022824e-08 1.3924794937566824e-08 0.0 
2.6101530827031156e-06 1.0730352518848348e-05 5.1662460521584596e-08 2.0988376043506457e-08 1.3154147326888391e-08 0.0 
2.4752790452771656e-06 1.019263869903288e-05 4.882000176986585e-08 1.983645864816427e-08 1.243384718177002e-08 0.0 
2.3487853775766364e-06 9.687715544364773e-06 4.616176917481024e-08 1.875920541819366e-08 1.1760183854140483e-08 0.0 
2.23005751740523e-06 9.21319424013099e-06 4.367394862222759e-08 1.7751005865030944e-08 1.112965335437451e-08 0.0 
2.1185288538995758e-06 8.766875403180206e-06 4.1343765834653254e-08 1.6806673690683306e-08 1.0539017094963808e-08 0.0 
2.0136807466866364e-06 8.34674439444179e-06 3.915954619405546e-08 1.592146877842781e-08 9.985314948547612e-09 0.0 
1.9150356508139676e-06 7.950947961903363e-06 3.711053640378757e-08 1.5091027240375974e-08 9.46582210504879e-09 0.0 
1.822157573068229e-06 7.577795436919895e-06 3.518694367934684e-08 1.4311377199022416e-08 8.978058717793024e-09 0.0 
1.734655182679904e-06 7.225759957554288e-06 3.337998930799922e-08 1.3578956020394945e-08 8.51979990136972e-09 0.0 
1.6521638027819902e-06 6.893422248226475e-06 3.168151300090381e-08 1.2890452848719062e-08 8.088978030653916e-09 0.0 
1.5743408431793975e-06 6.579456514388426e-06 3.008385425719252e-08 1.2242763295993054e-08 7.683654911760492e-09 0.0 
1.500864155774356e-06 6.2826565562222195e-06 2.857975944011426e-08 1.1632984357874195e-08 7.302023525792505e-09 0.0 
1.4314619166491172e-06 6.002053668730189e-06 2.7163104561476022e-08 1.1058724967430005e-08 6.942604299682069e-09 0.0 
1.3658430366561576e-06 5.736435882821735e-06 2.5827433079558876e-08 1.0517280454079345e-08 6.603695447150986e-09 0.0 
1.3037669599359786e-06 5.4848300792749705e-06 2.4567564379452518e-08 1.0006529818308755e-08 6.28396832355957e-09 0.0 
1.2450126086831593e-06 5.246372845851877e-06 2.337866212609694e-08 9.524518084412489e-09 5.982202306499604e-09 0.0 
1.1893692553629722e-06 5.020244182292981e-06 2.2256050006033664e-08 9.06934991344755e-09 5.697213868717172e-09 0.0 
1.1366425893921081e-06 4.805686959995033e-06 2.1195441546036485e-08 8.639288723302909e-09 5.4279185646699915e-09 0.0 
1.0866553571800037e-06 4.602003927920776e-06 2.019302178113165e-08 8.232789166822501e-09 5.1733506643446075e-09 0.0 
1.039244904538565e-06 4.408564686705389e-06 1.9245210814992294e-08 7.84841373419905e-09 4.932613917883996e-09 0.0 
9.942973478242841e-07 4.224971438151404e-06 1.8349569249872616e-08 7.485266007514038e-09 4.705159812403823e-09 0.0 
9.516358793846395e-07 4.050500032764011e-06 1.7502126916346068e-08 7.141665929464118e-09 4.489930349326927e-09 0.0 
9.111024351074002e-07 3.884508056940575e-06 1.669935412404875e-08 6.816140850463426e-09 4.286000777032984e-09 0.0 
8.725720397708695e-07 3.7265065965304527e-06 1.5938503295857215e-08 6.5075784916596065e-09 4.0926764965457815e-09 0.0 
8.359282419627163e-07 3.576039646977653e-06 1.5217021155963488e-08 6.214945308234983e-09 3.909312043980751e-09 0.0 
8.010624492413085e-07 3.4326815702627187e-06 1.4532533164858871e-08 5.937280176408005e-09 3.735307152510789e-09 0.0 
7.678733217580052e-07 3.296034773959178e-06 1.3882829350262862e-08 5.673688647076582e-09 3.570103167704626e-09 0.0 
7.362662186207601e-07 3.1657275907830146e-06 1.3265851395391742e-08 5.423337709803717e-09 3.4131797811345314e-09 0.0 
7.061538439514239e-07 3.041414913303725e-06 1.2679730638512213e-08 5.185470026020071e-09 3.26406362642229e-09 0.0 
6.774549046614548e-07 2.922774522210241e-06 1.2122733709815825e-08 4.959382981830777e-09 3.1223154793187896e-09 0.0 
6.500921948204358e-07 2.809504103492054e-06 1.1593188412579398e-08 4.7444020975039e-09 2.987514315970512e-09 0.0 
6.239945790849152e-07 2.7013268074346107e-06 1.1089562095059286e-08 4.53991320054723e-09 2.859277252293246e-09 0.0 
5.990976280764735e-07 2.597988386555061e-06 1.061050538221776e-08 4.3453761420077836e-09 2.7372673072278996e-09 0.0 
5.753431975401967e-07 2.4992573191211505e-06 1.0154830397998414e-08 4.160314668084911e-09 2.621187018751561e-09 0.0 
5.526714807078119e-07 2.404896744987696e-06 9.72125498948202e-09 3.984208251504241e-09 2.5107109141759874e-09 0.0 
5.31026088303159e-07 2.3146833601668014e-06 9.308571184046682e-09 3.816566560511646e-09 2.40553241843565e-09 0.0 
5.103539985916597e-07 2.228407075531769e-06 8.915645768190348e-09 3.6569297415734673e-09 2.3053640158305354e-09 0.0 
4.906053256942579e-07 2.1458699941566476e-06 8.541414797311038e-09 3.5048660204125888e-09 2.209935722389674e-09 0.0 
4.717331030689823e-07 2.0668849967181013e-06 8.184883764529352e-09 3.359971494253422e-09 2.1189948934485197e-09 0.0 
4.5368919087481394e-07 1.991261062805039e-06 7.845024747387425e-09 3.2218285901523666e-09 2.0322804210828896e-09 0.0 
4.3642547593423377e-07 1.9188095552648814e-06 7.520780019127232e-09 3.090008824374053e-09 1.9495247662673703e-09 0.0 
4.1990281167608627e-07 1.8493746669854881e-06 7.211323762748412e-09 2.964177832447561e-09 1.8705188981948954e-09 0.0 
4.0408427831268185e-07 1.7828092965710465e-06 6.915880209560581e-09 2.8440215265132115e-09 1.7950664459299457e-09 0.0 
3.889410640973743e-07 1.7189976405575678e-06 6.633937086578755e-09 2.729334669331838e-09 1.7230389034527856e-09 0.0 
3.744510570927314e-07 1.6578575372033979e-06 6.365157996428641e-09 2.619990447299331e-09 1.654357677458932e-09 0.0 
3.6057873005472856e-07 1.5992317170145887e-06 6.108753326977953e-09 2.5156547162667776e-09 1.588811912197492e-09 0.0 
3.4729121271917045e-07 1.542986708134347e-06 5.863992267298513e-09 2.4160285986090995e-09 1.5262145573499529e-09 0.0 
3.3455839652284835e-07 1.489005079850883e-06 5.630208725064769e-09 2.3208435532030203e-09 1.4663980905608626e-09 0.0 
3.2235152351890873e-07 1.4371747944859382e-06 5.4067688115643605e-09 2.2298443912976095e-09 1.409203345414963e-09 0.0 
3.1064151359536947e-07 1.3873847668846936e-06 5.193034101908287e-09 2.1427768648056075e-09 1.354472065798821e-09 0.0 
2.9940463509202867e-07 1.3395402570486301e-06 4.988512793856127e-09 2.059442261773187e-09 1.302080015156462e-09 0.0 
2.886191495041692e-07 1.293553509348755e-06 4.792760243176872e-09 1.979660179480626e-09 1.2519142730145384e-09 0.0 
2.7826445884718015e-07 1.2493413255269482e-06 4.605355965286353e-09 1.9032600536055065e-09 1.203868075812711e-09 0.0 
2.6832103773207847e-07 1.2068247948871787e-06 4.425902162764981e-09 1.8300805564410932e-09 1.1578404402621508e-09 0.0 
2.587703699905282e-07 1.1659290424910354e-06 4.254022352983545e-09 1.7599690361478504e-09 1.1137358123912467e-09 0.0 
2.495953619369772e-07 1.1265841615819036e-06 4.089374465237618e-09 1.6927863206220885e-09 1.0714669811247983e-09 0.0 
2.4078703079301353e-07 1.0887648709922696e-06 3.931801608314808e-09 1.62848268252524e-09 1.0310044866392282e-09 0.0 
2.323320717639612e-07 1.0524207122471539e-06 3.781043785108305e-09 1.5669567754149714e-09 9.922853120310823e-10 0.0 
2.242089082511579e-07 1.017448786174609e-06 3.636658423293531e-09 1.5080130530768044e-09 9.551849758883148e-10 0.0 
2.1640229337406345e-07 9.83786778831328e-07 3.4983333579290813e-09 1.451524216938652e-09 9.196237161365599e-10 0.0 
2.0889819069234744e-07 9.513783811424301e-07 3.365782103003598e-09 1.3973744982627246e-09 8.855291248320709e-10 0.0 
2.0168326933329983e-07 9.201700491864736e-07 3.2387333303810993e-09 1.3454542552879562e-09 8.528326210035221e-10 0.0 
1.9474486402766375e-07 8.901108516206143e-07 3.116929981696645e-09 1.2956596173711793e-09 8.214692292353295e-10 0.0 
1.8807093766631558e-07 8.611523233141133e-07 3.000128423824435e-09 1.2478921377954916e-09 7.913773619337196e-10 0.0 
1.8165006550685206e-07 8.332489596969166e-07 2.8880985063481094e-09 1.2020594599275218e-09 7.624993213745294e-10 0.0 
1.7547164570244684e-07 8.063583259577894e-07 2.780635419403284e-09 1.15807954283197e-09 7.347838144091544e-10 0.0 
1.6952537376783437e-07 7.80438418834224e-07 2.677535087515814e-09 1.1158695927948074e-09 7.081789690690273e-10 0.0 
1.6380127394719733e-07 7.554487723081841e-07 2.578596141276899e-09 1.0753480502517497e-09 6.826337304889881e-10 0.0 
1.5829009159875481e-07 7.313515533109049e-07 2.4836354933658247e-09 1.0364406926435184e-09 6.58101601280893e-10 0.0 
1.529830110520937e-07 7.081108551375558e-07 2.392485033261545e-09 9.990799334033911e-10 6.345402614109597e-10 0.0 
1.478710124422106e-07 6.856905035194487e-07 2.3049613172137587e-09 9.631920969335318e-10 6.119036747457423e-10 0.0 
1.4294602619027735e-07 6.640579845717811e-07 2.220901543840365e-09 9.287119562169156e-10 5.901510969213468e-10 0.0 
1.3820006578034748e-07 6.431807841504576e-07 2.140144839199661e-09 8.955743423890578e-10 5.692417300921711e-10 0.0 
1.3362558167042538e-07 6.230297632360309e-07 2.062541560568681e-09 8.637201439945394e-10 5.491388120465311e-10 0.0 
1.2921582601356543e-07 6.035786956700989e-07 1.987961596050876e-09 8.330980910759533e-10 5.298104507428479e-10 0.0 
1.2496642568035342e-07 5.848054916768958e-07 1.9163316720501654e-09 8.036759485475462e-10 5.112359095364073e-10 0.0 
1.2087146643915733e-07 5.666853148313208e-07 1.8475358817802468e-09 7.754062963240745e-10 4.933854020736654e-10 0.0 
1.1692515397299014e-07 5.491939839696405e-07 1.7814593031911831e-09 7.482422109724569e-10 4.762294907796658e-10 0.0 
1.1312172258200774e-07 5.323077615151217e-07 1.7179874568474143e-09 7.221371430584652e-10 4.597389989757049e-10 0.0 
1.0945562441499519e-07 5.160037600618e-07 1.6570106008603994e-09 6.970464819776911e-10 4.4388596483888204e-10 0.0 
1.0592150771387115e-07 5.002600242812346e-07 1.5984230573896485e-09 6.729273311768755e-10 4.2864350708599015e-10 0.0 
1.0251370453930443e-07 4.850529945434001e-07 1.5421117158816166e-09 6.497335078712713e-10 4.1398266593902043e-10 0.0 
9.922576472454462e-08 4.703553056250815e-07 1.487945715495352e-09 6.274111334955822e-10 3.9986962605095284e-10 0.0 
9.605217988498244e-08 4.5614524641402164e-07 1.435816448814516e-09 6.059168444325123e-10 3.8627730529576755e-10 0.0 
9.298733705162544e-08 4.424012636929099e-07 1.3856136911038707e-09 5.852070472850705e-10 3.7317852731513956e-10 0.0 
9.002702667257462e-08 4.2910585351640475e-07 1.3372571253404048e-09 5.65249133162951e-10 3.6055283783584384e-10 0.0 
8.716723743155107e-08 4.162422974275447e-07 1.2906704873671389e-09 5.460121256377901e-10 3.4838080284404794e-10 0.0 
8.440413129793584e-08 4.037945835113357e-07 1.245781033000681e-09 5.274664795115936e-10 3.366438846813327e-10 0.0 
8.173403516107784e-08 3.9174737287551204e-07 1.20251935879692e-09 5.095840078149042e-10 3.2532439637618096e-10 0.0 
7.915369074534175e-08 3.800879987452601e-07 1.1608256853393119e-09 4.92341363526916e-10 3.144078046096033e-10 0.0 
7.666093231254791e-08 3.6881356161425176e-07 1.1206634914794586e-09 4.757289456031304e-10 3.038887932246831e-10 0.0 
7.425183301712998e-08 3.5790319742398525e-07 1.0819584370108395e-09 4.5971285861083627e-10 2.937455710169073e-10 0.0 
7.192303059658152e-08 3.4733957899134157e-07 1.0446500212088926e-09 4.4426601945794933e-10 2.839607699592766e-10 0.0 
6.96717778909205e-08 3.3711112973192614e-07 1.0086886235609826e-09 4.293682720434664e-10 2.7452172453548135e-10 0.0 
6.749743303124482e-08 3.272136405994556e-07 9.740795487170208e-10 4.1502106410027034e-10 2.6542911305781324e-10 0.0 
6.539766418464192e-08 3.1763767905161065e-07 9.407821092770624e-10 4.0120829736382003e-10 2.566728613883386e-10 0.0 
6.336959446733284e-08 3.0837239068495837e-07 9.087385447048001e-10 3.8790749174674794e-10 2.4823902056718186e-10 0.0 
6.14101285367647e-08 2.9940518009877986e-07 8.778860736460602e-10 3.7509329115330284e-10 2.401117341452136e-10 0.0 
5.951638094621461e-08 2.9072407970152176e-07 8.481672481314714e-10 3.62742348137264e-10 2.3227637557318465e-10 0.0 
5.768519721655446e-08 2.823162706484539e-07 8.195198999517422e-10 3.508297397108199e-10 2.247173672137455e-10 0.0 
5.591388048925802e-08 2.7417057935084847e-07 7.918925861128579e-10 3.393347534257114e-10 2.174217344173401e-10 0.0 
5.420030267627725e-08 2.6627814503870265e-07 7.652466050634767e-10 3.282418713823498e-10 2.1037976976346655e-10 0.0 
5.254241764494394e-08 2.5863027989516886e-07 7.395444547836342e-10 3.1753581761493985e-10 2.0358187420889665e-10 0.0 
5.093825525450095e-08 2.512183618866013e-07 7.147495451643882e-10 3.072013359763961e-10 1.9701839967168996e-10 0.0 
4.938592542438699e-08 2.4403432541835583e-07 6.908273456580521e-10 2.9722432270409245e-10 1.9068047541864552e-10 0.0 
4.7883611457083515e-08 2.3707042322208157e-07 6.677447785311961e-10 2.8759128386935797e-10 1.8455961629448304e-10 0.0 
4.6429571456591415e-08 2.3031935791672296e-07 6.454703989450696e-10 2.782895726666011e-10 1.7864789048065326e-10 0.0 
4.502212456031559e-08 2.237740850830037e-07 6.239738725836108e-10 2.6930698526097536e-10 1.729376435139422e-10 0.0 
4.3659633109267555e-08 2.17427566644178e-07 6.032254992243973e-10 2.6063136104186357e-10 1.674212218215995e-10 0.0 
4.234068569731507e-08 2.1127352805892655e-07 5.83199588183428e-10 2.5225207392497645e-10 1.6209192265884327e-10 0.0 
4.106413577085623e-08 2.053065760796376e-07 5.638750736492842e-10 2.4416025656639544e-10 1.5694413182228408e-10 0.0 
3.9828454013563754e-08 1.9952021472653998e-07 5.452248000384594e-10 2.36344837277487e-10 1.5197088365311712e-10 0.0 
3.8632130223079586e-08 1.9390807599161213e-07 5.272221835327234e-10 2.2879500979361076e-10 1.4716538215993447e-10 0.0 
3.74739764117326e-08 1.8846555743049973e-07 5.098466223645401e-10 2.2150282716965887e-10 1.425226783756303e-10 0.0 
3.635297533043809e-08 1.8318866938476782e-07 4.930814875772133e-10 2.1446189144644632e-10 1.3803877945388085e-10 0.0 
3.5267934571724205e-08 1.7807226362743535e-07 4.769059100407001e-10 2.0766368249753355e-10 1.3370831680843583e-10 0.0 
3.421762625605679e-08 1.7311107247563737e-07 4.6129776627083746e-10 2.0109915744860588e-10 1.2952559917545516e-10 0.0 
