0.0009566622896779437 
0.0009300751236991339 
0.0009043192203612218 
0.0008793724582468402 
0.0008552066720555714 
0.0008317874400579691 
0.0008090901712077773 
0.000787088492342206 
0.0007657568221968267 
0.0007450717476191739 
0.0007250167476044507 
0.0007055767259963303 
0.0006867325968273859 
0.000668467364142401 
0.000650753325699933 
0.0006335673906422109 
0.0006168915865706861 
0.0006007086199820472 
0.0005850044388718823 
0.000569822224283531 
0.0005551424804328642 
0.0005408829573001742 
0.0005270281304599226 
0.0005135649338351744 
0.000500480698307675 
0.00048776449696409283 
0.0004754058821859049 
0.0004633989953755324 
0.00045173555570097903 
0.00044040356658973793 
0.00042939150329052915 
0.0004186886007671165 
0.00040831974117502937 
0.00039828227788346864 
0.0003885551779107076 
0.00037911918840873433 
0.0003699476288026429 
0.0003610316138870713 
0.0003523638462764732 
0.0003439352396804735 
0.00033574078868016426 
0.00032777659062178477 
0.00032003430422013033 
0.0003125062024423795 
0.0003051871559231725 
0.0002980712606664413 
0.0002911530365589952 
0.00028442568900601266 
0.0002778830985940957 
0.00027152024352077687 
0.0002653313915782465 
0.00025931256080585866 
0.00025346066221754746 
0.00024777047603207207 
0.00024223697048133893 
0.00023685272129294154 
0.00023161319723029758 
0.0002265137745181985 
0.00022154734624913678 
0.00021670990090559303 
0.0002119977902665787 
0.00020740748562786133 
0.00020293564223256472 
0.00019857895883201176 
0.00019433421098331862 
0.00019019898707732616 
0.00018617086117769232 
0.00018224494796846406 
0.00017841847291315778 
0.00017469563473267 
0.00017109226415257608 
0.00016759791931996696 
0.00016419036818587392 
0.00016086906595473284 
0.00015763115510216764 
0.00015447373092738586 
0.0001513940872354143 
0.0001483893195326529 
0.00014545678948796635 
0.00014259493898936896 
0.00013980177025181578 
0.00013707523774275727 
0.00013441403283588957 
0.00013181888231177197 
0.00012928831660392878 
0.0001268205005025956 
0.00012441366149803 
0.00012206608164364865 
0.00011977609245763119 
0.00011754213661909641 
0.00011536722146443091 
0.00011326005177550295 
0.00011120761139159277 
0.00010920630074894189 
0.00010725460075810446 
0.0001053498386746067 
0.00010349026391686789 
0.00010167421877816921 
9.990038691730783e-05 
9.816829760149905e-05 
9.64771921819264e-05 
9.482628302259748e-05 
9.321601103946209e-05 
9.164819200009365e-05 
9.01224220944036e-05 
8.863654728000491e-05 
8.718804909976692e-05 
8.577583503955764e-05 
8.439889185466012e-05 
8.305622068327108e-05 
8.174584817006119e-05 
8.04662327775729e-05 
7.921644455992946e-05 
7.799558333126361e-05 
7.6802753853616e-05 
7.563681044122724e-05 
7.449679018245072e-05 
7.338183445583591e-05 
7.22955884505833e-05 
7.12423710960311e-05 
7.021548529495417e-05 
6.921411319543487e-05 
6.823793408187488e-05 
6.728697186789552e-05 
6.636128553088097e-05 
6.546040810499538e-05 
6.458326144630002e-05 
6.372825931129433e-05 
6.289471911427224e-05 
6.208222351110355e-05 
6.129048899460444e-05 
6.051905732254059e-05 
5.9767294480248745e-05 
5.903445081181277e-05 
5.8320084517544694e-05 
5.762379745850764e-05 
5.694581563196465e-05 
5.628610658070856e-05 
5.5644091783241995e-05 
5.501908809500897e-05 
5.441121623540277e-05 
5.382024131514188e-05 
5.3245838994731155e-05 
5.268769734555544e-05 
5.21454250697276e-05 
5.162360940307716e-05 
5.1122253362462855e-05 
5.0636146598972024e-05 
5.01649144636569e-05 
4.9708380495560406e-05 
4.9266366552679274e-05 
4.88384142493138e-05 
4.8423859603227975e-05 
4.8022484675531435e-05 
4.7634929570887e-05 
4.726175974802589e-05 
4.690269476774024e-05 
4.6557391184758355e-05 
4.622552143393379e-05 
4.590668042741267e-05 
4.560039188415942e-05 
4.530665364455518e-05 
4.502572987287927e-05 
4.475850506210845e-05 
4.4509884551740045e-05 
4.427661538826655e-05 
4.4057043829465815e-05 
4.385131564249913e-05 
4.365944979133943e-05 
4.3481343686849324e-05 
4.331714204918226e-05 
4.316693947208209e-05 
4.303075536855331e-05 
4.290860823225494e-05 
4.2800594045028355e-05 
4.2706836026031194e-05 
4.262753333143419e-05 
4.256282657025618e-05 
4.251287808561783e-05 
4.247812582866925e-05 
4.24586414814935e-05 
4.245457177570723e-05 
4.246649803331481e-05 
4.249538238687562e-05 
4.254174739664489e-05 
4.26061187284394e-05 
4.26890305143966e-05 
4.279102622325033e-05 
4.2912693582057176e-05 
4.305405109521113e-05 
4.321469777002862e-05 
4.3394890845873074e-05 
4.359522624469907e-05 
4.3816346079119106e-05 
4.4058941762526894e-05 
4.432483244179939e-05 
4.462001843722165e-05 
4.4941983614752116e-05 
4.52898681541237e-05 
4.5664824455874246e-05 
4.60680163859455e-05 
4.650095222572849e-05 
4.696541440833179e-05 
4.7462888454569884e-05 
4.7994949858097106e-05 
4.856333779106666e-05 
4.917356473345876e-05 
4.9827354031505795e-05 
5.052391086076117e-05 
5.1265482254378797e-05 
5.2054568842837255e-05 
5.2893853651495076e-05 
5.378621449432552e-05 
5.473473680456421e-05 
5.574270842547738e-05 
5.68137325062165e-05 
5.795192160321909e-05 
5.916170787025009e-05 
6.044753737960269e-05 
6.181408058923156e-05 
6.326634287487677e-05 
6.481075581183177e-05 
6.645310927568444e-05 
6.819927570813597e-05 
7.005540927992807e-05 
7.202791686027345e-05 
7.412346320331785e-05 
7.635084519121546e-05 
7.871775287682138e-05 
8.123062539258019e-05 
8.389499793412521e-05 
8.671623674899541e-05 
8.96986999880771e-05 
9.284502708393244e-05 
9.615643853504078e-05 
9.963122449160428e-05 
0.00010326349145372703 
0.00010704154922808041 
0.00011094585146895248 
0.00011494778052178443 
0.00011900631179605425 
0.00012306165292560547 
0.00012704015769301067 
0.00013084429169652162 
0.00013433165125097842 
0.0001373468001768938 
0.0001397198682867107 
0.00014126169835391165 
0.0001418025589052765 
0.00014121091956557268 
0.0001394143141318625 
0.00013641515874463145 
0.00013229488493859853 
0.00012720360008205292 
0.00012134021337234574 
0.00011492661238663606 
0.00010818217974743824 
0.00010130493552684436 
9.446045771496916e-05 
8.777823678085122e-05 
8.13527261460358e-05 
7.524671418610673e-05 
6.949776354525856e-05 
6.412396780007732e-05 
5.912894808267471e-05 
5.4506155477448654e-05 
5.024229806789334e-05 
4.6319244944690265e-05 
4.271620096923593e-05 
3.941125517287547e-05 
3.638236999996069e-05 
3.360793035966814e-05 
3.1067352098260466e-05 
2.8741203325449516e-05 
2.661094081599107e-05 
2.4659360121608866e-05 
2.287059930074889e-05 
2.1230103896938028e-05 
1.972456835464357e-05 
1.8341891407936776e-05 
1.707109010208007e-05 
1.590213024577209e-05 
1.4826179102568356e-05 
1.3835201093182803e-05 
1.2921227215541511e-05 
1.2078076461053084e-05 
1.1299872281861457e-05 
1.0580191795869636e-05 
9.914025376460956e-06 
9.296842430252551e-06 
8.724537786600523e-06 
8.193685718983978e-06 
7.701164690235248e-06 
7.243774125270325e-06 
6.818629094996127e-06 
6.423084051365774e-06 
6.054724897178575e-06 
5.711309727868847e-06 
5.390753579798741e-06 
5.0912989721129755e-06 
4.811349854587867e-06 
4.549440823361952e-06 
4.304230496558581e-06 
4.074489974868208e-06 
3.859092452879424e-06 
3.657003863635713e-06 
3.4672864490615443e-06 
3.2891078390037466e-06 
3.121671172400732e-06 
2.9642316842638682e-06 
2.816102297642088e-06 
2.6766442831348275e-06 
2.5452713119433023e-06 
2.4214558687430207e-06 
2.3047026406925337e-06 
2.194541896872932e-06 
2.0905258681759406e-06 
1.9922799228744135e-06 
1.8993949109058962e-06 
1.8115443928333426e-06 
1.7284235141295194e-06 
1.649735678512077e-06 
1.5752075612768806e-06 
1.5045940059023104e-06 
1.4376662179615306e-06 
1.3742756052198858e-06 
1.314158704766591e-06 
1.2570820123978918e-06 
1.202866232542634e-06 
1.1513441135448642e-06 
1.1023595423812127e-06 
1.0557667144869902e-06 
1.011429371900551e-06 
9.692231164982756e-07 
9.290322249629308e-07 
8.907451947878907e-07 
8.542597861422769e-07 
8.194855587312975e-07 
7.863425266146528e-07 
7.547441936413083e-07 
7.246088642096278e-07 
6.95859721666853e-07 
6.684244974432931e-07 
6.42235413376161e-07 
6.172219442684526e-07 
5.933116340701837e-07 
5.704478776752214e-07 
5.48577369251859e-07 
5.276638279083572e-07 
5.076829567414474e-07 
4.885809642252806e-07 
4.703078930709863e-07 
4.5281810460905105e-07 
4.3606802571009514e-07 
4.200134657262258e-07 
4.0462016722631127e-07 
3.898571024686088e-07 
3.7569489157177117e-07 
3.6210570462382583e-07 
3.4906317023350484e-07 
3.3654327395749894e-07 
3.245359336544122e-07 
3.130232147270957e-07 
3.0197302389550097e-07 
2.9136334958941445e-07 
2.8117402734754897e-07 
2.7138593341217525e-07 
2.619809247986367e-07 
2.5294178316735126e-07 
2.4425222560380776e-07 
2.358976350524252e-07 
2.27863487790823e-07 
2.2013549229991742e-07 
2.1270062064155492e-07 
2.055468072575729e-07 
1.986609939375919e-07 
1.9203165797812578e-07 
1.8564731163103032e-07 
1.7949714385843584e-07 
1.7357176082775036e-07 
1.6786631032550173e-07 
1.6237260830677694e-07 
1.5708251163569797e-07 
1.5198785920397225e-07 
1.4708080996343596e-07 
1.4235379562627435e-07 
1.3779862049896572e-07 
1.334056394794443e-07 
1.291668599875515e-07 
1.2507407900419053e-07 
1.2112145430213162e-07 
1.1730343349646051e-07 
1.136147132715858e-07 
1.1005022697166313e-07 
1.0660563080534092e-07 
1.0327838209574941e-07 
1.0006294977865864e-07 
9.695484313638522e-08 
9.395044554195701e-08 
9.105038313147489e-08 
8.825175402579228e-08 
8.555035993871467e-08 
8.294155735832469e-08 
8.042108507857041e-08 
7.79842312942803e-08 
7.562711861129646e-08 
7.334685619252516e-08 
7.114066501756543e-08 
6.900586815055166e-08 
6.69399041767044e-08 
6.494031425659062e-08 
6.300475992428107e-08 
6.113098121605945e-08 
5.931675543427333e-08 
5.756020912378287e-08 
5.585988176547327e-08 
5.4213708620218565e-08 
5.261964973934134e-08 
5.1076193601019373e-08 
4.9582150475838984e-08 
4.8135965409065834e-08 
4.673596871443274e-08 
