0.0011359282263943497 
0.0011043457916186227 
0.0010737509661314204 
0.001044117459198698 
0.0010154118046700078 
0.0009875931090914491 
0.0009606321524258006 
0.0009344975996601104 
0.0009091590570198229 
0.0008845887058550594 
0.000860766911055279 
0.0008376757296359009 
0.0008152924823273436 
0.0007935969718163349 
0.0007725562911863789 
0.0007521430092930282 
0.0007323357723853704 
0.0007131140334001655 
0.0006944610940048373 
0.0006764281969748337 
0.0006589921798608087 
0.0006420553886455185 
0.0006255993802513877 
0.0006096086304350519 
0.00059406808672226 
0.0005789647651652129 
0.0005642862511753798 
0.0005500255774809924 
0.0005361729019075322 
0.0005227139723641458 
0.0005096350973532268 
0.000496923487631901 
0.0004846086618755712 
0.0004726874647377991 
0.00046113491988981914 
0.0004499281650260749 
0.0004390355242858292 
0.0004284464420835033 
0.00041815224758494867 
0.00040814214744260295 
0.00039841019144410024 
0.0003889517381236432 
0.0003797568791436012 
0.00037081643552842495 
0.0003621243110589015 
0.00035367349060130143 
0.00034545746226738406 
0.0003374681548200733 
0.00032969829851654635 
0.0003221419262221454 
0.00031479222822914754 
0.0003076444716415929 
0.000300694983119351 
0.0002939375615739718 
0.00028736622927657223 
0.00028097217064312283 
0.0002747500025377178 
0.00026869423233666877 
0.00026279642226426943 
0.0002570518067754985 
0.00025145605150224973 
0.00024600496406177564 
0.0002406945704658323 
0.00023552094853549518 
0.00023048026739355823 
0.00022556966036521784 
0.0002207862438931553 
0.0002161242179578608 
0.00021158028609910383 
0.00020715942113839683 
0.00020288038829394825 
0.00019873079732418242 
0.00019468427930887852 
0.00019074018263977858 
0.00018689511352212848 
0.00018314562247139402 
0.00017948849560626303 
0.0001759202841969458 
0.0001724378553295627 
0.0001690393568879623 
0.00016572241564660062 
0.00016248460194304232 
0.00015932435976546137 
0.0001562425456909183 
0.00015323741280288798 
0.00015030678090971955 
0.00014744854428231724 
0.00014466066200381208 
0.0001419411519218647 
0.00013928816375384406 
0.00013670525627359993 
0.00013420273843887245 
0.0001317651810176701 
0.00012938831404823916 
0.000127070332982562 
0.00012480806668126168 
0.0001225994368446603 
0.0001204424754105414 
0.00011833561888315886 
0.00011627830551263178 
0.0001142696324855933 
0.00011230866267319842 
0.00011039591394789365 
0.00010853353205968755 
0.0001067210337572187 
0.00010495586322522817 
0.0001032350335205331 
0.00010155724646044902 
9.992129782092792e-05 
9.83260004997966e-05 
9.676901390475759e-05 
9.524850896893024e-05 
9.376338080043954e-05 
9.231255983646609e-05 
9.089498247327971e-05 
8.950928883230927e-05 
8.815433550995554e-05 
8.682910264877225e-05 
8.553789929182748e-05 
8.428583020131183e-05 
8.306496645977805e-05 
8.18743358760799e-05 
8.071355437613594e-05 
7.958264540674283e-05 
7.848167366775237e-05 
7.741008166722509e-05 
7.636658917712497e-05 
7.534931540810835e-05 
7.435744833316589e-05 
7.339048954055413e-05 
7.244809877205322e-05 
7.152972913909731e-05 
7.063462598838668e-05 
6.976189805810692e-05 
6.891101795205681e-05 
6.808150982451384e-05 
6.727363509772229e-05 
6.6487349539828e-05 
6.572196370738435e-05 
6.497666461550596e-05 
6.425158859325986e-05 
6.354645174125739e-05 
6.28608643802509e-05 
6.219445134673891e-05 
6.154674365040335e-05 
6.092314759843641e-05 
6.032365699079074e-05 
5.974211422154776e-05 
5.917806909573002e-05 
5.863130503076757e-05 
5.810160316744689e-05 
5.7588413884444076e-05 
5.709094504090503e-05 
5.660893031434118e-05 
5.614311437032591e-05 
5.569415292191395e-05 
5.5261704041359945e-05 
5.4845351216456994e-05 
5.444469630910273e-05 
5.4059249532040686e-05 
5.368843696872915e-05 
5.333224254742111e-05 
5.2990962916117345e-05 
5.266562362985276e-05 
5.2361978741579694e-05 
5.2076180879864364e-05 
5.180626542483744e-05 
5.155238398351576e-05 
5.1314537859184075e-05 
5.1092584325870857e-05 
5.088667004794383e-05 
5.069688128839787e-05 
5.052321448108202e-05 
5.036566341593012e-05 
5.022431113986659e-05 
5.009927075905659e-05 
4.999074237150531e-05 
4.9898855114241496e-05 
4.982376119763355e-05 
4.9765933118978857e-05 
4.972541117158101e-05 
4.97023206456992e-05 
4.969729221872563e-05 
4.971139780071334e-05 
4.974518997720097e-05 
4.9799220108005155e-05 
4.9874044202714335e-05 
4.9970223500286025e-05 
5.008836475186698e-05 
5.022840387882519e-05 
5.038978174192249e-05 
5.057270100674863e-05 
5.0777751401011506e-05 
5.100556749620267e-05 
5.1256831428431235e-05 
5.153352576424863e-05 
5.184247607977242e-05 
5.218058965164053e-05 
5.254669117607416e-05 
5.294192812739884e-05 
5.336744302618802e-05 
5.3824757166719844e-05 
5.4315685911537865e-05 
5.484167539325936e-05 
5.540424837801113e-05 
5.600508633817282e-05 
5.665018425728772e-05 
5.7341121246781683e-05 
5.8076540798419275e-05 
5.885854798624935e-05 
5.9689488115561036e-05 
6.057185877646298e-05 
6.150831754307173e-05 
6.250168945417004e-05 
6.355495314464823e-05 
6.467136075845214e-05 
6.585464814334085e-05 
6.710880627034249e-05 
6.84377225792352e-05 
6.984540871345823e-05 
7.133611201449577e-05 
7.291552791287389e-05 
7.458844804801485e-05 
7.635956578943453e-05 
7.823368356312911e-05 
8.021566193622011e-05 
8.23104064382651e-05 
8.452492280800303e-05 
8.686468905084758e-05 
8.933349855704082e-05 
9.193384849796993e-05 
9.466774819652614e-05 
9.753580330309824e-05 
0.00010053646960331195 
0.00010366643261326583 
0.00010691906339033742 
0.00011028324205891572 
0.00011374191591861174 
0.00011727035800227593 
0.00012083555726274382 
0.00012439366815039605 
0.00012788471598197264 
0.00013123946431969563 
0.00013437091979106696 
0.00013715490171269012 
0.00013946429228438537 
0.00014116715532727384 
0.0001421192381266462 
0.00014219761920833483 
0.00014131146516262625 
0.00013941431413186248 
0.00013651340261042953 
0.0001326718730167978 
0.00012800199096649325 
0.00012265307073931116 
0.00011679496046384295 
0.00011060053733576821 
0.0001042317939312854 
9.783041136002339e-05 
9.151326270277468e-05 
8.53712160205599e-05 
7.946981096882959e-05 
7.385330668644898e-05 
6.85485408501133e-05 
6.356857631675003e-05 
5.891614464774231e-05 
5.4586583005224266e-05 
5.056943710079346e-05 
4.685056873638585e-05 
4.341373503152452e-05 
4.024165174076032e-05 
3.7316627708297016e-05 
3.4621296918772e-05 
3.213882778189173e-05 
2.9852704356296343e-05 
2.7747303364805123e-05 
2.5807973163584397e-05 
2.402106374511542e-05 
2.2373923826601678e-05 
2.085490728206149e-05 
1.9453326392101035e-05 
1.815930335988091e-05 
1.6964097968218477e-05 
1.5859681433683506e-05 
1.4837926544451403e-05 
1.3892606438234445e-05 
1.3017718207882033e-05 
1.2206517194258227e-05 
1.145378832271323e-05 
1.0754787183214936e-05 
1.0105190220735362e-05 
9.501399809114209e-06 
8.940119502715675e-06 
8.417915966374415e-06 
7.931682351536127e-06 
7.478555488879938e-06 
7.055911544723827e-06 
6.6613011978825195e-06 
6.2924353570681425e-06 
5.947387446478494e-06 
5.624402714759393e-06 
5.321864573687733e-06 
5.038288811691169e-06 
4.77231180159648e-06 
4.522679816774104e-06 
4.28823935242143e-06 
4.0679424342947734e-06 
3.8608582830949e-06 
3.6660921735627715e-06 
3.482805554186775e-06 
3.3102232292815397e-06 
3.1476229340961574e-06 
2.994340581133536e-06 
2.8497782441256862e-06 
2.713373235919984e-06 
2.5845906189753134e-06 
2.4629192032531795e-06 
2.3479320861110114e-06 
2.239160047176891e-06 
2.1362298637494043e-06 
2.038792482102757e-06 
1.94650743927651e-06 
1.8590606925486589e-06 
1.776170522736243e-06 
1.6975737108166435e-06 
1.6231010264200812e-06 
1.5524469530764008e-06 
1.4853407135793335e-06 
1.4215750193802803e-06 
1.3609563405632536e-06 
1.303303887106128e-06 
1.2484486731101884e-06 
1.1962326566654085e-06 
1.146511512721833e-06 
1.0991509003763304e-06 
1.0540212218615682e-06 
1.0110036122560495e-06 
9.699929676879297e-07 
9.30896378075362e-07 
8.936130629380268e-07 
8.580477717628175e-07 
8.241108917275942e-07 
7.917180695116711e-07 
7.607901553258636e-07 
7.312446397114155e-07 
7.029966261513413e-07 
6.759799083041861e-07 
6.501321110899913e-07 
6.254109665245079e-07 
6.017883530518824e-07 
5.792011343092457e-07 
5.575906603622562e-07 
5.369033481243122e-07 
5.170880155097986e-07 
4.980927038111682e-07 
4.798771935323117e-07 
4.624050607519263e-07 
4.456418045137635e-07 
4.2955473345434545e-07 
4.1411285982237364e-07 
3.992879676971911e-07 
3.85068349756086e-07 
3.714329645903242e-07 
3.5834395126540576e-07 
3.457753921510776e-07 
3.3370354498502316e-07 
3.221058874356653e-07 
3.1096104724168154e-07 
3.002487367534742e-07 
2.8994976679613e-07 
2.8004691481154407e-07 
2.7052305908734773e-07 
2.6136134423553436e-07 
2.5254640639319614e-07 
2.4406401643584757e-07 
2.3589875920494382e-07 
2.280370358448926e-07 
2.2046528262978302e-07 
2.1317073347180138e-07 
2.0614229987637178e-07 
1.99374282454859e-07 
1.9285702060703586e-07 
1.8658089807077577e-07 
1.8053627322698461e-07 
1.7471388085031912e-07 
1.6910477619391457e-07 
1.6369926587365905e-07 
1.5848593137927229e-07 
1.5345531417646303e-07 
1.4859770285870005e-07 
1.4390618817636508e-07 
1.3937420301032704e-07 
1.3499547409384794e-07 
1.307640074180021e-07 
1.2667466610462354e-07 
1.2272445187863223e-07 
1.1890681401839129e-07 
1.1521643647118103e-07 
1.1164904051660393e-07 
1.0820538836078974e-07 
1.0488204867424373e-07 
1.0167404832586423e-07 
9.857588388814158e-08 
9.558250517333091e-08 
9.268832538810923e-08 
8.988874846651788e-08 
8.71803500674761e-08 
8.455983799819855e-08 
8.202404069600792e-08 
7.956992324578144e-08 
7.719457203661537e-08 
7.489521595987933e-08 
7.26691766761258e-08 
7.051381962937371e-08 
6.842692494792214e-08 
6.640676322285833e-08 
6.445088634808751e-08 
6.255687527384829e-08 
6.072293878544229e-08 
5.894766790771511e-08 
5.722921914934773e-08 
5.556561230027365e-08 
