0.0007157160351355021 
0.0006958363137643183 
0.0006765780024086227 
0.0006579245715224725 
0.0006398549690428135 
0.0006223434609628393 
0.0006053716674892209 
0.0005889198746398824 
0.0005729689600802677 
0.0005575014229011384 
0.0005425049185665572 
0.0005279681682892565 
0.000513876907365062 
0.0005002184344530254 
0.0004869720359696533 
0.000474120448053202 
0.00046165023632755976 
0.0004495484738370216 
0.00043780465887215445 
0.00042645112209773644 
0.0004154732893130119 
0.0004048096188167143 
0.00039444850428709287 
0.00038438017873843744 
0.0003745951718052413 
0.0003650853166563131 
0.00035584280482756786 
0.0003468632624582613 
0.0003381405024817904 
0.000329665556158851 
0.00032142980743422514 
0.0003134252084736981 
0.000305670396669367 
0.00029816340279357963 
0.0002908884929833965 
0.00028383126489495717 
0.00027697175410150876 
0.00027030331781557903 
0.0002638205016726447 
0.0002575165115957284 
0.0002513876086336379 
0.00024543087941896645 
0.00023964008690416854 
0.00023400945358225696 
0.00022853514678713408 
0.00022321275358271219 
0.00021803817821394264 
0.00021300634028226503 
0.00020811266469475734 
0.00020335339810166007 
0.0001987242548635789 
0.00019422225996457355 
0.00018984510709512556 
0.00018558889383910252 
0.000181449858342995 
0.00017742244630540593 
0.00017350327011254887 
0.00016968887258717882 
0.00016597393603509384 
0.00016235546125499905 
0.0001588307210091309 
0.00015539707741355464 
0.00015205203022177377 
0.00014879311161206598 
0.0001456179111366645 
0.00014252462726379564 
0.00013951144763378723 
0.00013657471672599408 
0.00013371236051356352 
0.0001309275310002461 
0.00012823209893656555 
0.00012561824534650665 
0.00012306931283800781 
0.00012058489784802227 
0.0001181628632438589 
0.00011580103632084791 
0.00011349739296944674 
0.00011124976020811416 
0.00010905616437053027 
0.00010691544150891572 
0.0001048260979298429 
0.00010278660399935696 
0.0001007959825334193 
9.885478271001894e-05 
9.696190677767841e-05 
9.511598268120263e-05 
9.331568526300102e-05 
9.15597301660121e-05 
8.98468700142466e-05 
8.81759406994906e-05 
8.654920243647389e-05 
8.497319059569029e-05 
8.343814518907521e-05 
8.194136976158056e-05 
8.048172852451395e-05 
7.905721983431794e-05 
7.766653376200921e-05 
7.630842989725338e-05 
7.49819238718713e-05 
7.368666592600589e-05 
7.2422090215339e-05 
7.118760912252567e-05 
6.998355736775301e-05 
6.881130217757195e-05 
6.767054469481763e-05 
6.655967184130684e-05 
6.54767965649737e-05 
6.44211023563318e-05 
6.339183215272645e-05 
6.238823961645804e-05 
6.140884627510351e-05 
6.045249774808863e-05 
5.951849893552668e-05 
5.860617701056249e-05 
5.7714862778380515e-05 
5.684369873433027e-05 
5.5991964584171814e-05 
5.515901830395467e-05 
5.434760346166921e-05 
5.356097133888504e-05 
5.279409189331542e-05 
5.2046354255800295e-05 
5.1317521347740095e-05 
5.060761536869531e-05 
4.991668508320067e-05 
4.924438381173738e-05 
4.8589905094851814e-05 
4.795205999553712e-05 
4.733033925978492e-05 
4.672443321424337e-05 
4.613413297390811e-05 
4.555909820933e-05 
4.499885628666066e-05 
4.44528474615381e-05 
4.392074375433828e-05 
4.340225010837902e-05 
4.2897541694893496e-05 
4.240659928242523e-05 
4.192899239411452e-05 
4.146421170191405e-05 
4.101235373944592e-05 
4.057324728039468e-05 
4.0146653821208937e-05 
3.973234434858615e-05 
3.933003012982419e-05 
3.894317815847465e-05 
3.8571799425266694e-05 
3.821197118470981e-05 
3.786341808148617e-05 
3.752601453064798e-05 
3.719963395808313e-05 
3.688393843830212e-05 
3.657843487763486e-05 
3.6282967195051875e-05 
3.599802804298823e-05 
3.572405455165584e-05 
3.546084521250404e-05 
3.520815122772431e-05 
3.4965736143889297e-05 
3.473330521540762e-05 
3.451051013883097e-05 
3.429736180718207e-05 
3.4094073469173246e-05 
3.39013291839113e-05 
3.372286095360959e-05 
3.355622320188026e-05 
3.340018082050135e-05 
3.32548628453327e-05 
3.3120303345928856e-05 
3.2996445326724695e-05 
3.288342066484241e-05 
3.2781324669327335e-05 
3.269019707247853e-05 
3.261007846780854e-05 
3.254107003603556e-05 
3.248329556700151e-05 
3.243693870083399e-05 
3.2402140834008415e-05 
3.237906233984073e-05 
3.236807624604851e-05 
3.236927960732373e-05 
3.238282967629804e-05 
3.240921867512694e-05 
3.244923391228062e-05 
3.2503332194651165e-05 
3.257197769406106e-05 
3.265564647905629e-05 
3.275482766791902e-05 
3.2870050715369914e-05 
3.300141586680044e-05 
3.3148708034578946e-05 
3.3312223441153914e-05 
3.349252663887634e-05 
3.369022741115859e-05 
3.390598421169966e-05 
3.41413359648611e-05 
3.44010612988072e-05 
3.468339720611876e-05 
3.4987866974739696e-05 
3.5315562705114414e-05 
3.5667606223574245e-05 
3.6045409325967453e-05 
3.645062322019369e-05 
3.688469885063506e-05 
3.7349189584372416e-05 
3.7845812535691096e-05 
3.8379270611417524e-05 
3.895136849208214e-05 
3.956199043262484e-05 
4.0213449791506845e-05 
4.0908324192722176e-05 
4.164940855201316e-05 
4.243973450855367e-05 
4.3282591509077786e-05 
4.4181535070000334e-05 
4.514049034388509e-05 
4.616392339462165e-05 
4.725671041533946e-05 
4.8423914230596894e-05 
4.9670973539446064e-05 
5.1003817072103125e-05 
5.242977578088888e-05 
5.395595282862493e-05 
5.558983689876572e-05 
5.733950161503841e-05 
5.9213625060263115e-05 
6.122154114968638e-05 
6.337484688932122e-05 
6.568479717576709e-05 
6.816221867346135e-05 
7.081783311984925e-05 
7.36629193610988e-05 
7.670865201137784e-05 
7.996551951082342e-05 
8.344358089601031e-05 
8.715112545745288e-05 
9.109344840291466e-05 
9.527115332356724e-05 
9.967780097577411e-05 
0.0001042979175686986 
0.00010910250940213984 
0.00011404086120367444 
0.00011904152720469795 
0.0001239983375381503 
0.00012874439652269312 
0.0001330760262353942 
0.00013674847221366272 
0.00013947351241719002 
0.00014096864623976615 
0.00014099701507495858 
0.0001394143141318626 
0.0001362061559304835 
0.0001314992644444098 
0.00012553972575253154 
0.00011864830327705288 
0.00011116713660001278 
0.00010341382318280223 
9.565323554714487e-05 
8.808680836518632e-05 
8.085489664629735e-05 
7.40456290359337e-05 
6.770547740287254e-05 
6.185103526036014e-05 
5.6478344376380044e-05 
5.1570011604147645e-05 
4.71005801361187e-05 
4.3040361063073646e-05 
3.93574627355808e-05 
3.601976589187544e-05 
3.2996181504227284e-05 
3.0257339144347004e-05 
2.7775863943838122e-05 
2.5526688939653243e-05 
2.3486964981641216e-05 
2.1635672210451777e-05 
1.9953833367225746e-05 
1.8424374490769773e-05 
1.703197176389341e-05 
1.576289598117164e-05 
1.4604883272166533e-05 
1.3546986123516124e-05 
1.2579370454908936e-05 
1.16934575154837e-05 
1.0881553427829409e-05 
1.0136235091177143e-05 
9.451669153137182e-06 
8.822413467297131e-06 
8.24273256554146e-06 
7.708109095465058e-06 
7.214493442893656e-06 
6.758247077839089e-06 
6.336326263043567e-06 
5.9459797863020075e-06 
5.584444897147806e-06 
5.24924573605178e-06 
4.938127905513034e-06 
4.6490468516258605e-06 
4.3801176457205186e-06 
4.129599403262397e-06 
3.89602243450095e-06 
3.6780577243215176e-06 
3.4744909200710813e-06 
3.2842151933970456e-06 
3.1062206371524827e-06 
2.939584802659637e-06 
2.7834642477425596e-06 
2.6370961068652613e-06 
2.4998039725851555e-06 
2.370943897785324e-06 
2.2499163434645026e-06 
2.1361698112932088e-06 
2.0291932091202188e-06 
1.92851845048108e-06 
1.8337248843382848e-06 
1.7444187594170773e-06 
1.660227916023872e-06 
1.5807987933803779e-06 
1.5058348886490953e-06 
1.4350151334677398e-06 
1.3680823457561204e-06 
1.3047968331591683e-06 
1.2449261985573706e-06 
1.1882565598653094e-06 
1.1345961276290108e-06 
1.08376619654273e-06 
1.0356491716086409e-06 
9.900414544876414e-07 
9.467626061008007e-07 
9.056735229410829e-07 
8.666445989234803e-07 
8.295549968422063e-07 
7.942919817958729e-07 
7.607503108070953e-07 
7.288339390863554e-07 
6.984535933353712e-07 
6.695233972802039e-07 
6.419646398701761e-07 
6.157076584382579e-07 
5.90690805666968e-07 
5.668476889598733e-07 
5.441156574442959e-07 
5.224358474910664e-07 
5.017529220895191e-07 
4.820150165281588e-07 
4.631682973327562e-07 
4.4515756956917413e-07 
4.2793961114042967e-07 
4.114737438032988e-07 
3.95732120315886e-07 
3.80695931601724e-07 
3.663242979476984e-07 
3.5257926591513903e-07 
3.39426166078608e-07 
3.2683191922777584e-07 
3.1476302194964156e-07 
3.0319345017810495e-07 
2.920996302346752e-07 
2.814592505191241e-07 
2.712511857681692e-07 
2.6145542636174235e-07 
2.5205374919722175e-07 
2.4303838416487925e-07 
2.343956953719926e-07 
2.2610146104261677e-07 
2.1813902566952581e-07 
2.104931310605728e-07 
2.031493112392362e-07 
1.9609384647926443e-07 
1.8931372028299626e-07 
1.8279662652435602e-07 
1.7653151519131665e-07 
1.7050741468757198e-07 
1.6471353521623008e-07 
1.5914003991232957e-07 
1.5377781876479467e-07 
1.4861702544997765e-07 
1.436489683766322e-07 
1.3886498757575577e-07 
1.3425693439573417e-07 
1.2981772489665508e-07 
1.2554367597133658e-07 
1.2142861614316567e-07 
1.1746640816978537e-07 
1.136509048009035e-07 
1.0997620135271761e-07 
1.0643660010760022e-07 
1.0302593708857325e-07 
9.973696746634884e-08 
9.656368462080049e-08 
9.349992705229506e-08 
9.054130034383674e-08 
8.768362865025178e-08 
8.492292407815417e-08 
8.22553772815431e-08 
7.967772073637836e-08 
7.718803443019023e-08 
7.478216607292351e-08 
7.245674223716069e-08 
7.020904391242663e-08 
6.803952363504609e-08 
6.594599823213702e-08 
6.392531672655881e-08 
6.197399644281577e-08 
6.008884132476732e-08 
5.826631953653946e-08 
5.65035235373933e-08 
5.4798283619452055e-08 
5.3148514257786794e-08 
5.1552206797239596e-08 
5.000743945123894e-08 
4.8512367592408873e-08 
4.70652370131069e-08 
4.5664352612852416e-08 
4.430804756667879e-08 
4.299491633487155e-08 
4.172386218804716e-08 
4.0493337416722835e-08 
3.93018131798812e-08 
3.814815564696114e-08 
3.7031471609507165e-08 
3.595059534038596e-08 
3.49042756902144e-08 
