0.0006429489511606353 
0.0006250934368062862 
0.0006077960207743841 
0.0005910418595961407 
0.0005748120468598948 
0.0005590834698814225 
0.000543839622349142 
0.0005290627991611923 
0.0005147358264928198 
0.000500842986924936 
0.00048737319518661344 
0.0004743163233369199 
0.0004616595608301332 
0.00044939150146696446 
0.0004374935407466188 
0.0004259501730927792 
0.0004147493331156178 
0.0004038794111240451 
0.0003933309761401136 
0.0003831330786110755 
0.0003732726291771192 
0.0003636943411220041 
0.00035438779033814113 
0.00034534420508906854 
0.0003365550800035083 
0.00032801308074741244 
0.00031971119486118305 
0.00031164549566597256 
0.0003038104273445249 
0.0002961979347363897 
0.0002888002794253945 
0.00028161023340423687 
0.00027464454519087226 
0.0002679014487055673 
0.0002613668102187438 
0.0002550276920712201 
0.00024886615863112195 
0.00024287624372678612 
0.00023705304892173825 
0.00023139047190584463 
0.00022588515544090835 
0.00022053448408811252 
0.00021533285584207087 
0.00021027508151494088 
0.00020535771941446532 
0.00020057680637409084 
0.0001959286641762541 
0.000191408729735162 
0.00018701289394406056 
0.00018273778604960205 
0.00017857955690747345 
0.00017453553507034252 
0.0001706036499831113 
0.0001667803967238842 
0.00016306239661601009 
0.00015944466008818592 
0.00015592414459277373 
0.00015249774500115774 
0.00014916068406898718 
0.0001459102680599883 
0.0001427440475963731 
0.00013965965355299236 
0.0001366548404538398 
0.00013372739191706178 
0.0001308751430778629 
0.00012809647629735972 
0.0001253897641801079 
0.00012275172269339614 
0.00012018048914307867 
0.00011767889799924756 
0.00011525762050018372 
0.00011290963072007281 
0.00011061995810316672 
0.00010838824121101573 
0.00010621256038315983 
0.00010409096392836253 
0.00010202163366604927 
0.00010000261753887999 
9.803214259169335e-05 
9.610916368935847e-05 
9.423233925639205e-05 
9.240029537143632e-05 
9.061215470614371e-05 
8.886841208723386e-05 
8.716808183355427e-05 
8.550993164431508e-05 
8.389277134546122e-05 
8.231544740988623e-05 
8.077683952490292e-05 
7.927590220820179e-05 
7.781466868819608e-05 
7.639901614571026e-05 
7.502017088151418e-05 
7.367570964554772e-05 
7.23646123199188e-05 
7.108508021168461e-05 
6.983593650837916e-05 
6.861606685795001e-05 
6.742458709677343e-05 
6.626118368736674e-05 
6.512534879131423e-05 
6.401655498757501e-05 
6.293510429370237e-05 
6.188222732949777e-05 
6.085765651527456e-05 
5.9859942358175655e-05 
5.8887388880857624e-05 
5.7939262825912315e-05 
5.70148843779676e-05 
5.6113583346923246e-05 
5.523403100493212e-05 
5.437519004715234e-05 
5.3536436225196296e-05 
5.271716530190992e-05 
5.191677628432078e-05 
5.113449875895966e-05 
5.036968570119257e-05 
4.9621760466696496e-05 
4.8893192190308726e-05 
4.818690710405777e-05 
4.749838121135349e-05 
4.682706603756552e-05 
4.617274940512954e-05 
4.5535452450400784e-05 
4.4915220266035527e-05 
4.431174216978017e-05 
4.3724293753934e-05 
4.31518063785735e-05 
4.25938229740442e-05 
4.2050066073734854e-05 
4.152034893409456e-05 
4.100436653619963e-05 
4.050169479020213e-05 
4.0011831190997744e-05 
3.9534481831797786e-05 
3.9069382454115755e-05 
3.861669212139563e-05 
3.817639497652617e-05 
3.7748104987785886e-05 
3.733136513281707e-05 
3.692626387736393e-05 
3.653264868370885e-05 
3.6150306482603535e-05 
3.577903278978072e-05 
3.541856938353425e-05 
3.5072040457240116e-05 
3.4739458349266934e-05 
3.4417292438849144e-05 
3.410529679275409e-05 
3.3803360437473564e-05 
3.351137159047555e-05 
3.3229028147785375e-05 
3.2955888247318714e-05 
3.2691813691750456e-05 
3.24372509375956e-05 
3.2192596663436404e-05 
3.195767225739764e-05 
3.173225659425421e-05 
3.151613977629052e-05 
3.130905947041285e-05 
3.1110705161449786e-05 
3.092109026110177e-05 
3.074041083599614e-05 
3.05692877673781e-05 
3.0411091000480925e-05 
3.0263620573350755e-05 
3.012576781140431e-05 
2.9997654445643112e-05 
2.9879316896416802e-05 
2.977070977265834e-05 
2.9671958451491825e-05 
2.9583155755345214e-05 
2.950434480614729e-05 
2.943556997291245e-05 
2.937693082586341e-05 
2.9328547919181388e-05 
2.9290596476252334e-05 
2.926321427164958e-05 
2.9246556956602465e-05 
2.9240973096058005e-05 
2.9246562890420006e-05 
2.9263481846991764e-05 
2.9292189241763797e-05 
2.9333412409966093e-05 
2.9387581481660526e-05 
2.945513477717319e-05 
2.953652304533062e-05 
2.9632210664161988e-05 
2.9742700506336484e-05 
2.986810919682057e-05 
3.0008269954655826e-05 
3.0163480939428255e-05 
3.0334285933988768e-05 
3.052127278481252e-05 
3.072507686682116e-05 
3.094713544389706e-05 
3.119182833770585e-05 
3.145761152542903e-05 
3.1744110600818265e-05 
3.2052379364698364e-05 
3.238350543458762e-05 
3.2738847380928295e-05 
3.3119990106533876e-05 
3.352834657061372e-05 
3.396543375516813e-05 
3.443292986127991e-05 
3.493524482754808e-05 
3.547417008995405e-05 
3.604976495478978e-05 
3.666431927798323e-05 
3.732038687498383e-05 
3.802074607114349e-05 
3.876842119942784e-05 
3.956670618087254e-05 
4.041917703507083e-05 
4.132979235058349e-05 
4.230305702651273e-05 
4.334391074357893e-05 
4.445753180705542e-05 
4.564952023185725e-05 
4.6926014045144846e-05 
4.829454285958848e-05 
4.9762544865670095e-05 
5.133794645488975e-05 
5.302936518632893e-05 
5.4846149922268085e-05 
5.679845323889471e-05 
5.889875305597919e-05 
6.115947178775264e-05 
6.359292274561432e-05 
6.621163983176813e-05 
6.902903007624274e-05 
7.205879360660305e-05 
7.531441142406707e-05 
7.880941657956609e-05 
8.255615375891576e-05 
8.656461794517083e-05 
9.084079744066688e-05 
9.538431119502345e-05 
0.00010018624963085819 
0.00010522439638554522 
0.00011045445429554333 
0.00011580954712968173 
0.00012118446359640207 
0.00012640703433347897 
0.00013125763162489499 
0.00013546189146444455 
0.00013868761227894127 
0.0001405977739283627 
0.00014090115050605992 
0.0001394143141318625 
0.00013611249028100414 
0.00013114548514313142 
0.00012480887625935963 
0.00011748419787101618 
0.00010957002450731084 
0.00010142600279147074 
9.334173590720623e-05 
8.55282898822785e-05 
7.812495927343743e-05 
7.121254181951002e-05 
6.48273469240218e-05 
5.897516821627947e-05 
5.36418511156288e-05 
4.8800998292978414e-05 
4.441952636454228e-05 
4.0461466664053636e-05 
3.6889899554906006e-05 
3.366875201736723e-05 
3.0763875109717455e-05 
2.8143570802913282e-05 
2.5778733977090727e-05 
2.3643033843601546e-05 
2.1712731313376723e-05 
1.996623357565787e-05 
1.8384217485684585e-05 
1.694943616782385e-05 
1.5646522806421434e-05 
1.4461801052227098e-05 
1.3383127145636923e-05 
1.2399720442423422e-05 
1.1501950257010637e-05 
1.068144280415517e-05 
9.930723106622479e-06 
9.242639430187124e-06 
8.611553983235661e-06 
8.032237644575454e-06 
7.49923911035733e-06 
7.008254195608632e-06 
6.555435469538878e-06 
6.137335540430256e-06 
5.751069412250483e-06 
5.394036094923628e-06 
5.0636399726863735e-06 
4.757559370496187e-06 
4.473685038933237e-06 
4.210107816570644e-06 
3.96507161841425e-06 
3.7369580726542024e-06 
3.5244004650156866e-06 
3.3261645878752273e-06 
3.141124433473448e-06 
2.968255086528552e-06 
2.8066225792528946e-06 
2.6553748618467807e-06 
2.5137337579141795e-06 
2.3809960297143283e-06 
2.256538376106609e-06 
2.1397684199095725e-06 
2.0301352916486532e-06 
1.927132721890827e-06 
1.830291988500079e-06 
1.7391841193690439e-06 
1.6534237592947463e-06 
1.5726505396836852e-06 
1.4965242045673947e-06 
1.4247218375186607e-06 
1.3569724530949196e-06 
1.2929833685716513e-06 
1.232519866050963e-06 
1.1753633258589277e-06 
1.1213020040960538e-06 
1.0701411061721736e-06 
1.021705975134009e-06 
9.7583394900965e-07 
9.324175756322584e-07 
8.912721324158476e-07 
8.52233912467402e-07 
8.151765612873347e-07 
7.799823942458935e-07 
7.465417274030141e-07 
7.14752265675725e-07 
6.845185429617895e-07 
6.557534478438795e-07 
6.283760312413558e-07 
6.023084631448067e-07 
5.77479416401956e-07 
5.538257541452704e-07 
5.312915942889748e-07 
5.0981682727751e-07 
4.893447469185591e-07 
4.698220875536582e-07 
4.5119878623845667e-07 
4.334279307943556e-07 
4.164608646231048e-07 
4.0024773128934463e-07 
3.8474946154033053e-07 
3.6992929235856096e-07 
3.557620132044485e-07 
3.422305528762483e-07 
3.292980124610605e-07 
3.1693013780008153e-07 
3.0509563955689844e-07 
2.9376466936740917e-07 
2.8290700826224477e-07 
2.72499169409173e-07 
2.62519876665776e-07 
2.529489957382342e-07 
2.437674654439926e-07 
2.349572335726093e-07 
2.2650185919459528e-07 
2.1839429978279454e-07 
2.106222458954759e-07 
2.031638803700929e-07 
1.960041895723078e-07 
1.8912941936161749e-07 
1.825265310175898e-07 
1.7618315963571324e-07 
1.7008757519511785e-07 
1.6422868872071001e-07 
1.5859654234013157e-07 
1.5318125098348205e-07 
1.4797309511458008e-07 
1.4296321332968466e-07 
1.3814339906186166e-07 
1.335047860274652e-07 
1.2903954690773823e-07 
1.2473988429001158e-07 
1.2059846147521053e-07 
1.1660889944497051e-07 
1.1276787509621282e-07 
1.0906983112428894e-07 
1.0550924197098961e-07 
1.0208057402782653e-07 
9.877851244349784e-08 
9.559792908439793e-08 
9.253327781566705e-08 
8.957804249594584e-08 
8.672681982271946e-08 
8.397406805820066e-08 
8.131583313147554e-08 
7.874835779351498e-08 
7.626805407842664e-08 
7.387149482226498e-08 
7.155573987478733e-08 
6.931905960591625e-08 
6.715772000048502e-08 
6.506868686705539e-08 
6.304951402725901e-08 
6.11006036880413e-08 
5.921999133297296e-08 
5.740484360492177e-08 
5.565202955046625e-08 
5.395867585894755e-08 
5.2321607940132205e-08 
5.073821203850417e-08 
4.9206537149355804e-08 
4.772470803589409e-08 
4.6290918650808495e-08 
4.4903441103928686e-08 
4.3560616933379015e-08 
4.2260869002982375e-08 
4.100267337670076e-08 
3.978453162666435e-08 
3.860518004663425e-08 
3.746363231092095e-08 
3.635849725228125e-08 
3.528840074094758e-08 
3.4252323408791105e-08 
3.324946201256084e-08 
3.2278768692585886e-08 
3.133911896376799e-08 
