0.0005739923277463002 
0.0005580543897559321 
0.0005426145814948089 
0.0005276596561258123 
0.0005131727394259962 
0.0004991332017343041 
0.00048552631111071506 
0.00047233626518532873 
0.0004595477357017458 
0.00044714669446621586 
0.00043512324865401376 
0.0004234683600424982 
0.00041217059528921013 
0.0004012197747228081 
0.00039059929182851415 
0.00038029530660152217 
0.00037029705030058055 
0.00036059416089756827 
0.0003511782214453403 
0.0003420751725113302 
0.0003332733311792713 
0.0003247233385865852 
0.0003164158904735335 
0.0003083431577685461 
0.0003004975491149429 
0.00029287251862745035 
0.00028546180772556464 
0.00027826191297499516 
0.0002712678762906349 
0.00026447250789050355 
0.0002578689006963046 
0.00025145060326240033 
0.00024523257289244015 
0.00023921323540372096 
0.00023337997331087832 
0.00022772123685821987 
0.0002222210131773692 
0.00021687397702182853 
0.00021167575648330133 
0.0002066209045826379 
0.00020170642547772094 
0.00019692998569697157 
0.0001922865848308926 
0.00018777159101149635 
0.00018338193277441436 
0.00017911407293968068 
0.000174964728728854 
0.0001709298271153874 
0.00016700570040293654 
0.0001631893401928249 
0.00015947731081742179 
0.00015586722827265074 
0.0001523572451475245 
0.00014894423304642607 
0.00014562517625686203 
0.00014239562036064878 
0.00013925284967215206 
0.00013619409256038852 
0.00013321508397207198 
0.00013031341952872058 
0.00012748691304138472 
0.00012473344995263112 
0.00012205102609730025 
0.00011943766325528316 
0.00011689142917829379 
0.00011441088033884342 
0.00011199456447432279 
0.00010963954962247156 
0.00010734417325867518 
0.00010511096833755772 
0.00010294946786121438 
0.00010085339782335395 
9.88093875723152e-05 
9.681711536124862e-05 
9.487486757504066e-05 
9.298090193927119e-05 
9.113359539080608e-05 
8.93312052290012e-05 
8.757214869013957e-05 
8.585549313220124e-05 
8.418004107984417e-05 
8.254456613065549e-05 
8.094828547875917e-05 
7.939164213828106e-05 
7.787375653480223e-05 
7.639352875118694e-05 
7.494989647662188e-05 
7.35418301123376e-05 
7.216832970603583e-05 
7.082846213437709e-05 
6.952404494370634e-05 
6.826033029352265e-05 
6.702948037528401e-05 
6.58293310349104e-05 
6.465897172931776e-05 
6.351679620572373e-05 
6.24017538124423e-05 
6.131284966759491e-05 
6.0249294540968484e-05 
5.921080908522009e-05 
5.8196940333552374e-05 
5.720721781719297e-05 
5.624191229054859e-05 
5.530212442560931e-05 
5.438761610022238e-05 
5.349709292982787e-05 
5.26290401709835e-05 
5.178280341269298e-05 
5.0957775987681555e-05 
5.0153359813923006e-05 
4.936836818842337e-05 
4.8601874814857454e-05 
4.785332255239402e-05 
4.712217212768001e-05 
4.640788714800683e-05 
4.570977975345157e-05 
4.50272723486888e-05 
4.435985022805658e-05 
4.370972153835981e-05 
4.307950335185143e-05 
4.2465152330676624e-05 
4.186617907398908e-05 
4.1282394843022524e-05 
4.071381952696695e-05 
4.016049448077455e-05 
3.9622142987312563e-05 
3.909811838974348e-05 
3.85874661740014e-05 
3.808977864653575e-05 
3.760480872124039e-05 
3.71323904599985e-05 
3.6672252169521454e-05 
3.6224015671530673e-05 
3.578723264616702e-05 
3.5361641337565875e-05 
3.4947006520813175e-05 
3.4543471658744035e-05 
3.4151023814743755e-05 
3.376931895072824e-05 
3.3397949519866744e-05 
3.303699600122658e-05 
3.268632332279444e-05 
3.2345742294117526e-05 
3.201507144099334e-05 
3.169408124029323e-05 
3.138556907705821e-05 
3.108954808977147e-05 
3.0802860647397304e-05 
3.0525288435262216e-05 
3.025673398032856e-05 
2.9997099157344256e-05 
2.9746115544280977e-05 
2.9503389641180007e-05 
2.926879982703594e-05 
2.9042748031458306e-05 
2.8825591833575016e-05 
2.861717387936356e-05 
2.841729883776277e-05 
2.8225781523015467e-05 
2.8042389882851844e-05 
2.786684879617072e-05 
2.7699173397902567e-05 
2.753954263832282e-05 
2.738851632367491e-05 
2.7249117879586436e-05 
2.711938081434253e-05 
2.6998316203284925e-05 
2.6886037800240222e-05 
2.678258320983398e-05 
2.6687917007768094e-05 
2.660215717393435e-05 
2.652539289262901e-05 
2.6457669187570423e-05 
2.639903261852819e-05 
2.634957970763977e-05 
2.6309426308674263e-05 
2.6278737879193813e-05 
2.625764689989147e-05 
2.6246302551115314e-05 
2.624502788016747e-05 
2.6253923861360986e-05 
2.6273141939379796e-05 
2.6303107242320837e-05 
2.634448681266589e-05 
2.6397682165311386e-05 
2.6463103547038596e-05 
2.6541173872968275e-05 
2.6632329950703368e-05 
2.6737044994238504e-05 
2.685544692755246e-05 
2.6987410673345788e-05 
2.7133231194920863e-05 
2.7293426831399456e-05 
2.7468558398200128e-05 
2.765923263118569e-05 
2.7866781819320865e-05 
2.809519331311172e-05 
2.8343125524158887e-05 
2.8610293542189314e-05 
2.8897704217773936e-05 
2.920640123523676e-05 
2.9537679798346838e-05 
2.9893047589581388e-05 
3.0273866466797555e-05 
3.068160247617655e-05 
3.111787890387447e-05 
3.158680208008181e-05 
3.209012922060329e-05 
3.262806681961268e-05 
3.320285683618441e-05 
3.3817002438029086e-05 
3.447323565228101e-05 
3.5174540651619624e-05 
3.5924179541614334e-05 
3.6725708801188246e-05 
3.758307648466653e-05 
3.8500778289074105e-05 
3.9483764689848214e-05 
4.053727163038699e-05 
4.1666997619337804e-05 
4.287922228444996e-05 
4.418160187448378e-05 
4.558183245307992e-05 
4.7088197344373746e-05 
4.870977505500462e-05 
5.045650191413294e-05 
5.233926817610109e-05 
5.4371356355005134e-05 
5.656629046659179e-05 
5.893782247041043e-05 
6.150027717121133e-05 
6.426920507710007e-05 
6.726089750840042e-05 
7.049196137185921e-05 
7.397962411266337e-05 
7.774062062869729e-05 
8.179012947194083e-05 
8.614020182398931e-05 
9.079744736394022e-05 
9.576078117355625e-05 
0.00010101644377890399 
0.00010652874623636637 
0.00011223807564132563 
0.00011804322433327371 
0.00012376963450190745 
0.00012918322223466207 
0.0001339784140083559 
0.00013777261667562518 
0.00014016258050958015 
0.0001407880794468527 
0.0001394143141318626 
0.00013600201453722077 
0.0001307303987598161 
0.00012395829507042607 
0.00011614303856289244 
0.00010775067517464723 
9.918796385357737e-05 
9.076925110981663e-05 
8.27123131052675e-05 
7.51514486392544e-05 
6.815636718813225e-05 
6.175015917972325e-05 
5.592556191107444e-05 
5.0656675035552586e-05 
4.590710353245773e-05 
4.1635553047560103e-05 
3.779947939056073e-05 
3.4356837121252676e-05 
3.126763133090909e-05 
2.849476595276297e-05 
2.6004374904672814e-05 
2.376580554327032e-05 
2.1751653024600387e-05 
1.9937474789754014e-05 
1.830128164339661e-05 
1.682356725243722e-05 
1.54870589085369e-05 
1.4276477828621002e-05 
1.3178315912546389e-05 
1.2180650223923956e-05 
1.1272954244844986e-05 
1.0445875719188099e-05 
9.69131043836443e-06 
9.00205747474005e-06 
8.371282196673715e-06 
7.793582674309624e-06 
7.2639765387955186e-06 
6.777322875527098e-06 
6.329553921942092e-06 
5.917043872211926e-06 
5.536552668038496e-06 
5.1853682092769126e-06 
4.8610515483172925e-06 
4.561183142918326e-06 
4.2836028365843406e-06 
4.026352408016961e-06 
3.7876627835117463e-06 
3.565910323026102e-06 
3.359601841992777e-06 
3.167476025398831e-06 
2.988395362450676e-06 
2.8213235941335833e-06 
2.6653187345698754e-06 
2.519523452067334e-06 
2.3831565299226176e-06 
2.25550527714678e-06 
2.135926167198114e-06 
2.0238490417441916e-06 
1.9187329112088538e-06 
1.8200752667245658e-06 
1.7274146870949625e-06 
1.6403243698903644e-06 
1.558413979471802e-06 
1.4813329986379744e-06 
1.4087539368819766e-06 
1.3403678860781683e-06 
1.2758819700245093e-06 
1.2150502601166835e-06 
1.1576077829921881e-06 
1.1033418107517364e-06 
1.0520543235750734e-06 
1.0035537204031503e-06 
9.576638064716925e-07 
9.142266171551952e-07 
8.7309510530561e-07 
8.341717815760725e-07 
7.972901667116979e-07 
7.623027252107507e-07 
7.29095456648069e-07 
6.975622197943287e-07 
6.676041224397634e-07 
6.391289638819987e-07 
6.120507250847988e-07 
5.862909245659804e-07 
5.617766505197844e-07 
5.384378337251747e-07 
5.162102672137271e-07 
4.950371089998257e-07 
4.748680404614601e-07 
4.5564899935819965e-07 
4.373289978973262e-07 
4.1986015270703854e-07 
4.0319746934324394e-07 
3.872987931982254e-07 
3.721204330797913e-07 
3.576176465312658e-07 
3.437553483643958e-07 
3.305005302654482e-07 
3.1783051959213094e-07 
3.057299272490829e-07 
2.941656622068374e-07 
2.8310700820011757e-07 
2.7252590835448514e-07 
2.6239560284116396e-07 
2.526890099148602e-07 
2.433850692086293e-07 
2.3446470199651762e-07 
2.2590985583695394e-07 
2.1770344261151392e-07 
2.098292807234445e-07 
2.0227263250159125e-07 
1.9502715764724205e-07 
1.880818159608569e-07 
1.814170808522205e-07 
1.75019505128222e-07 
1.6887676962224098e-07 
1.6297719705089444e-07 
1.5730971460565102e-07 
1.5186381895326686e-07 
1.4662958151985276e-07 
1.4159808581868573e-07 
1.3676048236456186e-07 
1.3210807133884312e-07 
1.2763292079371224e-07 
1.2332768498726494e-07 
1.1918443069027374e-07 
1.1519615359839371e-07 
1.1135587737964829e-07 
1.0765703817826846e-07 
1.0409392814317248e-07 
1.0066356831097134e-07 
9.736098613249648e-08 
9.418123824331621e-08 
9.111937489034974e-08 
8.817064233973414e-08 
8.533045422366482e-08 
8.259385172779909e-08 
7.995501087464634e-08 
7.740910161385866e-08 
7.495117089861572e-08 
7.257768327910194e-08 
7.028527941891697e-08 
6.807075148278482e-08 
6.593103553699981e-08 
6.386350266602681e-08 
6.18666046555734e-08 
5.993700466958607e-08 
5.807199076551509e-08 
5.626937606060459e-08 
5.452951596792737e-08 
5.285065386567255e-08 
5.12302579543349e-08 
4.966553107561324e-08 
4.8153906220804633e-08 
4.669254771980751e-08 
4.5279120597846214e-08 
4.391188149486407e-08 
4.258915481447048e-08 
4.130932684359097e-08 
4.007085374599405e-08 
3.8872253764006986e-08 
3.771211782727571e-08 
3.6589084446583885e-08 
3.550181499607883e-08 
3.444918039880132e-08 
3.34302991814393e-08 
3.244392869146778e-08 
3.148884156050609e-08 
3.05641270591964e-08 
2.966906737567406e-08 
2.8802726481927295e-08 
2.7964100037280544e-08 
