0.0007922723236981009 
0.0007702622485705884 
0.0007489402244923047 
0.0007282879466903546 
0.0007082821044258189 
0.0006888942046592972 
0.000670103895381347 
0.0006518893480056748 
0.0006342293891608657 
0.0006171046405549303 
0.0006005014317863851 
0.0005844072722824823 
0.0005688063665124401 
0.0005536846496230142 
0.0005390191883557958 
0.0005247908682539741 
0.0005109848139064238 
0.0004975867117697591 
0.00048458493290749955 
0.00047201525733840395 
0.0004598615479475834 
0.00044805568281374136 
0.0004365848113016258 
0.0004254381188028673 
0.000414605119183687 
0.0004040767692331174 
0.0003938444225143285 
0.0003839032340893991 
0.0003742463522309979 
0.00036486384662599733 
0.00035574617747680966 
0.00034688443403949894 
0.00033829923947641046 
0.00032998841011648973 
0.0003219345285248664 
0.0003141216513053872 
0.00030652767983232315 
0.0002991452591652338 
0.0002919683497250193 
0.0002849894293980851 
0.00027820435725909253 
0.00027160990607664456 
0.00026519917046759304 
0.00025896575374576426 
0.0002529054115932738 
0.0002470132576138196 
0.00024128475649882677 
0.00023571428340667618 
0.00023029677278908728 
0.0002250280685348656 
0.0002199034255913289 
0.00021491954929855447 
0.00021007388500641398 
0.00020536211192682475 
0.00020078006490372664 
0.00019632159549275692 
0.00019198295288790052 
0.00018776030939557386 
0.00018364777877783066 
0.00017964204033156018 
0.00017574007434867692 
0.0001719389600541286 
0.000168235929025771 
0.00016462824877861676 
0.00016111325036933144 
0.00015768893861998595 
0.000154353306404895 
0.0001511023074125505 
0.00014793364516578283 
0.0001448508050252304 
0.00014186691792169098 
0.00013897333099697476 
0.0001361516138181746 
0.0001334013182390217 
0.00013072007828489226 
0.00012810548870192438 
0.00012555530869573923 
0.0001230671328580324 
0.00012063877634887369 
0.00011826895010683903 
0.00011595600033870911 
0.00011369823354337245 
0.00011149456735988561 
0.00010934560778921477 
0.00010725013906317896 
0.00010520664203386042 
0.00010321364947100827 
0.00010126973931616213 
9.937353045646056e-05 
9.752373391677981e-05 
9.572284803957215e-05 
9.39780991453803e-05 
9.227869105623033e-05 
9.062164011642425e-05 
8.900568879843998e-05 
8.742862207709375e-05 
8.588898999318811e-05 
8.438541952966695e-05 
8.291682086865737e-05 
8.148280598451364e-05 
8.00827478943954e-05 
7.871599554380045e-05 
7.738291774108344e-05 
7.608502485756416e-05 
7.482198491874497e-05 
7.359201284786052e-05 
7.239302076165269e-05 
7.122410451081348e-05 
7.008442570113366e-05 
6.897315782278916e-05 
6.78886650043311e-05 
6.682966976836221e-05 
6.57954024361518e-05 
6.478511798118187e-05 
6.379807542177123e-05 
6.283332565534712e-05 
6.189007130032439e-05 
6.096760153020282e-05 
6.0068947560721885e-05 
5.9197701334070696e-05 
5.834830170850928e-05 
5.752007211149134e-05 
5.671274908500441e-05 
5.5926355670970573e-05 
5.5160944199529415e-05 
5.4416129951296105e-05 
5.369102014074395e-05 
5.2984299422072226e-05 
5.229540355509165e-05 
5.162398882378618e-05 
5.096982284727407e-05 
5.0332527993030596e-05 
4.971158045463149e-05 
4.9106360206569616e-05 
4.851650326690558e-05 
4.794168200560602e-05 
4.738208815505474e-05 
4.683769861751085e-05 
4.630803601859004e-05 
4.579253590149699e-05 
4.5291302898373725e-05 
4.4804145844878776e-05 
4.4330799226931026e-05 
4.387100796102633e-05 
4.3424450974357416e-05 
4.299495364727063e-05 
4.258252501032808e-05 
4.2182831408820266e-05 
4.17955662400135e-05 
4.142058815796728e-05 
4.1057754622867995e-05 
4.070668973075007e-05 
4.0366846287232695e-05 
4.003804898249506e-05 
3.97208382185646e-05 
3.9415692814914075e-05 
3.9122386684806715e-05 
3.884064144134865e-05 
3.857019219113139e-05 
3.831070961031903e-05 
3.806180518533186e-05 
3.7823486420232333e-05 
3.759598370674264e-05 
3.738004621131402e-05 
3.7179782928334636e-05 
3.6992490747813596e-05 
3.6816801514904667e-05 
3.6652850779014615e-05 
3.650066898233086e-05 
3.6360185786432467e-05 
3.623153853843509e-05 
3.611482374985323e-05 
3.6010076146456784e-05 
3.591733082764829e-05 
3.5836688998578325e-05 
3.5768276062334e-05 
3.571228255320509e-05 
3.566885164489561e-05 
3.563814650204477e-05 
3.5620563334238863e-05 
3.561619349400495e-05 
3.562519346117329e-05 
3.5648086932852574e-05 
3.568572053526127e-05 
3.573857552847553e-05 
3.580713941812683e-05 
3.5891910772057435e-05 
3.59934003017153e-05 
3.611216063486613e-05 
3.624827031031001e-05 
3.640145915588196e-05 
3.6572016044758975e-05 
3.6760521289413586e-05 
3.696760117377243e-05 
3.719393132259636e-05 
3.744114845684786e-05 
3.771443500091098e-05 
3.8011792648780365e-05 
3.833262955578558e-05 
3.86780671084628e-05 
3.9049251290465905e-05 
3.944763663340078e-05 
3.987492938891576e-05 
4.033260516383808e-05 
4.082223903534423e-05 
4.134557099570707e-05 
4.190758553685954e-05 
4.251007988578218e-05 
4.315273650198386e-05 
4.383786857449446e-05 
4.456805171132631e-05 
4.534606910812674e-05 
4.6174928721353716e-05 
4.705788166790481e-05 
4.7998426045067156e-05 
4.9000413536085954e-05 
5.006822819521903e-05 
5.1206636067443044e-05 
5.2420534161045334e-05 
5.371514621863579e-05 
5.509613508655981e-05 
5.6570574096736684e-05 
5.814517012431272e-05 
5.982691224026745e-05 
6.162326926573417e-05 
6.354219085402945e-05 
6.559214068521066e-05 
6.778379137109066e-05 
7.012720129139549e-05 
7.263170300795079e-05 
7.530622804152017e-05 
7.815998675791847e-05 
8.120173778362929e-05 
8.443915112041379e-05 
8.787906657006268e-05 
9.152607693229161e-05 
9.538127008627889e-05 
9.944052930790309e-05 
0.00010369224288939208 
0.00010811553608317536 
0.00011267614042846149 
0.00011731880865938575 
0.00012196972802805414 
0.00012652407967989984 
0.00013082215332507735 
0.00013467670080574275 
0.00013787038692050983 
0.00014015306793646365 
0.0001412871743494206 
0.00014107898821108267 
0.0001394143141318626 
0.00013628624984523592 
0.0001318031430121575 
0.00012617188487950616 
0.00011966413932380286 
0.00011257479668384475 
0.00010518431450246948 
9.773375711487457e-05 
9.041322879430532e-05 
8.336127022794487e-05 
7.667031730843721e-05 
7.03943735481851e-05 
6.455877720133664e-05 
5.916827669608482e-05 
5.4213468705845746e-05 
4.967587630062791e-05 
4.553171413029138e-05 
4.175393563585217e-05 
3.8314325011885785e-05 
3.518489069275769e-05 
3.2338682996967584e-05 
2.9750183103157644e-05 
2.7395729948892534e-05 
2.5253511681878573e-05 
2.3303226603759608e-05 
2.1526381318329573e-05 
1.9906202737572494e-05 
1.8427526576404898e-05 
1.707667542273421e-05 
1.5841358254708576e-05 
1.4710542546019829e-05 
1.36742622981633e-05 
1.2723796176249612e-05 
1.1851285385993902e-05 
1.104908096943646e-05 
1.0311194388122655e-05 
9.632004744744211e-06 
9.005519687534953e-06 
8.427032964514238e-06 
7.8923133226154e-06 
7.397548430750514e-06 
6.939551051132821e-06 
6.515432644834391e-06 
6.122273374135111e-06 
5.757451573621128e-06 
5.418574560802712e-06 
5.103467999758102e-06 
4.810122572247588e-06 
4.536678345542175e-06 
4.281565778453816e-06 
4.0433635772816906e-06 
3.820771033253855e-06 
3.6126009542541393e-06 
3.4177686753201946e-06 
3.2352822235073915e-06 
3.0642335101037552e-06 
2.9038004860214455e-06 
2.7532539975908676e-06 
2.611898642580845e-06 
2.4790861739180328e-06 
2.3542197285139176e-06 
2.236745615969057e-06 
2.1261563581764763e-06 
2.021995730581455e-06 
1.9238362585859966e-06 
1.8312734724709595e-06 
1.7439226995740548e-06 
1.661461579133821e-06 
1.5835400951750381e-06 
1.5098782261341833e-06 
1.440214824093055e-06 
1.3742964110994551e-06 
1.3118896048562807e-06 
1.2527851106535457e-06 
1.1967878127187496e-06 
1.1437698445315022e-06 
1.093508155278229e-06 
1.045805062473732e-06 
1.0005083610930865e-06 
9.574761841927681e-07 
9.165762150027885e-07 
8.776849655089001e-07 
8.406871153885605e-07 
8.054774096677497e-07 
7.719579881958286e-07 
7.400346653720197e-07 
7.096211029258175e-07 
6.806408998788074e-07 
6.53026458565049e-07 
6.267048834867322e-07 
6.016073673852602e-07 
5.7766924635508e-07 
5.548297160398161e-07 
5.330317755125187e-07 
5.122162136114992e-07 
4.923222824198457e-07 
4.7330244693871374e-07 
4.551119612057614e-07 
4.377202493231022e-07 
4.211067145456421e-07 
4.0522633016308646e-07 
3.9003728821804394e-07 
3.7550139717029966e-07 
3.615822098277895e-07 
3.482427959846071e-07 
3.3545448780584785e-07 
3.231913178268939e-07 
3.114287052697075e-07 
3.001433730924488e-07 
2.893132705451368e-07 
2.7891831625966954e-07 
2.6894998944029243e-07 
2.593932728871266e-07 
2.5022142878285016e-07 
2.4141608649342956e-07 
2.32960416698386e-07 
2.2483846220407292e-07 
2.1703508746267254e-07 
2.0953593131451143e-07 
2.0232741522241085e-07 
1.953973476460119e-07 
1.8873362080772665e-07 
1.8232432531630513e-07 
1.761586039537602e-07 
1.702264016764291e-07 
1.6451684613073717e-07 
1.5902034110284173e-07 
1.5372732344951199e-07 
1.486287942544762e-07 
1.4371693162757301e-07 
1.3898767719092683e-07 
1.3443421651159523e-07 
1.300497717708465e-07 
1.2582755285730687e-07 
1.2176103707114487e-07 
1.1784392979138655e-07 
1.1406941916123207e-07 
1.104294956227383e-07 
1.0691751960222251e-07 
1.0352667917774073e-07 
1.0025211821164555e-07 
9.708922190714051e-08 
9.403358295408031e-08 
9.108099116114696e-08 
8.822783575464643e-08 
8.547199759662902e-08 
8.280888528326658e-08 
8.023476939309339e-08 
7.77466447524372e-08 
7.534501789954683e-08 
7.302747642273322e-08 
7.079053585079165e-08 
6.863034404418688e-08 
6.654336592868529e-08 
6.452569426550414e-08 
6.257411287371978e-08 
6.068622241396875e-08 
5.8859716548205296e-08 
5.7092373855629394e-08 
5.5382068919895067e-08 
5.3726761589697563e-08 
5.212451167706222e-08 
5.0573444290920806e-08 
4.907171570103041e-08 
4.7617771409194304e-08 
4.6210398802301034e-08 
4.484788567558907e-08 
4.352854059779579e-08 
4.2251109514613e-08 
4.101460477500474e-08 
3.9817736806178366e-08 
3.8659121330790524e-08 
