0.0005088663621044751 
0.0004947389104863775 
0.00048105297616217436 
0.0004677968192006084 
0.0004549554836889847 
0.0004425106841305159 
0.00043044936349000216 
0.00041875751557863953 
0.00040742155437368974 
0.00039642904628872097 
0.0003857712239195064 
0.00037544007745463526 
0.000365425473527459 
0.00035571839015035347 
0.0003463041072188831 
0.0003371703572020571 
0.0003283075953952746 
0.00031970663756737813 
0.00031136002390680584 
0.00030329075658133063 
0.00029548848041317365 
0.0002879094354596881 
0.00028054537468925504 
0.00027338935891067003 
0.00026643465960712225 
0.00025967547513653635 
0.0002531062585230602 
0.00024672390559999426 
0.0002405240223969296 
0.00023450023611500486 
0.0002286464245248369 
0.0002229568693040631 
0.00021744483492855876 
0.00021210892790462444 
0.00020693796267384624 
0.00020192170020985774 
0.0001970459437801159 
0.00019230597322696726 
0.00018769791366292485 
0.00018321693684627817 
0.00017886038796133087 
0.00017462619951801563 
0.00017050993911136783 
0.00016650750106178357 
0.00016261616332242712 
0.00015883279082948114 
0.00015515447406722592 
0.00015157760269787334 
0.00014809892575860404 
0.00014471577689095224 
0.00014142511079049796 
0.00013822481472378447 
0.00013511325179095242 
0.00013208764906909686 
0.00012914533351464163 
0.00012628235612961201 
0.00012349630981218124 
0.00012078473779897872 
0.00011814385881225744 
0.00011557154165728677 
0.00011306584860517523 
0.00011062490541944923 
0.00010824693573450658 
0.00010593018616198341 
0.0001036729440525787 
0.00010147393018205788 
9.933185756129325e-05 
9.724412677212052e-05 
9.520926425310941e-05 
9.322951764758486e-05 
9.131334357709993e-05 
8.945517853999034e-05 
8.764316416339973e-05 
8.587701598373765e-05 
8.415521495010376e-05 
8.247621655051605e-05 
8.083858197494561e-05 
7.924076625026934e-05 
7.768136623014826e-05 
7.615955542868753e-05 
7.46742724188365e-05 
7.322443008643393e-05 
7.18093348036413e-05 
7.042938037476651e-05 
6.908378735237767e-05 
6.777158080157479e-05 
6.649181912503185e-05 
6.524358972218452e-05 
6.402600627049026e-05 
6.283824171418325e-05 
6.16819093774442e-05 
6.056166995641369e-05 
5.9470570661171215e-05 
5.840669221676328e-05 
5.736922753254553e-05 
5.635675220992622e-05 
5.536833476243566e-05 
5.4403093152695844e-05 
5.346032778823445e-05 
5.253979149060287e-05 
5.164108302907511e-05 
5.0763785640411954e-05 
4.990814030724727e-05 
4.9075124528600905e-05 
4.8264527839364845e-05 
4.747520242576285e-05 
4.670580485727174e-05 
4.595575514695011e-05 
4.5224515662631775e-05 
4.4511556376962854e-05 
4.3815824830147075e-05 
4.313649962352335e-05 
4.247308696447368e-05 
4.182510890278597e-05 
4.1192090029095535e-05 
4.0573420470344326e-05 
3.9968588199152194e-05 
3.937713699081399e-05 
3.8801027670420246e-05 
3.824258430767166e-05 
3.7698218518272586e-05 
3.716749664373066e-05 
3.665025193802299e-05 
3.6146502895308454e-05 
3.5656287106575045e-05 
3.517935979855273e-05 
3.4715147739822074e-05 
3.4262804314833315e-05 
3.3821968392676934e-05 
3.339242145178884e-05 
3.297401704215046e-05 
3.25665148196525e-05 
3.216957988259601e-05 
3.178281503190772e-05 
3.1405988749237184e-05 
3.103889309002869e-05 
3.0681656476737344e-05 
3.0334268477445595e-05 
2.9996424598613117e-05 
2.9667763933577762e-05 
2.934835910623334e-05 
2.9038091314711193e-05 
2.8736793713703097e-05 
2.844430634349384e-05 
2.8160426585333238e-05 
2.7887641400064726e-05 
2.7625964244071552e-05 
2.7372591006433752e-05 
2.7127329211286703e-05 
2.6890093815210105e-05 
2.6660799257440117e-05 
2.6439208678424003e-05 
2.6224974074065773e-05 
2.6017989132384687e-05 
2.5818613040384772e-05 
2.562716574480891e-05 
2.5443509556553524e-05 
2.5267473102067237e-05 
2.509889410825592e-05 
2.4937568710595678e-05 
2.4783254820611887e-05 
2.4635968579854234e-05 
2.4495871996353513e-05 
2.436346607961832e-05 
2.4241443864869326e-05 
2.412805997770511e-05 
2.4022438500806776e-05 
2.392468466429178e-05 
2.383483620854465e-05 
2.375286614810882e-05 
2.367888431048024e-05 
2.36129752334175e-05 
2.3555184495480797e-05 
2.3505559409378865e-05 
2.3464192174236344e-05 
2.343119265193683e-05 
2.3406715375691433e-05 
2.3390886052125728e-05 
2.338384584496586e-05 
2.3385891477588768e-05 
2.3397122537260693e-05 
2.3417684318368803e-05 
2.3447966899579443e-05 
2.3488577080407118e-05 
2.3539886146117215e-05 
2.360227438655684e-05 
2.367613472357328e-05 
2.3761873934604912e-05 
2.3859932890364486e-05 
2.397044604736188e-05 
2.4093323679450936e-05 
2.422885278141955e-05 
2.4377522000760593e-05 
2.453986047159321e-05 
2.4716441191058176e-05 
2.4908488833841813e-05 
2.5119606101015844e-05 
2.5348637215018817e-05 
2.559537414657004e-05 
2.5860768705834538e-05 
2.614581146718242e-05 
2.645172472131428e-05 
2.677992863697892e-05 
2.7131721368009907e-05 
2.7508503940008038e-05 
2.791182913613096e-05 
2.83454902218212e-05 
2.8811189414580963e-05 
2.9309251919772623e-05 
2.9841847254014906e-05 
3.041140070996272e-05 
3.1020567594486695e-05 
3.167225794039743e-05 
3.236966410758718e-05 
3.311628070450504e-05 
3.3915998225245915e-05 
3.477325117199183e-05 
3.569294299647553e-05 
3.668030279413947e-05 
3.774105633467906e-05 
3.8881546650221186e-05 
4.0109471920568614e-05 
4.143269301653107e-05 
4.285974998231777e-05 
4.4400075848586724e-05 
4.606408311915331e-05 
4.786328571472024e-05 
4.98116563908116e-05 
5.192371065773765e-05 
5.4214540811230664e-05 
5.670018546110249e-05 
5.939829376263352e-05 
6.232775113436977e-05 
6.550836098179283e-05 
6.896120668896292e-05 
7.27076981017473e-05 
7.676864618726665e-05 
8.116283173402411e-05 
8.590481164249488e-05 
9.100266413952657e-05 
9.645293051263884e-05 
0.00010223102659683417 
0.00010828782746558988 
0.00011453002999656417 
0.00012078480874885501 
0.0001268065657847877 
0.0001322580234955086 
0.00013669956358613176 
0.00013964751009200733 
0.00014065343940105457 
0.0001394143141318626 
0.00013587046730423506 
0.00013023919509918733 
0.0001229612240552267 
0.00011458917259900789 
0.0001056696864892912 
9.66614521581745e-05 
8.790208597380051e-05 
7.961148932281415e-05 
7.191373723279394e-05 
6.486288580543247e-05 
5.846533542288349e-05 
5.269835437181991e-05 
4.752274010485588e-05 
4.289117691007708e-05 
3.875368059250543e-05 
3.506095224668805e-05 
3.176583717720072e-05 
2.8824555605967362e-05 
2.619726976100021e-05 
2.384818406418864e-05 
2.174534667615727e-05 
1.9860521718487564e-05 
1.816879192596414e-05 
1.6647981085186034e-05 
1.5278587333507474e-05 
1.4043477783140414e-05 
1.292760617713434e-05 
1.1917757505844036e-05 
1.100233672242063e-05 
1.0171162693524552e-05 
9.415238848202991e-06 
8.726796162693005e-06 
8.098962959792649e-06 
7.52526667648145e-06 
7.000580609318471e-06 
6.520201569511672e-06 
6.079323547498757e-06 
5.674136893644344e-06 
5.301255297016505e-06 
4.9576606892284575e-06 
4.6408266007988686e-06 
4.348486590499262e-06 
4.0784047830819545e-06 
3.8285886323532664e-06 
3.59723567715894e-06 
3.382720574185514e-06 
3.1835547626247456e-06 
2.9983720349622086e-06 
2.8260181203277876e-06 
2.6654533892817786e-06 
2.515732096437938e-06 
2.375995623976115e-06 
2.2454634512999157e-06 
2.123425158173633e-06 
2.0092333339558566e-06 
1.902303865243603e-06 
1.8021194324652585e-06 
1.7081899403483327e-06 
1.6200606501089595e-06 
1.5373143542251804e-06 
1.459565490253137e-06 
1.3864616746359882e-06 
1.3176865854549129e-06 
1.2529449380159419e-06 
1.1919584636901213e-06 
1.1344635835996375e-06 
1.0802388436420313e-06 
1.0290461881070028e-06 
9.806943051009373e-07 
9.350052112585224e-07 
8.918068548633347e-07 
8.509410781849338e-07 
8.122661012913746e-07 
7.756500020497321e-07 
7.410050226106969e-07 
7.081822393412472e-07 
6.770496781803609e-07 
6.475052557709306e-07 
6.194539579522942e-07 
5.928072878632955e-07 
5.674827620002144e-07 
5.434034496464182e-07 
5.204991695860512e-07 
4.987047364240307e-07 
4.779575342236546e-07 
4.582001924631985e-07 
4.393819150632405e-07 
4.214577287726585e-07 
4.043793674138315e-07 
3.8810132106268114e-07 
3.725808598819016e-07 
3.5777784037036014e-07 
3.436546595300714e-07 
3.30172369724981e-07 
3.1729110819474754e-07 
3.0497959655013227e-07 
2.9320841285388007e-07 
2.8195731689115375e-07 
2.712125400908871e-07 
2.609446198761695e-07 
2.511262105327822e-07 
2.4173233459668143e-07 
2.327391734545028e-07 
2.2412263065565695e-07 
2.1586395743477098e-07 
2.0794616862119808e-07 
2.0035319470903345e-07 
1.9306982642170917e-07 
1.8608166301084256e-07 
1.793755884248467e-07 
1.7294593706392195e-07 
1.6678287849238033e-07 
1.608690601364679e-07 
1.5519252371542705e-07 
1.4974231403226035e-07 
1.445080476335195e-07 
1.3947987942055192e-07 
1.3464847141614344e-07 
1.3000499726581098e-07 
1.2554152980214845e-07 
1.212502029467014e-07 
1.171232848937277e-07 
1.1315372607700028e-07 
1.0933499797126311e-07 
1.0566005246102934e-07 
1.021226661274128e-07 
9.871664142110185e-08 
9.543614745633255e-08 
9.227611309961134e-08 
8.923388708938277e-08 
8.630505160988899e-08 
8.348521542726673e-08 
8.076998231450544e-08 
7.815513043137543e-08 
7.563658688026734e-08 
7.320994918293714e-08 
7.087004853971476e-08 
6.861259767640363e-08 
6.643320077408117e-08 
6.432871894407378e-08 
6.229616976556971e-08 
6.033270544308815e-08 
5.843560604566683e-08 
5.6602537501902195e-08 
5.483212383304012e-08 
5.3121404041155755e-08 
5.146797122687114e-08 
4.98698840704497e-08 
4.8327454595495203e-08 
4.6839123141666243e-08 
4.5402643225075006e-08 
4.4015533379203106e-08 
4.267551629082709e-08 
4.1380076724123624e-08 
4.012714333805682e-08 
3.891516923457572e-08 
3.7742667692947317e-08 
3.6608206950337746e-08 
3.551041727803408e-08 
3.444798406325005e-08 
3.3419657203610995e-08 
3.2424228851960634e-08 
3.146051150661269e-08 
3.052750344026522e-08 
2.962442241276459e-08 
2.8750166187868734e-08 
2.7903646141258278e-08 
2.708405429932523e-08 
2.62907536940301e-08 
2.552291403838676e-08 
2.4779644562813388e-08 
