0.00044759017804319725 
0.00043516568830031117 
0.0004231294719237516 
0.00041147120589743615 
0.00040017773834731123 
0.00038923298855270615 
0.00037862547457938637 
0.00036834287948803906 
0.00035837325578297997 
0.0003487056695330718 
0.0003393324115334145 
0.00033024643890771277 
0.0003214388407802806 
0.00031290168378512263 
0.00030462202219925713 
0.00029658906750473486 
0.0002887944261623684 
0.00028123002162195904 
0.00027388929412844543 
0.00026679248001275157 
0.0002599304728395851 
0.0002532647809455074 
0.0002467881516675623 
0.000240494482721087 
0.0002343778570699174 
0.00022843317296097996 
0.00022265555260774376 
0.0002170422670969172 
0.00021158945286067302 
0.00020629150550350266 
0.00020114304097834575 
0.00019613903048395712 
0.00019129114474397148 
0.00018659815978666814 
0.000182050237257978 
0.00017763837131462394 
0.0001733500741673994 
0.00016918119477339383 
0.00016512832565695248 
0.00016118722057107494 
0.0001573555453071049 
0.00015363148234793264 
0.00015001113356451023 
0.00014649088820910776 
0.000143068352781276 
0.00013974077038022645 
0.0001365055825028378 
0.000133359614018954 
0.0001303000059267673 
0.0001273244135248595 
0.00012443015866865132 
0.0001216153836780808 
0.00011887864951018814 
0.00011621751758027823 
0.00011362963714042319 
0.00011111153473228978 
0.00010866109348966406 
0.00010627615281204318 
0.00010395338663324004 
0.00010169092070506987 
9.948705097545227e-05 
9.73401292294999e-05 
9.524859334109444e-05 
9.321090137460854e-05 
9.122554721396547e-05 
8.929140610497297e-05 
8.740734644631898e-05 
8.557108173446754e-05 
8.378131612406226e-05 
8.204002832804813e-05 
8.035466099352074e-05 
7.872031943908341e-05 
7.712656928773823e-05 
7.557316097443234e-05 
7.405875848005581e-05 
7.258200334605938e-05 
7.11416301012513e-05 
6.973627981250183e-05 
6.836471832537206e-05 
6.702621895673967e-05 
6.571984824386569e-05 
6.444465009516979e-05 
6.320001470597388e-05 
6.198628933465878e-05 
6.080278866592023e-05 
5.9648655316775164e-05 
5.852306122587633e-05 
5.742520383387912e-05 
5.6354303691264013e-05 
5.530963349544064e-05 
5.429261395654691e-05 
5.330734823603173e-05 
5.234771724035227e-05 
5.1412032254585784e-05 
5.049958349336351e-05 
4.960911775478872e-05 
4.873981568444654e-05 
4.789090142833433e-05 
4.706175971300232e-05 
4.625217351838835e-05 
4.546179021338602e-05 
4.469024349129249e-05 
4.393774610403969e-05 
4.320515926316983e-05 
4.2492298379041316e-05 
4.1798153613986164e-05 
4.112154285351374e-05 
4.046195609689074e-05 
3.981892062133798e-05 
3.919197038797942e-05 
3.858017934000734e-05 
3.798282482443618e-05 
3.739947262327827e-05 
3.682970245518257e-05 
3.6273096263045986e-05 
3.572911756677923e-05 
3.5197316025980574e-05 
3.4677290423728056e-05 
3.417076814111475e-05 
3.367979665816266e-05 
3.320121653621957e-05 
3.273464651816835e-05 
3.227994042077835e-05 
3.183711523045003e-05 
3.1406204786449846e-05 
3.098699424929918e-05 
3.057897946494588e-05 
3.0181415436297594e-05 
2.979398477751462e-05 
2.9416495726327844e-05 
2.9048820022279613e-05 
2.869074670304618e-05 
2.83419815071253e-05 
2.8002175282883362e-05 
2.7671124845344203e-05 
2.7348647789206065e-05 
2.703485810877113e-05 
2.672974749877128e-05 
2.6433048564861496e-05 
2.6144444201728398e-05 
2.5863999359327875e-05 
2.5591610338239878e-05 
2.5327131127374133e-05 
2.5070421810231267e-05 
2.482130489770626e-05 
2.4581973688698595e-05 
2.435244154042393e-05 
2.413023807429216e-05 
2.3915194898888048e-05 
2.3707238370785552e-05 
2.3506294443674187e-05 
2.3312155723410956e-05 
2.312451684186432e-05 
2.2943285570773046e-05 
2.27687802533354e-05 
2.2601284785459608e-05 
2.244067959852756e-05 
2.2286815484686783e-05 
2.2139551331973574e-05 
2.1998709413003976e-05 
2.186407834770929e-05 
2.1735674649654845e-05 
2.161364366970637e-05 
2.1498430075103433e-05 
2.139241321859623e-05 
2.1294056297642678e-05 
2.1202589612057252e-05 
2.1118109452997762e-05 
2.1040652772729935e-05 
2.09701996143459e-05 
2.090685104763531e-05 
2.0850686107409614e-05 
2.080174973120513e-05 
2.07600887051198e-05 
2.0725789805323206e-05 
2.0698955797253122e-05 
2.0679729336727578e-05 
2.066822808479593e-05 
2.0664583864629974e-05 
2.0669066537953093e-05 
2.0681772378552827e-05 
2.0702838698560176e-05 
2.073261995351474e-05 
2.077166314887784e-05 
2.0820308084928643e-05 
2.0878903589432907e-05 
2.094781083025718e-05 
2.1027404515270744e-05 
2.1118090935246095e-05 
2.1220006691239722e-05 
2.1333091379220475e-05 
2.1457619693849144e-05 
2.1594046857502274e-05 
2.1742866215408957e-05 
2.1904612497769343e-05 
2.2080400923428678e-05 
2.2273458985986013e-05 
2.2482800187823103e-05 
2.2708281141706673e-05 
2.2950791288306728e-05 
2.3211259688770503e-05 
2.3490827023611785e-05 
2.3790816563370517e-05 
2.411245099202917e-05 
2.4457053059702695e-05 
2.4826090281521695e-05 
2.5223035059043903e-05 
2.5649514555016557e-05 
2.6105944169310997e-05 
2.6594396929642885e-05 
2.7117193364315402e-05 
2.7676881731224116e-05 
2.8276263712460812e-05 
2.891842333641577e-05 
2.9606749802123385e-05 
3.034502712988958e-05 
3.113757393485017e-05 
3.1989185029180117e-05 
3.290501290034908e-05 
3.389073230890719e-05 
3.495266231378106e-05 
3.60984468475767e-05 
3.733600353911727e-05 
3.8674009997876526e-05 
4.01221237628401e-05 
4.169109314157922e-05 
4.3392906269194205e-05 
4.524206965983383e-05 
4.7253929565429374e-05 
4.944476052716686e-05 
5.183216888197501e-05 
5.443578003534121e-05 
5.727699133474467e-05 
6.037878308218528e-05 
6.376616495330107e-05 
6.746541988666646e-05 
7.15033659755992e-05 
7.590612908099236e-05 
8.069715556515389e-05 
8.589506887446794e-05 
9.150869115595577e-05 
9.752733143554012e-05 
0.00010391612896465173 
0.00011059455003488757 
0.00011739714511610986 
0.0001240717455379575 
0.00013025074251185533 
0.00013543121795053898 
0.00013903208703612018 
0.00014049139843964737 
0.0001394143141318625 
0.00013571215207839487 
0.00012965238730549853 
0.00012178330364898674 
0.00011277819748693973 
0.00010327965640422692 
9.38021391064886e-05 
8.470275053742658e-05 
7.619672989586814e-05 
6.839117601602732e-05 
6.131908070308243e-05 
5.496631792025679e-05 
4.929219356803735e-05 
4.4242715006578034e-05 
3.9758860169397266e-05 
3.578163773893513e-05 
3.225497687699108e-05 
2.9126780000805636e-05 
2.6349751236761944e-05 
2.3881628205993614e-05 
2.168501627076041e-05 
1.9726986355745433e-05 
1.7978772241828765e-05 
1.6415254854323722e-05 
1.5014313201976873e-05 
1.3756661476097285e-05 
1.2625489154964054e-05 
1.16061384707977e-05 
1.0685819708957977e-05 
9.853377096347931e-06 
9.099068239890617e-06 
8.414330001716506e-06 
7.791793615573207e-06 
7.2249705653818434e-06 
6.707793388147623e-06 
6.23544804819685e-06 
5.803540823538979e-06 
5.407622701116656e-06 
5.04416167549127e-06 
4.710026731548018e-06 
4.402434494051812e-06 
4.119055094644125e-06 
3.857803419640309e-06 
3.6166332715173257e-06 
3.3937243679227435e-06 
3.187433430415041e-06 
2.996281303340383e-06 
2.8189160633475577e-06 
2.6540992957040595e-06 
2.500784566171471e-06 
2.3580305461340974e-06 
2.224982080476471e-06 
2.1008637401702213e-06 
1.9849714361869594e-06 
1.8766650106233003e-06 
1.7753616818268594e-06 
1.6805360525108038e-06 
1.5917229830855425e-06 
1.508482457031139e-06 
1.430406624575046e-06 
1.3571215963421715e-06 
1.2882821352312162e-06 
1.2235729146136e-06 
1.1627109769517666e-06 
1.105432400970211e-06 
1.051488694990074e-06 
1.0006446946205805e-06 
9.527027152867762e-07 
9.074507114648026e-07 
8.647181132427059e-07 
8.243463197411759e-07 
7.861821521790658e-07 
7.500848522719894e-07 
7.159282500818592e-07 
6.83594997852489e-07 
6.530067869421404e-07 
6.240315070793345e-07 
5.965520872390318e-07 
5.704778826468044e-07 
5.457245521948152e-07 
5.222135637277099e-07 
4.99871742586967e-07 
4.786308592483896e-07 
4.584286773925034e-07 
4.3920740375877437e-07 
4.20911546659085e-07 
4.034902687275432e-07 
3.868985531921238e-07 
3.710965381590509e-07 
3.560414871443741e-07 
3.4169311370029375e-07 
3.280136000711362e-07 
3.1496742449698e-07 
3.0252131895568965e-07 
2.9064084745778495e-07 
2.792907832065178e-07 
2.684434691301979e-07 
2.5807289378868793e-07 
2.481611374726644e-07 
2.386959849234249e-07 
2.2965141630012172e-07 
2.2100328335278796e-07 
2.1272952974675773e-07 
2.0480912593808012e-07 
1.972208043072176e-07 
1.899480088832683e-07 
1.8297574058814036e-07 
1.7628981060374317e-07 
1.698767911903261e-07 
1.6372396982834611e-07 
1.5781976782957027e-07 
1.521591646703481e-07 
1.4673347802064646e-07 
1.4152741035724716e-07 
1.3653041277178847e-07 
1.3173282118576726e-07 
1.2712547665502553e-07 
1.226996958141262e-07 
1.1844724323320062e-07 
1.1436033522445638e-07 
1.1043198061744794e-07 
1.0665524337977584e-07 
1.0302330690315508e-07 
9.95299559064395e-08 
9.616943452696414e-08 
9.293553090981424e-08 
8.982275956066996e-08 
8.682565862952744e-08 
8.393908959785944e-08 
8.115858293617479e-08 
7.848179809905976e-08 
7.590484140423137e-08 
7.342384313874308e-08 
7.103492975456188e-08 
6.87343815962564e-08 
6.65186104857853e-08 
6.438373885564005e-08 
6.232521565802682e-08 
6.033926552791836e-08 
5.8422018037872846e-08 
5.657070848141875e-08 
5.4782710057789996e-08 
5.30555146406689e-08 
5.138672681196035e-08 
4.977429071446841e-08 
4.8216993221316966e-08 
4.6712227598548663e-08 
4.525787457632125e-08 
4.385222447881574e-08 
4.249554921963516e-08 
4.118647500385257e-08 
3.9923024250491135e-08 
3.870301291392251e-08 
3.7524436615141544e-08 
3.638508191449061e-08 
3.52831258223303e-08 
3.421720660206821e-08 
3.318601553275824e-08 
3.2188292312991516e-08 
3.1222831276448125e-08 
3.0288475302857784e-08 
2.9384124072458183e-08 
2.850871449268312e-08 
2.766120142961317e-08 
2.6840703154398588e-08 
2.604653097637917e-08 
2.5277714909888706e-08 
2.453329699335413e-08 
2.3812566069583002e-08 
2.3114961375813047e-08 
2.243975222345179e-08 
2.178615478998563e-08 
