0.00039018181204997324 
0.0003793523502589696 
0.00036886129804974586 
0.0003586996590813899 
0.000348855970876561 
0.0003393162176038301 
0.00033007039230856054 
0.00032110776001063624 
0.00031241790768445077 
0.0003039913057874983 
0.0002958212359090715 
0.0002879015604728159 
0.0002802245133667677 
0.00027278318057936127 
0.000265566278313009 
0.00025856440325988 
0.00025177023993067766 
0.0002451767491046608 
0.00023877821383105574 
0.0002325922781886755 
0.0002266110052146314 
0.00022080083927365757 
0.00021515545898611053 
0.00020966954582172509 
0.00020433794269195522 
0.00019915620323857875 
0.0001941200763163848 
0.00018922718421647127 
0.0001844741599724306 
0.00017985611883857886 
0.00017536836811622055 
0.00017100652476877387 
0.00016678076549380365 
0.0001626900247135965 
0.00015872572617354536 
0.0001548800193163091 
0.00015114201757060442 
0.00014750810290434677 
0.00014397530554906236 
0.00014053992436913193 
0.00013719992529686128 
0.0001339537247582387 
0.0001307979250421628 
0.0001277293789584461 
0.00012474600062471628 
0.00012184538727225366 
0.00011902530909103221 
0.0001162829985731502 
0.000113615963815216 
0.0001110221613250388 
0.00010849925682982696 
0.00010604563144379801 
0.00010366003130682422 
0.00010134033096169489 
9.908448150937965e-05 
9.688945501135253e-05 
9.47534064228996e-05 
9.267445253125666e-05 
9.064969377776007e-05 
8.86774965640815e-05 
8.675637568043448e-05 
8.488489458461724e-05 
8.306169178401451e-05 
8.128542337060645e-05 
7.9554776650383e-05 
7.786877148248096e-05 
7.622642174306168e-05 
7.462573411648044e-05 
7.30655791880002e-05 
7.154768328838904e-05 
7.007853801699546e-05 
6.86538755738762e-05 
6.726459667338878e-05 
6.591048428681891e-05 
6.459037384612245e-05 
6.330308118571127e-05 
6.204750321193242e-05 
6.0822455289122776e-05 
5.962686158082485e-05 
5.8460088838038616e-05 
5.732132344815053e-05 
5.620973204358932e-05 
5.5124783278267336e-05 
5.40667805865484e-05 
5.3035126776306775e-05 
5.202907455902479e-05 
5.104790220577704e-05 
5.00909102162578e-05 
4.9157419232756234e-05 
4.8246795369909236e-05 
4.736027847246991e-05 
4.650144844708067e-05 
4.566496814846452e-05 
4.484936500609411e-05 
4.4054020369488074e-05 
4.327784150847159e-05 
4.252011413216514e-05 
4.178016187549015e-05 
4.105744844371898e-05 
4.035178497509672e-05 
3.966286430109579e-05 
3.8990367320687536e-05 
3.8334480143553384e-05 
3.769595468442912e-05 
3.707463046583999e-05 
3.6469626977738986e-05 
3.587991335319565e-05 
3.530504512551421e-05 
3.474461034387957e-05 
3.419820287995062e-05 
3.366501518455934e-05 
3.314441715977883e-05 
3.2636030375552175e-05 
3.2139488552590214e-05 
3.1654427341944945e-05 
3.118037903719896e-05 
3.0716951085789316e-05 
3.0263793791162895e-05 
2.9822415169273004e-05 
2.9394602766618696e-05 
2.89775997954755e-05 
2.857107405063802e-05 
2.8174898497617746e-05 
2.7789088536347474e-05 
2.741367430387663e-05 
2.7048468895801353e-05 
2.6693032866662642e-05 
2.6346716508437968e-05 
2.600924335967401e-05 
2.568044662316575e-05 
2.536021494822522e-05 
2.504836479645685e-05 
2.47446399098086e-05 
2.4448736103289092e-05 
2.416047663102523e-05 
2.3879702898491876e-05 
2.3606515134729805e-05 
2.33409068202661e-05 
2.3082645219491544e-05 
2.2831454187711094e-05 
2.258739123102117e-05 
2.235036661286501e-05 
2.2120253668756548e-05 
2.1896931079063192e-05 
2.1680244730007034e-05 
2.1472111383486832e-05 
2.127254394498162e-05 
2.1079385679242913e-05 
2.0892490551572957e-05 
2.0711795330823012e-05 
2.053723647864449e-05 
2.0368633993524077e-05 
2.0205722292530234e-05 
2.0048422049187514e-05 
1.9897012774641597e-05 
1.9751744008787797e-05 
1.9612512809534773e-05 
1.9479190390187107e-05 
1.9351655098754047e-05 
1.9229753340026115e-05 
1.911330215908128e-05 
1.9002317891171037e-05 
1.8896929627599692e-05 
1.8797528323471295e-05 
1.870619691984462e-05 
1.862159446403696e-05 
1.854305064568413e-05 
1.8470652537097616e-05 
1.8404435508355258e-05 
1.8344385344762443e-05 
1.8290593909020236e-05 
1.8243134035669277e-05 
1.82020489847466e-05 
1.8167383903792796e-05 
1.813921923122807e-05 
1.8117649729719285e-05 
1.810280544256797e-05 
1.809479493668018e-05 
1.809373960850513e-05 
1.809988220576178e-05 
1.8113314017420418e-05 
1.8134162819889166e-05 
1.8162747223568265e-05 
1.8199555313452465e-05 
1.824489453956036e-05 
1.829908117574414e-05 
1.8362443313731974e-05 
1.8435322017659962e-05 
1.851808726033465e-05 
1.8610873837336942e-05 
1.8713645029485955e-05 
1.8826659414488673e-05 
1.895033565300513e-05 
1.908512782957911e-05 
1.9231528555954012e-05 
1.9390542667481734e-05 
1.9565033634972316e-05 
1.9754167967365258e-05 
1.9957855235876258e-05 
2.0176916141238496e-05 
2.0412210826076635e-05 
2.0664790767572544e-05 
2.0935874152228713e-05 
2.1226597595311794e-05 
2.153819352172009e-05 
2.1872030663290985e-05 
2.2231254907736677e-05 
2.2617399586992903e-05 
2.303094236387928e-05 
2.347383694291317e-05 
2.3948273344822968e-05 
2.4456663456996885e-05 
2.500166719960075e-05 
2.558622218727231e-05 
2.6213568759313204e-05 
2.68873351072748e-05 
2.761166817093606e-05 
2.8391190469703543e-05 
2.9230904753087486e-05 
3.0136351493583057e-05 
3.111373133430642e-05 
3.2170528477242916e-05 
3.3314596351848674e-05 
3.4554613877850125e-05 
3.590031089159992e-05 
3.7362602703588025e-05 
3.89537662616556e-05 
4.068864110506136e-05 
4.2583188270852876e-05 
4.465463878454568e-05 
4.692193939428688e-05 
4.9406474054938765e-05 
5.2131960362591066e-05 
5.512441351992932e-05 
5.841270811866433e-05 
6.202806293619624e-05 
6.600354786194071e-05 
7.03731374387111e-05 
7.517003362392905e-05 
8.042477144572341e-05 
8.616051711541317e-05 
9.23835122339745e-05 
9.907747866373799e-05 
0.00010618055958836411 
0.00011354213841844965 
0.0001209110913096385 
0.0001278938080451283 
0.00013391921151424278 
0.00013828896364847588 
0.00014029402171237992 
0.00013941431413186256 
0.00013551931870864895 
0.00012894395993796973 
0.00012037996611097396 
0.00011065453822800936 
0.00010052358328095966 
9.055897777710678e-05 
8.113009148471443e-05 
7.243788976546806e-05 
6.456402129765316e-05 
5.751418087968585e-05 
5.124961768382304e-05 
4.570921730761451e-05 
4.082288334840943e-05 
3.651932825612335e-05 
3.2730470053673204e-05 
2.9393666850636493e-05 
2.6452236090446292e-05 
2.3855795780983296e-05 
2.156010720679796e-05 
1.952661079839001e-05 
1.7721802008934997e-05 
1.611674489697187e-05 
1.4686435281446705e-05 
1.3409080598175698e-05 
1.2265843847666741e-05 
1.1240433204245929e-05 
1.0318743674839563e-05 
9.48854741164278e-06 
8.739240877055827e-06 
8.061613432268565e-06 
7.447611483216059e-06 
6.890329230212523e-06 
6.3837123831348545e-06 
5.922138359925006e-06 
5.501140216934662e-06 
5.116660931211266e-06 
4.764627393080715e-06 
4.441801989986553e-06 
4.145322221429553e-06 
3.872649733939454e-06 
3.6216601209318944e-06 
3.3904564914430044e-06 
3.1771865224270087e-06 
2.980205222336804e-06 
2.7980304553885e-06 
2.6293304010838207e-06 
2.4728901549593107e-06 
2.327598855328087e-06 
2.19251777854653e-06 
2.0668034978060054e-06 
1.9496907936329184e-06 
1.8404865940438114e-06 
1.7385622798574176e-06 
1.6433469018089779e-06 
1.5543211920889864e-06 
1.4710173597159116e-06 
1.3930214206473935e-06 
1.3199422909452824e-06 
1.2514178318651995e-06 
1.187116310910664e-06 
1.1267316632708595e-06 
1.0699845108421147e-06 
1.0166242396637442e-06 
9.664172783155174e-07 
9.191438948198871e-07 
8.74596316432241e-07 
8.325998005880319e-07 
7.92967289266029e-07 
7.555481810033854e-07 
7.20202513527572e-07 
6.867952224705764e-07 
6.552022374553909e-07 
6.253123576247731e-07 
5.970221990050115e-07 
5.702625695952637e-07 
5.449173767415156e-07 
5.208837465878098e-07 
4.980819538229133e-07 
4.764378395073133e-07 
4.558823720704034e-07 
4.3635124692236666e-07 
4.1778452093652935e-07 
4.0012752228837055e-07 
3.833294927972536e-07 
3.673417150632853e-07 
3.5211956259944813e-07 
3.376235142420284e-07 
3.238185700027352e-07 
3.1066724208606984e-07 
2.981341997191079e-07 
2.8618628349862793e-07 
2.747923529575278e-07 
2.63923248115078e-07 
2.5354880302104087e-07 
2.4363817400860757e-07 
2.3416713192889766e-07 
2.251128926903694e-07 
2.1645973895380698e-07 
2.0819693613789509e-07 
2.003017153866017e-07 
1.9275294731493447e-07 
1.8553133342023392e-07 
1.7861847645502665e-07 
1.719957768231715e-07 
1.6564874876249397e-07 
1.5956426837473217e-07 
1.5372992209222275e-07 
1.4813396345671243e-07 
1.4276527282761776e-07 
1.376137221207684e-07 
1.3267490426156392e-07 
1.2794122128366737e-07 
1.2339930944944411e-07 
1.1903994776344353e-07 
1.1485468865221755e-07 
1.1083552672573477e-07 
1.0697487285840269e-07 
1.0326552995096378e-07 
9.970069612316878e-08 
9.627426168243581e-08 
9.298016615526816e-08 
8.981245425786056e-08 
8.676569592465993e-08 
8.383486250157044e-08 
8.101452867316364e-08 
7.8299903117573e-08 
7.568621585411054e-08 
7.316897943534432e-08 
7.074429019120205e-08 
6.841010078567288e-08 
6.616301052100726e-08 
6.399964007652587e-08 
6.191660724448134e-08 
5.991066438498248e-08 
5.797867885708845e-08 
5.6117266160353314e-08 
5.432245515583208e-08 
5.259095114996543e-08 
5.091937691646745e-08 
4.930531924966409e-08 
4.774648539029293e-08 
4.624068624533595e-08 
4.478583117102214e-08 
4.3380125667604475e-08 
4.202250988357034e-08 
4.0710709553955984e-08 
3.9442875427908877e-08 
3.821751537777948e-08 
3.703486436809274e-08 
3.589372321901695e-08 
3.479236667824025e-08 
3.3728889691615535e-08 
3.270154390667048e-08 
3.170839889780997e-08 
3.074786461644409e-08 
2.981875307536435e-08 
2.891992257243402e-08 
2.805027367972526e-08 
2.720875465484965e-08 
2.6394356129699964e-08 
2.5606118299016172e-08 
2.484311385916886e-08 
2.4104431213364314e-08 
2.338930121234202e-08 
2.269712297035227e-08 
2.2027050523037814e-08 
2.137824842980578e-08 
2.0750096357338823e-08 
2.0142105061426766e-08 
1.955363726012227e-08 
1.8984009406077742e-08 
