0.0003366582001204416 
0.00032731544824270647 
0.00031826463321953157 
0.0003094979949115015 
0.0003010056452487519 
0.0002927754929343228 
0.0002847989055740472 
0.000277066622520272 
0.00026956966083184204 
0.00026229979979311516 
0.0002552512442100427 
0.00024841870002203077 
0.00024179546792630802 
0.00023537558380626084 
0.00022914931293278125 
0.0002231085430841996 
0.00021724696347646765 
0.00021155850164590977 
0.00020603822603152634 
0.00020070136300504897 
0.0001955410655488368 
0.00019052838029237466 
0.00018565785384204708 
0.00018092489810258918 
0.00017632506423702224 
0.00017185451665659775 
0.00016750958818503056 
0.0001632882282363183 
0.0001591875325609021 
0.0001552032871463854 
0.00015133144365146313 
0.0001475682209030236 
0.00014392240191038957 
0.0001403930683988872 
0.0001369728207495504 
0.0001336548854643268 
0.0001304298689638577 
0.00012729465000119088 
0.00012424666672068593 
0.00012128272608284877 
0.00011840107365118999 
0.00011560034374513029 
0.00011287760509217516 
0.00011023014257480613 
0.00010765615694689144 
0.00010515357546785994 
0.00010272047463626026 
0.00010035446688326327 
9.805340245680976e-05 
9.581551856552627e-05 
9.363880144093217e-05 
9.152185469322052e-05 
8.946359695257252e-05 
8.746219460706482e-05 
8.551588009091125e-05 
8.362204083478302e-05 
8.177908513955183e-05 
7.99853883390501e-05 
7.823844854655441e-05 
7.653685646112662e-05 
7.487933083270243e-05 
7.326463239644914e-05 
7.169158664425873e-05 
7.015903422737177e-05 
6.866584272014807e-05 
6.721116671639991e-05 
6.579415563637448e-05 
6.441308953423028e-05 
6.306699410447896e-05 
6.175736000151026e-05 
6.048979119380175e-05 
5.9260604584846344e-05 
5.806194649108792e-05 
5.689363007931838e-05 
5.575465060654078e-05 
5.464398639138332e-05 
5.356068571232882e-05 
5.250372643704368e-05 
5.1472180327689736e-05 
5.0465501186499995e-05 
4.9482987108522435e-05 
4.852391912080739e-05 
4.758783896232698e-05 
4.6675009020152283e-05 
4.57849142033034e-05 
4.4916909834911657e-05 
4.407037329057215e-05 
4.324470112329582e-05 
4.243930726309785e-05 
4.165364488578979e-05 
4.088878485202213e-05 
4.014781842471657e-05 
3.9426138257732145e-05 
3.872247341855616e-05 
3.803629019954477e-05 
3.736664555389793e-05 
3.6712923152645815e-05 
3.6074539393987125e-05 
3.5451031601493554e-05 
3.484223708169939e-05 
3.4247890991299105e-05 
3.366771818256502e-05 
3.3101879756324526e-05 
3.255102542066698e-05 
3.201501706454425e-05 
3.149309480660945e-05 
3.0984368891807414e-05 
3.048845592211842e-05 
3.000500057055882e-05 
2.9533652530633382e-05 
2.9073714813770754e-05 
2.862464365037016e-05 
2.8186112599573885e-05 
2.7757805705895897e-05 
2.7339408672509093e-05 
2.693051792376443e-05 
2.6530794779021823e-05 
2.613993756162884e-05 
2.5759249191697484e-05 
2.5390274168730456e-05 
2.5030631790794793e-05 
2.4680035547640756e-05 
2.4338376155046554e-05 
2.4005667380502798e-05 
2.368193574418944e-05 
2.33670202894519e-05 
2.3060541891735547e-05 
2.2761939756746543e-05 
2.2470975524505793e-05 
2.218750557981249e-05 
2.1911434220483413e-05 
2.1642603384048553e-05 
2.1380792179686603e-05 
2.1125738302105628e-05 
2.087728956055825e-05 
2.0635309455775347e-05 
2.0399885163477064e-05 
2.017101164549961e-05 
1.9948488390343666e-05 
1.97320773726517e-05 
1.9521828932367363e-05 
1.9317666184283578e-05 
1.9119480346517154e-05 
1.8927167275186744e-05 
1.8740594498580342e-05 
1.8561419712575476e-05 
1.8389655081701327e-05 
1.822343714130817e-05 
1.8062640513154933e-05 
1.7907211432780812e-05 
1.7757095907156053e-05 
1.761213928033574e-05 
1.7472112915302435e-05 
1.7336949249640095e-05 
1.720689108482007e-05 
1.708215541078113e-05 
1.6962654469779374e-05 
1.684827820073467e-05 
1.6738922762720704e-05 
1.663445673578925e-05 
1.6534723350825755e-05 
1.6439738300014064e-05 
1.634961492566612e-05 
1.6264693274626656e-05 
1.6186777691131274e-05 
1.6114710189454698e-05 
1.6047912994296844e-05 
1.5986463817139707e-05 
1.593039578518217e-05 
1.587969926822613e-05 
1.5834456632629862e-05 
1.579473397952722e-05 
1.5760572020586424e-05 
1.5732013327546685e-05 
1.5709131279165505e-05 
1.5692011935958683e-05 
1.5680772221101838e-05 
1.5675510792988044e-05 
1.5676337785664633e-05 
1.5683468879078584e-05 
1.5696988978046938e-05 
1.5717015067101174e-05 
1.5743830060503223e-05 
1.5777864441470823e-05 
1.5819392860356977e-05 
1.5868698388110338e-05 
1.592607519046967e-05 
1.5991829617489683e-05 
1.606629412852488e-05 
1.6149598254407426e-05 
1.6241723777013853e-05 
1.6342909921728412e-05 
1.6453536322097217e-05 
1.6574015050576817e-05 
1.6704793522006094e-05 
1.6846766280165908e-05 
1.7002445806985804e-05 
1.7171135760750923e-05 
1.7352787714674883e-05 
1.7548148405818283e-05 
1.7758002866583664e-05 
1.798330712809276e-05 
1.822516758828782e-05 
1.8484625687614063e-05 
1.8762813055325175e-05 
1.9060987804166765e-05 
1.9381966300923988e-05 
1.9727171125860447e-05 
2.0097115515170482e-05 
2.0493612980697053e-05 
2.091869930313157e-05 
2.1374622677590895e-05 
2.186386978878335e-05 
2.2389195561489954e-05 
2.2953649600869852e-05 
2.3560656167157933e-05 
2.4214135564113306e-05 
2.49184745000919e-05 
2.567845191791534e-05 
2.6499388411820514e-05 
2.738726765899848e-05 
2.834930255784961e-05 
2.939315184647106e-05 
3.052734583079695e-05 
3.176151555302134e-05 
3.310654902007294e-05 
3.457479277262155e-05 
3.618117524806108e-05 
3.794199977074782e-05 
3.987515578394739e-05 
4.200061257193668e-05 
4.434118395207372e-05 
4.6922582486389284e-05 
4.97735591928097e-05 
5.292661320525637e-05 
5.641776517038657e-05 
6.0286375858160633e-05 
6.457457223304943e-05 
6.932600545216066e-05 
7.458437396088392e-05 
8.038923960667439e-05 
8.676698327978213e-05 
9.372471379954577e-05 
0.00010122622648529322 
0.00010914526618055794 
0.00011724280803778395 
0.0001251080237020224 
0.00013210004044698751 
0.00013738102457144018 
0.00014005029680435785 
0.0001394143141318626 
0.000135281211860657 
0.000128078624842707 
0.00011869280084240153 
0.00010814835191834254 
9.733309505198192e-05 
8.687376704455146e-05 
7.713983239904454e-05 
6.830488926099453e-05 
6.0414832185429604e-05 
5.3441125439755444e-05 
4.7316211335641796e-05 
4.195630371527112e-05 
3.7274208942921236e-05 
3.31861594882386e-05 
2.9615224305403682e-05 
2.6492676740659205e-05 
2.3757845461460813e-05 
2.1357883739343036e-05 
1.924717361814358e-05 
1.738653707169489e-05 
1.574237822125502e-05 
1.4286010685480624e-05 
1.2992902216688185e-05 
1.1841888279814044e-05 
1.0814829697727234e-05 
9.896158643282186e-06 
9.072491047127506e-06 
8.332297881971318e-06 
7.665638911522628e-06 
7.0639249507066266e-06 
6.5196839118675026e-06 
6.026531211115206e-06 
5.578893263934009e-06 
5.171627463107937e-06 
4.800644191752605e-06 
4.462246343644408e-06 
4.152751651919035e-06 
3.869230230174936e-06 
3.6090982164979865e-06 
3.370069818533572e-06 
3.1502325069752664e-06 
2.947882311920231e-06 
2.7613629501654205e-06 
2.589205946830594e-06 
2.4300906663359397e-06 
2.282832349319223e-06 
2.1463522258461212e-06 
2.0196656214402293e-06 
1.901940421945415e-06 
1.7924298400436e-06 
1.6904571706904123e-06 
1.5954101870285213e-06 
1.5067341742409502e-06 
1.4239258017901792e-06 
1.3465277240468464e-06 
1.274128224096944e-06 
1.2063630761008963e-06 
1.1428886467881428e-06 
1.0833870300444576e-06 
1.0275672209769134e-06 
9.751609343228165e-07 
9.259234183020462e-07 
8.796351917938836e-07 
8.360918489423041e-07 
7.951012463294954e-07 
7.564818411002244e-07 
7.200808837385667e-07 
6.85735167261328e-07 
6.533131869122521e-07 
6.226927865801865e-07 
5.937561770742005e-07 
5.663951918135381e-07 
5.405128932166817e-07 
5.16019191830322e-07 
4.928536304968708e-07 
4.709152863559766e-07 
4.5011473067799064e-07 
4.3038259895993436e-07 
4.1165438771762896e-07 
3.9387006934811975e-07 
3.769737410560917e-07 
3.609133045198127e-07 
3.45641247785714e-07 
3.3111346867715084e-07 
3.1728765391519317e-07 
3.0412504729464236e-07 
2.9159132307075866e-07 
2.796560788304203e-07 
2.682867803763725e-07 
2.5745277191539434e-07 
2.47125286871856e-07 
2.3727731482461454e-07 
2.278835670165909e-07 
2.1891789663441796e-07 
2.103535815930925e-07 
2.021696196936251e-07 
1.9434626408737803e-07 
1.8686987572039263e-07 
1.7973112285994771e-07 
1.7291029012155542e-07 
1.663890831249134e-07 
1.6015079311626753e-07 
1.5417949395971293e-07 
1.4845908913547966e-07 
1.429770369030949e-07 
1.377219743444206e-07 
1.326831546673022e-07 
1.2785040963117817e-07 
1.2321411452647722e-07 
1.1876550273270223e-07 
1.1450074708828526e-07 
1.1041326826717329e-07 
1.0649151287043274e-07 
1.0272750453333262e-07 
9.911393590103111e-08 
9.564388263127374e-08 
9.231078090601022e-08 
8.910840640442535e-08 
8.603087695596322e-08 
8.307290869230859e-08 
8.022926114424618e-08 
7.749478547765572e-08 
7.486478685154495e-08 
7.233491751415623e-08 
6.990048814700644e-08 
6.755735709977855e-08 
6.53014017247405e-08 
6.312874369357188e-08 
6.103600885422974e-08 
5.902142508024536e-08 
5.7082052990406764e-08 
5.521497203710976e-08 
5.3417259549685175e-08 
5.168610929955886e-08 
5.001881459254675e-08 
4.841245175664852e-08 
4.686359132515696e-08 
4.5369387688423694e-08 
4.392692429709721e-08 
4.253411647945181e-08 
4.118898367215648e-08 
3.988963492940347e-08 
3.863426440864224e-08 
3.7421321896851416e-08 
3.624989105938985e-08 
3.511800809718355e-08 
3.402407598220881e-08 
3.2966805872712744e-08 
3.1946398833121644e-08 
3.0961818902979524e-08 
3.0011576432225847e-08 
2.9094026779510224e-08 
2.8207660573328462e-08 
2.7350811484496156e-08 
2.6522106874618052e-08 
2.572052098878006e-08 
2.4945068063720705e-08 
2.4194798863731174e-08 
2.3468805344038132e-08 
2.2766216065537424e-08 
2.2086202391492174e-08 
2.1427963767987736e-08 
2.079071323486324e-08 
2.0173786739925823e-08 
1.957666540043262e-08 
1.8998618984287057e-08 
1.8438926373259494e-08 
1.7897052015322947e-08 
1.7372573452777964e-08 
1.6864940572389333e-08 
1.6373563385061904e-08 
