0.0008725955174648576 
0.0008483494500571857 
0.000824861389620242 
0.0008021111673153045 
0.0007800731011635333 
0.0007587158020019097 
0.0007380168472654142 
0.0007179521884852223 
0.0006984984991612963 
0.0006796344301173475 
0.0006613449187153536 
0.0006436162018567048 
0.0006264308768174881 
0.0006097734471170725 
0.0005936186497595665 
0.0005779454278079736 
0.0005627373930710073 
0.0005479787763872102 
0.0005336567653131056 
0.0005198107570988724 
0.0005064229739828938 
0.0004934183905777454 
0.0004807828501157074 
0.0004685044382139501 
0.00045657160241235813 
0.00044497437941173526 
0.00043370324299940436 
0.0004227528533095003 
0.0004121156606539412 
0.0004017807253665458 
0.0003917375380118298 
0.00038197628204494823 
0.0003725196624945816 
0.0003633652699045469 
0.0003544939203022 
0.0003458880533053731 
0.00033752333134303705 
0.00032939165194583467 
0.0003214863611526997 
0.0003137991727180403 
0.0003063255235400101 
0.0002990618566153669 
0.0002920005650923988 
0.0002851346023919388 
0.0002784592919379616 
0.0002719692502802718 
0.00026565948062731205 
0.00025952378669352917 
0.0002535565881180542 
0.00024775330594391676 
0.00024210871289220254 
0.00023661917863630283 
0.0002312818876248779 
0.0002260920799150171 
0.00022104516701385626 
0.00021613437709334165 
0.00021135557811119665 
0.00020670455347729114 
0.00020217482048896955 
0.00019776272097852458 
0.00019346492822112265 
0.0001892782244800252 
0.00018519955980959052 
0.0001812259238957252 
0.00017735437644358424 
0.00017358271890563753 
0.00016990873961966703 
0.00016632798230051536 
0.00016283791695103188 
0.00015944237790828605 
0.00015615581631565006 
0.00015296870491369598 
0.0001498607547856859 
0.00014683147071696965 
0.0001438782465813753 
0.0001409984331040164 
0.00013818956210828235 
0.00013544898432472628 
0.0001327742933374883 
0.00013016406869015388 
0.00012761648854571717 
0.0001251296874224833 
0.0001227024724742052 
0.0001203355089268184 
0.00011802745706734956 
0.00011577664335103782 
0.00011358145141872195 
0.00011144031467093539 
0.00010935171161534215 
0.00010731422219630364 
0.00010533059385563272 
0.00010340877619860066 
0.00010153688747585132 
9.971164295411225e-05 
9.793165732855864e-05 
9.619449184467073e-05 
9.449854964357931e-05 
9.284231859482315e-05 
9.122459821319286e-05 
8.964496015252762e-05 
8.810271316095509e-05 
8.65971395096673e-05 
8.512864342483533e-05 
8.369888483486563e-05 
8.230749678780115e-05 
8.0952513862063e-05 
7.963163767520052e-05 
7.834387206952986e-05 
7.708829325107421e-05 
7.586399052952165e-05 
7.466916304851608e-05 
7.350240426134673e-05 
7.23628662009226e-05 
7.124972804825453e-05 
7.016217346758185e-05 
6.909915728442188e-05 
6.805980123618136e-05 
6.70433222902737e-05 
6.605305228541486e-05 
6.509293914616888e-05 
6.41568659252705e-05 
6.324408705109038e-05 
6.235431119184838e-05 
6.148756197347682e-05 
6.064389514429268e-05 
5.982288589254498e-05 
5.902355086095629e-05 
5.8244442246131636e-05 
5.7484938027604424e-05 
5.674465860180441e-05 
5.602334671958155e-05 
5.5320585446045e-05 
5.463579717889474e-05 
5.396829858350454e-05 
5.331768773966081e-05 
5.268360265933825e-05 
5.2066252035114674e-05 
5.1465608373143776e-05 
5.088114494994008e-05 
5.031223936607527e-05 
4.975900433234079e-05 
4.922122747146425e-05 
4.86986146632825e-05 
4.819088319219169e-05 
4.769767780127509e-05 
4.722319742740524e-05 
4.6767448464205856e-05 
4.6325667929028134e-05 
4.5897516126892355e-05 
4.5482834764648975e-05 
4.508146412493738e-05 
4.469298815403084e-05 
4.431680269191064e-05 
4.395271182001117e-05 
4.3601305128913535e-05 
4.3263104251508816e-05 
4.2937856802415975e-05 
4.2625252855300296e-05 
4.2324997156504804e-05 
4.2036723609229545e-05 
4.17600010459541e-05 
4.1494832641416535e-05 
4.1241465790908455e-05 
4.100071652750421e-05 
4.077708516305752e-05 
4.056759937608614e-05 
4.037075143518239e-05 
4.018668250091407e-05 
4.001541801057303e-05 
3.9856872454221694e-05 
3.971118749680481e-05 
3.9578459447355364e-05 
3.9458716292377e-05 
3.935198579921108e-05 
3.92583674786415e-05 
3.917798658416487e-05 
3.9111038866946634e-05 
3.90576672814177e-05 
3.901803569373896e-05 
3.8992562013062535e-05 
3.898132917675647e-05 
3.8984490203645225e-05 
3.900259855810026e-05 
3.903655922851522e-05 
3.908687546010993e-05 
3.915405532437458e-05 
3.9238616811900776e-05 
3.934108881908433e-05 
3.946204346715392e-05 
3.96015320839931e-05 
3.975922253668625e-05 
3.9935390741697295e-05 
4.013062751898449e-05 
4.034556997595424e-05 
4.058090476582591e-05 
4.08383621179802e-05 
4.112353204066784e-05 
4.143416500694092e-05 
4.176954136568862e-05 
4.213080260244953e-05 
4.251910868891316e-05 
4.2935946286492254e-05 
4.338306534045274e-05 
4.3861952873527674e-05 
4.4374191184799667e-05 
4.4921527417520985e-05 
4.55092159205313e-05 
4.613902646204719e-05 
4.681041451033267e-05 
4.752567061632172e-05 
4.8287344078781885e-05 
4.9098180009544166e-05 
4.996113413638903e-05 
5.087938842388214e-05 
5.1856350370338455e-05 
5.2895762695931525e-05 
5.400188971153435e-05 
5.517934720486825e-05 
5.6432823950907846e-05 
5.77672845266616e-05 
5.918808043409761e-05 
6.070198120955469e-05 
6.23152513326275e-05 
6.403433589310344e-05 
6.586605806729787e-05 
6.781760403490493e-05 
6.989654083389982e-05 
7.211260044728066e-05 
7.447464536098803e-05 
7.699053790489109e-05 
7.966747327567578e-05 
8.251268417286139e-05 
8.553265140789912e-05 
8.87324247079225e-05 
9.211589618563031e-05 
9.568432738466705e-05 
9.943508294739467e-05 
0.00010335996100713586 
0.00010744300315917753 
0.00011165899013738299 
0.00011596970167793132 
0.00012031695446102274 
0.00012462633065262504 
0.00012879605714654033 
0.00013267477384987727 
0.00013609145940033412 
0.00013885375393277413 
0.0001407443190864367 
0.00014156269285604153 
0.00014114962488701824 
0.0001394143141318625 
0.0001363552679697354 
0.0001320660131320766 
0.00012672205302798867 
0.00012055507926433696 
0.00011382033867194737 
0.00010676569926354369 
9.960985618264087e-05 
9.253075865628723e-05 
8.566310537886771e-05 
7.910125825514007e-05 
7.290453276509364e-05 
6.710518040786444e-05 
6.171526143019504e-05 
5.673236346451688e-05 
5.214431356709071e-05 
4.793280186807667e-05 
4.4075382738575e-05 
4.0547630688252264e-05 
3.7324629161580857e-05 
3.438188758926636e-05 
3.169582057565568e-05 
2.924427328868118e-05 
2.700658331770301e-05 
2.4963283276197477e-05 
2.3096478010290805e-05 
2.1389804427636886e-05 
1.9828359530043273e-05 
1.8398610961566914e-05 
1.7088324903991704e-05 
1.588645932307326e-05 
1.478298324572395e-05 
1.3769091960511364e-05 
1.2836813683692038e-05 
1.1978318058907654e-05 
1.1187501080069491e-05 
1.045859726775845e-05 
9.785385141696161e-06 
9.162994332989328e-06 
8.587033166607196e-06 
8.053533619577418e-06 
7.559180964721387e-06 
7.100963037208136e-06 
6.675813837943228e-06 
6.280975124135377e-06 
5.913923610174676e-06 
5.572361565474752e-06 
5.254160472886275e-06 
4.957345508508604e-06 
4.680251022260377e-06 
4.421366541794393e-06 
4.179307518539834e-06 
3.952808430915536e-06 
3.7407114824184224e-06 
3.5419564574091924e-06 
3.3555716116489993e-06 
3.1806764943886267e-06 
3.016489870045301e-06 
2.8622652772662566e-06 
2.7173059795373954e-06 
2.5809698470590127e-06 
2.452660576081384e-06 
2.3318312128319926e-06 
2.2179898556764286e-06 
2.110675125114534e-06 
2.009449980755586e-06 
1.913898303992852e-06 
1.823671653061549e-06 
1.7383906148099922e-06 
1.6577520501875026e-06 
1.5814730615617e-06 
1.5092787444217041e-06 
1.440915877854322e-06 
1.3761573560938063e-06 
1.3147913468496332e-06 
1.256679634393188e-06 
1.2015791945178605e-06 
1.1492746398302475e-06 
1.0996003538113974e-06 
1.052401908070063e-06 
1.0075352154116813e-06 
9.648657537879247e-07 
9.242678546505994e-07 
8.85626802911418e-07 
8.488359135063615e-07 
8.137924511365146e-07 
7.804022276565291e-07 
7.485819099313115e-07 
7.182577817297512e-07 
6.893502409253726e-07 
6.617841270048092e-07 
6.354887871119521e-07 
6.103977687960992e-07 
5.864487627459086e-07 
5.635769901956246e-07 
5.417159460333013e-07 
5.208136312255917e-07 
5.008210878192142e-07 
4.817049263179986e-07 
4.634427186260514e-07 
4.459851317414618e-07 
4.292863542674262e-07 
4.133045362827024e-07 
3.9799973080298153e-07 
3.8333144349565147e-07 
3.692682605807547e-07 
3.5578172854291423e-07 
3.4284490924696393e-07 
3.3043228959655066e-07 
3.185196971643445e-07 
3.070851191371302e-07 
2.9611926324858835e-07 
2.8560567856452186e-07 
2.755150025030096e-07 
2.6582707830184557e-07 
2.5652344050598594e-07 
2.4758657866684314e-07 
2.389998822024251e-07 
2.3074758876737282e-07 
2.228147936969899e-07 
2.151881159491471e-07 
2.0785426324455493e-07 
2.0080015851878371e-07 
1.9401388046448314e-07 
1.874843884867558e-07 
1.8119973924630343e-07 
1.7514939249973874e-07 
1.6932284220306114e-07 
1.6371020169179101e-07 
1.5830287885106074e-07 
1.530964253866478e-07 
1.4808335578234822e-07 
1.432562233731463e-07 
1.386075665575624e-07 
1.3413021698957505e-07 
1.2981725634506392e-07 
1.2566119535386066e-07 
1.2165322419253954e-07 
1.177860411456558e-07 
1.1405215363647766e-07 
1.104462227974231e-07 
1.0696317486662304e-07 
1.0359816394870371e-07 
1.0034656064474934e-07 
9.720439533012996e-08 
9.416934123136773e-08 
9.123634726018932e-08 
8.840131148210094e-08 
8.566092944355802e-08 
8.301576550000976e-08 
8.046316760599773e-08 
7.799930211897507e-08 
7.561992988676528e-08 
7.332116072309782e-08 
7.10986940049487e-08 
6.894899021259359e-08 
6.686940958297699e-08 
6.48574145683009e-08 
6.291056094544117e-08 
6.102651004899553e-08 
5.9203016952902976e-08 
5.743794668122997e-08 
5.5729236021884385e-08 
5.4074855922103727e-08 
5.247309588306643e-08 
5.092262200248299e-08 
4.942154970524855e-08 
4.7968017165060594e-08 
4.656064440781644e-08 
4.5198344921606796e-08 
4.387969937010941e-08 
4.260318394319834e-08 
