0.00047641551452061876 
0.0004631899837425416 
0.00045037777050580235 
0.0004379678853640923 
0.0004259463278991834 
0.00041429598032578254 
0.0004030046198519903 
0.00039205913497848433 
0.00038144680750590185 
0.0003711559981236359 
0.00036117849991604875 
0.0003515068152270377 
0.00034213145817804435 
0.000333043983373183 
0.00032423061045342566 
0.0003156798552097358 
0.00030738278263773254 
0.0002993307951751952 
0.0002915169097258861 
0.00028396266385339317 
0.0002766583637547145 
0.00026956303944065355 
0.0002626689705246005 
0.00025596966107185664 
0.0002494588123550379 
0.00024313099342508775 
0.00023698101173998674 
0.00023100596191078605 
0.0002252017309036166 
0.00021956235288772612 
0.00021408209659564155 
0.00020875560889592573 
0.00020359531035964515 
0.00019859989732781496 
0.00019375889770835772 
0.00018906272555603077 
0.000184498089146369 
0.0001800605697402416 
0.00017574654001130358 
0.00017155147995277258 
0.00016747290456854737 
0.00016350887878457767 
0.00015965525315792052 
0.00015590818413501462 
0.00015226512368782258 
0.00014872313704346384 
0.00014527950059905608 
0.00014193083451126585 
0.00013867409540999672 
0.00013550678730083615 
0.0001324260593365546 
0.00012942993387767262 
0.00012651687883146118 
0.00012368429834964617 
0.00012092969008521551 
0.00011824935687852624 
0.00011564104534462179 
0.00011310245557417665 
0.00011063004735787884 
0.00010822182558631041 
0.00010587597629353869 
0.0001035907449516379 
0.00010136446866405449 
9.919550603497865e-05 
9.70822538018982e-05 
9.502351455994008e-05 
9.301808362478498e-05 
9.106352728924857e-05 
8.915846611668037e-05 
8.73050053879265e-05 
8.551106488821518e-05 
8.377143527383855e-05 
8.20750121620464e-05 
8.042152959279137e-05 
7.88095654495394e-05 
7.72376737533788e-05 
7.57045074943774e-05 
7.420862022301911e-05 
7.274869828921255e-05 
7.132396807040737e-05 
6.99334359123826e-05 
6.857608409222727e-05 
6.725126338353541e-05 
6.59593429703003e-05 
6.469959326510832e-05 
6.347110159172249e-05 
6.227298648464961e-05 
6.110439362428376e-05 
5.99644932910804e-05 
5.8852511262286615e-05 
5.776995891301479e-05 
5.672120180340482e-05 
5.5699728535144026e-05 
5.4703741915147964e-05 
5.373248638789672e-05 
5.278462820656929e-05 
5.185929526665798e-05 
5.095566176261922e-05 
5.007307275837503e-05 
4.921129706005641e-05 
4.836995918397327e-05 
4.754866909684816e-05 
4.674765285730504e-05 
4.596782642833747e-05 
4.5208993065840136e-05 
4.447007801752312e-05 
4.374982326748362e-05 
4.304768589700789e-05 
4.2363162654337435e-05 
4.169575740464056e-05 
4.104448461756758e-05 
4.040857518267431e-05 
3.978756686062792e-05 
3.9181012245289285e-05 
3.858846630332726e-05 
3.800935802749201e-05 
3.7443208059479944e-05 
3.688958930782224e-05 
3.6350339059438236e-05 
3.5827635016628244e-05 
3.53181158504874e-05 
3.4821375659067896e-05 
3.4337258601879995e-05 
3.386578239832939e-05 
3.3406982678117526e-05 
3.296063053527396e-05 
3.2526189321659295e-05 
3.210286622542107e-05 
3.169032329033218e-05 
3.128835618038102e-05 
3.0896828096333506e-05 
3.051551426818175e-05 
3.014410132623716e-05 
2.978221752296221e-05 
2.94296463592144e-05 
2.908619343136382e-05 
2.875197955470116e-05 
2.8426995451633418e-05 
2.8110956289034298e-05 
2.7803524366873044e-05 
2.7504768279624665e-05 
2.7214577248667476e-05 
2.693279548548672e-05 
2.6659273669425294e-05 
2.639382251266691e-05 
2.6138773650386948e-05 
2.589414053516253e-05 
2.5657295661109722e-05 
2.5428059335062696e-05 
2.5206352587090698e-05 
2.4992095992080906e-05 
2.4785068323485437e-05 
2.4584944177785364e-05 
2.439162474099492e-05 
2.4205447646755296e-05 
2.4026713828631753e-05 
2.3855295240979316e-05 
2.369103229527452e-05 
2.3533773974123794e-05 
2.338333030244236e-05 
2.3239475500588708e-05 
2.3102225978086893e-05 
2.2971735009829534e-05 
2.2848473892734884e-05 
2.2734969885210403e-05 
2.2629588006939844e-05 
2.2531508606581576e-05 
2.2440832293886644e-05 
2.235759650521196e-05 
2.2281778090314207e-05 
2.2213482373341665e-05 
2.2152791117947845e-05 
2.2099749707538705e-05 
2.2054405329304533e-05 
2.2016847478800648e-05 
2.1987182441011007e-05 
2.196555865777745e-05 
2.1952097782970197e-05 
2.194693625757629e-05 
2.1950356839936826e-05 
2.1962457613236855e-05 
2.1983379918741455e-05 
2.201349529944035e-05 
2.20533792764045e-05 
2.2103386840973705e-05 
2.2163882030806477e-05 
2.2235241393661838e-05 
2.2317855201439765e-05 
2.2412146532216836e-05 
2.2518251482434324e-05 
2.2636096352992582e-05 
2.2765962230893603e-05 
2.2908320754760204e-05 
2.306368286105872e-05 
2.323260210658596e-05 
2.3416246234626287e-05 
2.361802090522392e-05 
2.3836860708502534e-05 
2.407259283657324e-05 
2.4326137418105738e-05 
2.459845392488646e-05 
2.489072309060033e-05 
2.5204315631431284e-05 
2.554049172847124e-05 
2.5900613155274827e-05 
2.6286189981612628e-05 
2.6700848918614514e-05 
2.714625546042921e-05 
2.7622785405151547e-05 
2.8132560869338763e-05 
2.8677955789374936e-05 
2.9261573364569083e-05 
2.9886271341590464e-05 
3.055519037223429e-05 
3.127177552940816e-05 
3.203986792461772e-05 
3.286384853324678e-05 
3.374857198955016e-05 
3.4699236388308384e-05 
3.572155102410418e-05 
3.682185782966403e-05 
3.8007839333887735e-05 
3.928740038052892e-05 
4.066916879438842e-05 
4.216271241749652e-05 
4.3778638303133676e-05 
4.552872871883687e-05 
4.7427257200080215e-05 
4.9489196150734266e-05 
5.1730278525776574e-05 
5.416738396153924e-05 
5.681921357158647e-05 
5.9705979911778184e-05 
6.284915324971275e-05 
6.62718639359654e-05 
6.999804678824193e-05 
7.405160679621839e-05 
7.845508544398913e-05 
8.322756295671978e-05 
8.838244606806894e-05 
9.392242937193717e-05 
9.982981200775881e-05 
0.00010606240492112666 
0.00011253289552488096 
0.00011907149433605568 
0.0001254284064499433 
0.00013125020120605075 
0.0001360649604212596 
0.00013934048986974005 
0.00014057276065973553 
0.00013941431413186248 
0.00013579164309565837 
0.00012994643695436771 
0.00012237178086012954 
0.0001136796409990115 
0.0001044646659630261 
9.521426316008187e-05 
8.627687559429821e-05 
7.7870982528061e-05 
7.011274959373242e-05 
6.304597171269462e-05 
5.666683850965099e-05 
5.094355895183586e-05 
4.582939161767765e-05 
4.1270999366786864e-05 
3.721372544954147e-05 
3.3604727660650294e-05 
3.0394240639898024e-05 
2.753660714829233e-05 
2.4990677018630813e-05 
2.271977286480188e-05 
2.0691387890389888e-05 
1.8876968234902956e-05 
1.7251454484257254e-05 
1.57926669807419e-05 
1.4481188756987822e-05 
1.3300031372867979e-05 
1.2234331182540629e-05 
1.127107821149867e-05 
1.0398892524052386e-05 
9.60781019972289e-06 
8.889051149775622e-06 
8.23504715985929e-06 
7.639119873057174e-06 
7.095002882040391e-06 
6.5977281031421376e-06 
6.142750196938842e-06 
5.725446835303853e-06 
5.342150947247442e-06 
4.989607596195938e-06 
4.664919714761336e-06 
4.365662162124059e-06 
4.089662115111682e-06 
3.834782017831442e-06 
3.599118716651285e-06 
3.3809524622452538e-06 
3.17873395470451e-06 
2.9910457983374424e-06 
2.8165884216534487e-06 
2.65426377274657e-06 
2.5030835065603685e-06 
2.3621491767847103e-06 
2.23064563026426e-06 
2.107832306339971e-06 
1.993035541513505e-06 
1.8856417540159901e-06 
1.785097576967822e-06 
1.6909130195589372e-06 
1.6026242364101185e-06 
1.5198010805445627e-06 
1.4420490730993603e-06 
1.3690038195484646e-06 
1.3003323950334196e-06 
1.235736000357916e-06 
1.1749358298583364e-06 
1.117669267717532e-06 
1.0636876786470778e-06 
1.012782105444809e-06 
9.647281831195832e-07 
9.193455118174678e-07 
8.764663078214486e-07 
8.359284555260551e-07 
7.975829591948445e-07 
7.612962589500623e-07 
7.269441090066812e-07 
6.944437198325395e-07 
6.636550357802165e-07 
6.34453943262658e-07 
6.067443890185475e-07 
5.804369862940917e-07 
5.554484929403487e-07 
5.31701335011083e-07 
5.091231714953149e-07 
4.876480121734539e-07 
4.672145714812159e-07 
4.47763992777768e-07 
4.292423531131316e-07 
4.1160190597907806e-07 
3.9480037503719406e-07 
3.7879241326534475e-07 
3.635352685607462e-07 
3.489888047579641e-07 
3.351153189552944e-07 
3.2187949751273884e-07 
3.092447761933228e-07 
2.9717374193217884e-07 
2.8563702932454923e-07 
2.746070181879378e-07 
2.6406469333804807e-07 
2.539971053408888e-07 
2.443766113425635e-07 
2.3517755577797937e-07 
2.2637650528209524e-07 
2.179511156510367e-07 
2.0987878610893488e-07 
2.0214192699386185e-07 
1.9472460296040386e-07 
1.8761173866815838e-07 
1.807890666443723e-07 
1.7424307866458348e-07 
1.6796147143265394e-07 
1.619389197265138e-07 
1.5616619993373784e-07 
1.5062704664429492e-07 
1.4531024693077982e-07 
1.402055284087907e-07 
1.3530315523703588e-07 
1.305938967523305e-07 
1.2606899813189074e-07 
1.217201845216111e-07 
1.1754002381772154e-07 
1.1352114190092409e-07 
1.0965629110527372e-07 
1.0593886319606344e-07 
1.0236273838283975e-07 
9.892131099994352e-08 
9.56087480337948e-08 
9.241924119182206e-08 
8.93473259246201e-08 
8.638824939265658e-08 
8.353952459582281e-08 
8.079701102552222e-08 
7.815659339129265e-08 
7.561415204157408e-08 
7.316573087522147e-08 
7.080751350025593e-08 
6.8535375245674e-08 
6.634447430524771e-08 
6.423079435603363e-08 
6.219021768429943e-08 
6.021980343350187e-08 
5.8316757394178486e-08 
5.6478411543668686e-08 
5.4702217705444146e-08 
5.2985989049100503e-08 
5.1328435743109493e-08 
4.9726784324145285e-08 
4.817878014189813e-08 
4.668260447925633e-08 
4.523854803189595e-08 
4.384514950461408e-08 
4.250030476526506e-08 
4.120168980927884e-08 
3.994717182092268e-08 
3.8734395353894e-08 
3.756142055344949e-08 
3.642679854215929e-08 
3.53291368300836e-08 
3.4267094425272884e-08 
3.323938845390186e-08 
3.22447876810501e-08 
3.128212130114931e-08 
3.0350258103139126e-08 
2.9448085959554525e-08 
2.857466667092271e-08 
2.7729267517330106e-08 
2.6910856283968966e-08 
2.6118413528812653e-08 
2.5351182534331013e-08 
2.4608566672583143e-08 
2.3889788389190638e-08 
2.3194013541153167e-08 
