0.000486138279866576 
0.0004726428403042304 
0.0004595691533348638 
0.00044690600523776 
0.00043463910987187615 
0.0004227510001093724 
0.00041122920371362343 
0.0004000603416036935 
0.0003892314360251396 
0.0003787306101304089 
0.00036854948951579386 
0.00035868042351180587 
0.000349113732650534 
0.0003398407991810783 
0.0003308475615126022 
0.00032212230106446095 
0.0003136559004852514 
0.0003054395867523037 
0.00029746623425721527 
0.00028975782010567795 
0.000282304452661979 
0.0002750643258147167 
0.0002680295616183742 
0.0002611935315681612 
0.00025454980839123933 
0.00024809285030286024 
0.00024181735879076177 
0.000235720369172346 
0.00022979768447427778 
0.00022404321711416036 
0.00021845111885988172 
0.00021301592733242728 
0.00020775031658389883 
0.00020265295635002695 
0.00019771316082257512 
0.00019292114842476977 
0.0001882633561724707 
0.00018373527514819907 
0.00017933320399854432 
0.00017505253047168966 
0.00017089071885732904 
0.00016684579459010654 
0.00016291352354457202 
0.00015908998372729782 
0.00015537257510967538 
0.00015175830302550214 
0.00014824438828816457 
0.00014482738207793677 
0.00014150417891512984 
0.00013827223186667117 
0.00013512863190477732 
0.00013207136102998023 
0.00012909885588235323 
0.00012620846763712856 
0.00012339764287898838 
0.00012066260899605472 
0.00011800106661592381 
0.00011541066889234667 
0.00011288780336684327 
0.00011043043421347817 
0.00010803671044660677 
0.00010570484173161197 
0.00010343313123527648 
0.00010121990406391787 
9.906352423538175e-05 
9.696276990796144e-05 
9.491641181194415e-05 
9.29219665726533e-05 
9.097802660167056e-05 
8.908674014475636e-05 
8.725618861540451e-05 
8.54810563567732e-05 
8.375001236606184e-05 
8.206278525546741e-05 
8.041792388567e-05 
7.881395276798515e-05 
7.724949740248254e-05 
7.572308182026933e-05 
7.423336556206915e-05 
7.277955921711664e-05 
7.136064885253391e-05 
6.997559597555515e-05 
6.862373811025633e-05 
6.730545197499772e-05 
6.601999309282707e-05 
6.476643016146207e-05 
6.354386372631845e-05 
6.235142203269682e-05 
6.118825842800089e-05 
6.0053582889014165e-05 
5.894893763523802e-05 
5.787877731987406e-05 
5.683645765893351e-05 
5.5820144781922824e-05 
5.482906771382196e-05 
5.386186548848796e-05 
5.291764820336239e-05 
5.199557319972771e-05 
5.1094972175463933e-05 
5.021560921845992e-05 
4.935710118209342e-05 
4.851905007322427e-05 
4.7701686563917666e-05 
4.6905945310288935e-05 
4.613162555304717e-05 
4.5377630606182753e-05 
4.464267677999962e-05 
4.392621007581059e-05 
4.322771697141335e-05 
4.254669120677591e-05 
4.188212713868474e-05 
4.123323996056455e-05 
4.059955799962709e-05 
3.998062471899589e-05 
3.937598600302716e-05 
3.878505919126216e-05 
3.8207355142575065e-05 
3.76424380493448e-05 
3.709218269414127e-05 
3.655881122216761e-05 
3.603889370597175e-05 
3.553201595989272e-05 
3.503801896302286e-05 
3.4556920796388355e-05 
3.408875781682733e-05 
3.363329644681914e-05 
3.318998908622173e-05 
3.2758026743349465e-05 
3.233706456490942e-05 
3.192689404476751e-05 
3.152737559186858e-05 
3.113827984906187e-05 
3.0759287051359206e-05 
3.039001786453879e-05 
3.003025137110843e-05 
2.9679789200017225e-05 
2.9338754632174033e-05 
2.900713820064726e-05 
2.8684649259389712e-05 
2.8370943216533545e-05 
2.806609006644096e-05 
2.77699767697021e-05 
2.748244435844489e-05 
2.7203340464651945e-05 
2.693247193749039e-05 
2.6672217996525682e-05 
2.642259236887741e-05 
2.618091392609387e-05 
2.5946999307801932e-05 
2.5720767932439665e-05 
2.550213875397365e-05 
2.5290886031028542e-05 
2.5086677719197405e-05 
2.4889412987882656e-05 
2.4699436361207776e-05 
2.4517054914239184e-05 
2.434213798815552e-05 
2.4174522737524774e-05 
2.4014055062965845e-05 
2.386054111235148e-05 
2.3713750498292566e-05 
2.3573699965201346e-05 
2.344054591602941e-05 
2.3314769265999206e-05 
2.3198948850218977e-05 
2.3091416321428215e-05 
2.299133530070727e-05 
2.2898808451067386e-05 
2.2813873972872727e-05 
2.2736508243426078e-05 
2.2666818736348e-05 
2.260488888393796e-05 
2.255076499579397e-05 
2.2504495222110047e-05 
2.2466170884881388e-05 
2.2435900438173237e-05 
2.2413835353252676e-05 
2.2400099766721894e-05 
2.239483290407784e-05 
2.2398323294239827e-05 
2.241067102209047e-05 
2.2432020313410393e-05 
2.2462750293699216e-05 
2.2503448229355458e-05 
2.2554476356439948e-05 
2.2616206141951e-05 
2.268902181829565e-05 
2.2773321622106186e-05 
2.2869537265705477e-05 
2.2977807623013175e-05 
2.3098057490866293e-05 
2.3230573692736172e-05 
2.3375837492523426e-05 
2.3534370253968878e-05 
2.370673683094653e-05 
2.3894128798235734e-05 
2.4100021319145095e-05 
2.4323327240740132e-05 
2.4563870228440478e-05 
2.482258918905141e-05 
2.5100463175415726e-05 
2.539869701782352e-05 
2.571868940625776e-05 
2.6061726239790968e-05 
2.6429197083274194e-05 
2.6822642824227633e-05 
2.724576418829202e-05 
2.7700260659291707e-05 
2.818651570467018e-05 
2.8706694749484704e-05 
2.9263220177799398e-05 
2.98587483154384e-05 
3.0496195230429985e-05 
3.117876566950229e-05 
3.190997501317148e-05 
3.2693742762971754e-05 
3.353453930194551e-05 
3.443731833851345e-05 
3.5407384051020235e-05 
3.6450562250261436e-05 
3.7573324296158653e-05 
3.8783509503911674e-05 
4.00891840406117e-05 
4.1499151809112106e-05 
4.302317591352038e-05 
4.4672079877586176e-05 
4.6457886423279816e-05 
4.839516038271009e-05 
5.0499179719002056e-05 
5.2785998467838544e-05 
5.5272840747916885e-05 
5.797878932816998e-05 
6.0924469265586846e-05 
6.413178899648086e-05 
6.762435091938563e-05 
7.142657831766168e-05 
7.556286403790411e-05 
8.005620959448304e-05 
8.492608460490397e-05 
9.018616940962773e-05 
9.583921359426557e-05 
0.00010186715505620914 
0.00010822694373996358 
0.00011482948516888214 
0.00012150152476860125 
0.00012798816977934975 
0.00013392877667020244 
0.00013884179627496614 
0.0001421841732614478 
0.0001434415924342492 
0.00014225950414112486 
0.00013856290104490794 
0.00013259840498551352 
0.0001248691640771039 
0.00011599963361125512 
0.00010659659786521089 
9.715741133657493e-05 
8.803762811099544e-05 
7.946018621119738e-05 
7.154362199667184e-05 
6.433262416268296e-05 
5.7823304571174994e-05 
5.198322339281243e-05 
4.676468529948614e-05 
4.2113264637766157e-05 
3.7973189214189954e-05 
3.4290538411142065e-05 
3.101453124883767e-05 
2.809857870792145e-05 
2.5500690821882497e-05 
2.3183441686545013e-05 
2.1113661101502425e-05 
1.926221247443141e-05 
1.7603524974647718e-05 
1.6114966298376654e-05 
1.4776723213619417e-05 
1.3571460577398368e-05 
1.2484011404168728e-05 
1.1501100209746566e-05 
1.0611114814862813e-05 
9.803887953728015e-06 
9.070460352127984e-06 
8.4031093423614e-06 
7.795020274516831e-06 
7.2397988554049126e-06 
6.7323756118989136e-06 
6.268112442548675e-06 
5.842292686002955e-06 
5.451174433090545e-06 
5.0914363199624905e-06 
4.760122155408116e-06 
4.454757305939359e-06 
4.173124605054929e-06 
3.913042873273541e-06 
3.6725701170941415e-06 
3.449951490266674e-06 
3.2436060745176464e-06 
3.052087547713532e-06 
2.874069816497259e-06 
2.7084324197409003e-06 
2.554166842081274e-06 
2.4103563015697504e-06 
2.2761690092727463e-06 
2.150849291048776e-06 
2.0337097351652125e-06 
1.9241242377765895e-06 
1.8215281388019793e-06 
1.725421447619133e-06 
1.6353308526168538e-06 
1.550817428308838e-06 
1.4714786452433502e-06 
1.39694267227156e-06 
1.3268697901503245e-06 
1.2609551017407112e-06 
1.198914111467753e-06 
1.1404788440079683e-06 
1.0853955898835077e-06 
1.0334511274596217e-06 
9.844165128679157e-07 
9.381076646248862e-07 
8.943533748561153e-07 
8.529882194744779e-07 
8.138601620142971e-07 
7.76832916886097e-07 
7.417797026766522e-07 
7.086160402715569e-07 
6.771990157449468e-07 
6.474019825794865e-07 
6.191269272432731e-07 
5.922826387630935e-07 
5.667841761706875e-07 
5.425523823781003e-07 
5.195134400272272e-07 
4.976000121593404e-07 
4.767495624843843e-07 
4.569020332056236e-07 
4.3800240090474236e-07 
4.200019446550019e-07 
4.028575253355949e-07 
3.865228704749796e-07 
3.7095435547850177e-07 
3.5611102507533155e-07 
3.4195440691681164e-07 
3.284484666764322e-07 
3.155558939083205e-07 
3.0323851201569294e-07 
2.914663562998334e-07 
2.802112429010667e-07 
2.694537685701203e-07 
2.591807195988476e-07 
2.49363888993491e-07 
2.3997709760601127e-07 
2.309964338394398e-07 
2.2239909748575281e-07 
2.1416202652877082e-07 
2.0626727233388213e-07 
1.9869857434455115e-07 
1.9144054956037527e-07 
1.844786393356953e-07 
1.7779905976800657e-07 
1.7138925647350143e-07 
1.652437955521111e-07 
1.593532651544275e-07 
1.5370106792328445e-07 
1.482757620960294e-07 
1.4306686564776872e-07 
1.3806444404657658e-07 
1.332590782483922e-07 
1.2864183476058384e-07 
1.2420426985447674e-07 
1.1993879975071764e-07 
1.1583789983778192e-07 
1.1189417453817865e-07 
1.081008807552716e-07 
1.0445177380492794e-07 
1.0094011321198879e-07 
9.755994692178388e-08 
9.430534810516152e-08 
9.117074069130328e-08 
8.815127484395418e-08 
8.524441280790245e-08 
8.244592957437835e-08 
7.975162586740244e-08 
7.71572979608952e-08 
7.46589090169557e-08 
7.225256475805642e-08 
6.993405633623705e-08 
6.769844313289994e-08 
6.554162685932968e-08 
6.345940576682205e-08 
6.144877898135481e-08 
5.95068952687841e-08 
5.763103215700882e-08 
5.58185894658993e-08 
5.406733573586043e-08 
5.2375954812272214e-08 
5.0741616630517994e-08 
4.9162020527017627e-08 
4.7635310667984624e-08 
4.616178368165967e-08 
4.473994845048957e-08 
4.336765790085752e-08 
4.204254059952992e-08 
4.076242020392359e-08 
3.952489319740443e-08 
3.832798013635789e-08 
3.71702025744277e-08 
3.6050139603512943e-08 
3.496642286448194e-08 
3.391774330241178e-08 
3.290284455513941e-08 
3.1920531923105834e-08 
3.096965110931146e-08 
3.004906728981287e-08 
2.9157823118209865e-08 
2.8295170921121534e-08 
2.7460057418132485e-08 
2.665144236227717e-08 
2.5868553592811044e-08 
2.5110782305713053e-08 
2.4377335078148505e-08 
2.366736074379098e-08 
