0.00047452551092758496 
0.00046134274304206045 
0.0004485720781240545 
0.00043620255266840714 
0.00042422020488449874 
0.0004126079690820688 
0.00040135365557912193 
0.00039044419030913633 
0.00037986689164158085 
0.0003696101530951581 
0.0003596657868863826 
0.0003500263118812588 
0.0003406822674661927 
0.0003316252296038031 
0.00032284146259256607 
0.0003143195179732678 
0.0003060504862310183 
0.000298025794377358 
0.00029023847734881044 
0.0002827099653167634 
0.000275430593078409 
0.00026835955952465634 
0.000261489167864799 
0.00025481294077101815 
0.00024832459765286477 
0.00024201872214758588 
0.00023589013553729332 
0.0002299359359830947 
0.0002241520196947717 
0.0002185324389864465 
0.00021307148006856827 
0.00020776380591851015 
0.00020262176862324485 
0.0001976440602895239 
0.00019282024887657895 
0.00018814078520797226 
0.00018359243347910604 
0.00017917078850407858 
0.00017487223292270694 
0.00017069226142199423 
0.00016662839382605555 
0.00016267869720907417 
0.0001588390356440869 
0.00015510557788433113 
0.00015147578182773903 
0.00014794672080423413 
0.00014451567842507744 
0.00014117928573395994 
0.00013793450875908403 
0.00013477885822911118 
0.00013170949213065576 
0.00012872443715209814 
0.00012582216320508092 
0.00012300008238629053 
0.00012025570000703391 
0.00011758533350310246 
0.0001149867363576262 
0.00011245761600250844 
0.00010999444692008875 
0.00010759524020037619 
0.00010525818721207145 
0.00010298153857906693 
0.00010076363617587546 
9.860284340129837e-05 
9.649756171192897e-05 
9.44465961110498e-05 
9.244874444592486e-05 
9.050158320890663e-05 
8.860373694237798e-05 
8.675729317670997e-05 
8.497011658350515e-05 
8.323702459885113e-05 
8.154697845447332e-05 
7.989970973655619e-05 
7.829380136250876e-05 
7.672781272373798e-05 
7.520040171341286e-05 
7.371012763043813e-05 
7.225568188147617e-05 
7.08362923929452e-05 
6.945096863791531e-05 
6.809869630671544e-05 
6.67788271274514e-05 
6.549172405981494e-05 
6.423665892865711e-05 
6.301272185183212e-05 
6.18190340428879e-05 
6.065474377067445e-05 
5.951902382809807e-05 
5.841110219326558e-05 
5.733247522947697e-05 
5.628747108671936e-05 
5.526962347592022e-05 
5.427714535908505e-05 
5.330928354962375e-05 
5.236471137496967e-05 
5.1442560393037624e-05 
5.054200824565515e-05 
4.9662402194657156e-05 
4.880350983502022e-05 
4.79649556401184e-05 
4.7146349665785895e-05 
4.634791280699498e-05 
4.557054968921433e-05 
4.481406147883164e-05 
4.407737901763099e-05 
4.335925178373972e-05 
4.2659138243774114e-05 
4.197653624786907e-05 
4.1310950764221946e-05 
4.066140200001168e-05 
4.002712481982143e-05 
3.9407658230401734e-05 
3.8802556003759464e-05 
3.82113743345256e-05 
3.763354476489882e-05 
3.706858970921477e-05 
3.651608342332184e-05 
3.597784143094152e-05 
3.545601509865766e-05 
3.49472736227219e-05 
3.4451211775129164e-05 
3.396767175969719e-05 
3.3496667377210724e-05 
3.3038229970410897e-05 
3.259212911453432e-05 
3.215783008244798e-05 
3.173454505774154e-05 
3.132193609302466e-05 
3.091979732219161e-05 
3.052798956247218e-05 
3.0146286633724367e-05 
2.977437480605547e-05 
2.9411882719881416e-05 
2.905859237097492e-05 
2.8714307527807588e-05 
2.8379143027039357e-05 
2.8053085034453075e-05 
2.7735847630275002e-05 
2.7427092737380326e-05 
2.7126883024398557e-05 
2.683510399489433e-05 
2.6551596621218765e-05 
2.6276208123037905e-05 
2.6008746196224326e-05 
2.5751502023379113e-05 
2.5504481013289036e-05 
2.526508755627076e-05 
2.5033138014937873e-05 
2.480854773120937e-05 
2.459123133194276e-05 
2.4380963672303448e-05 
2.4177417014359204e-05 
2.3980486357619916e-05 
2.379049537178918e-05 
2.3607730842165557e-05 
2.343205735580961e-05 
2.3263308174998498e-05 
2.3101324643830452e-05 
2.2945909516286874e-05 
2.2796830095100157e-05 
2.2654090874771687e-05 
2.2517829846679486e-05 
2.2388495718398435e-05 
2.226854954101306e-05 
2.215637230725626e-05 
2.2051144571139703e-05 
2.195294751895436e-05 
2.1861799383818006e-05 
2.1777658037065835e-05 
2.170060574171309e-05 
2.1630700302600833e-05 
2.1567962518466055e-05 
2.1512413411830214e-05 
2.146411359875212e-05 
2.142313818846152e-05 
2.138960130002903e-05 
2.1363588686260805e-05 
2.134519807338242e-05 
2.1334666768126307e-05 
2.133204948539707e-05 
2.1337439947604513e-05 
2.1351151819167585e-05 
2.1373692180451018e-05 
2.1405349278534425e-05 
2.1446415101225407e-05 
2.1497188261959042e-05 
2.155797464749113e-05 
2.1629105250038586e-05 
2.1710627109821232e-05 
2.1802378409266008e-05 
2.190453216677555e-05 
2.2017435956112457e-05 
2.2141464885293703e-05 
2.2277023614655445e-05 
2.242509244582853e-05 
2.258877535266774e-05 
2.2766875464918054e-05 
2.295903830169424e-05 
2.3165935508973418e-05 
2.3388253464990238e-05 
2.3626863350439517e-05 
2.3882787111830025e-05 
2.415690855270082e-05 
2.4450171053603758e-05 
2.4763616769739315e-05 
2.5100231124818984e-05 
2.546109055433811e-05 
2.5846004869823274e-05 
2.6256359538333517e-05 
2.6693697200790953e-05 
2.7159684831160258e-05 
2.7656124022192345e-05 
2.818496200574257e-05 
2.8748293940701233e-05 
2.9348426763591453e-05 
2.9987986270524515e-05 
3.066982704806117e-05 
3.1396882122245694e-05 
3.217228021417149e-05 
3.29994130427905e-05 
3.388251712671195e-05 
3.4825609498035e-05 
3.583287620791683e-05 
3.6908790650237785e-05 
3.805811420967437e-05 
3.928591614332851e-05 
4.0598588731255824e-05 
4.200215636385335e-05 
4.350220870838059e-05 
4.510409523158913e-05 
4.681333241236307e-05 
4.863516616373357e-05 
5.0574190375195094e-05 
5.263450169425397e-05 
5.481885094353345e-05 
5.712788970003235e-05 
5.955915228300089e-05 
6.210568394796738e-05 
6.475498192289247e-05 
6.74865213725907e-05 
7.026721236538382e-05 
7.305284531466929e-05 
7.578063976096306e-05 
7.835493843513891e-05 
8.066359047048926e-05 
8.257642459333025e-05 
8.394361910837286e-05 
8.462288355944275e-05 
8.449819204781491e-05 
8.350114810933342e-05 
8.162761768371247e-05 
7.894249478230942e-05 
7.556969535131511e-05 
7.16719304131277e-05 
6.742582230390544e-05 
6.299934894592067e-05 
5.853689399792857e-05 
5.415231897533619e-05 
4.99286017740049e-05 
4.5921106172111775e-05 
4.216217716461406e-05 
3.866699090702797e-05 
3.5438391434474964e-05 
3.2470746695679056e-05 
2.9752990073288703e-05 
2.7270875511888114e-05 
2.500820367971128e-05 
2.2948074933687376e-05 
2.1073723937470524e-05 
1.9369009383330064e-05 
1.7818646966386413e-05 
1.640846507240366e-05 
1.5125399657562068e-05 
1.3957291173311274e-05 
1.289306313998513e-05 
1.1922669443485591e-05 
1.1037027550052647e-05 
1.0227945477248916e-05 
9.488061610576891e-06 
8.81076810191845e-06 
8.190095891909935e-06 
7.620821403038202e-06 
7.09823766995593e-06 
6.617763407194304e-06 
6.1758118249780214e-06 
5.769016329413434e-06 
5.3937878467711414e-06 
5.047307603052781e-06 
4.727041321263857e-06 
4.430705634557884e-06 
4.156391570989255e-06 
3.9023690620327996e-06 
3.6668892929886574e-06 
3.448382037202725e-06 
3.2454142156099182e-06 
3.0566835261692195e-06 
2.8809865029311065e-06 
2.717209153266894e-06 
2.5644114123631203e-06 
2.4217420071166102e-06 
2.288421887854526e-06 
2.163739994845708e-06 
2.047046676221662e-06 
1.9377477972962495e-06 
1.8352994652094974e-06 
1.7392093198829976e-06 
1.6490406402458988e-06 
1.5643769203959023e-06 
1.4848298976555373e-06 
1.4100420853960774e-06 
1.3396818549441092e-06 
1.273445256128972e-06 
1.2110590367071529e-06 
1.1522671640040792e-06 
1.096827383943233e-06 
1.0445092997454335e-06 
9.951198358728154e-07 
9.484493529065734e-07 
9.043301340509464e-07 
8.626057667371684e-07 
8.23124432264551e-07 
7.857463480729009e-07 
7.503461586799957e-07 
7.16807000970886e-07 
6.850522902611099e-07 
6.549484319543269e-07 
6.263770256224489e-07 
5.992469092179592e-07 
5.734731126089394e-07 
5.489763856676201e-07 
5.256827661826465e-07 
5.035231839197849e-07 
4.824345972091068e-07 
4.6235839345416976e-07 
4.432381609023552e-07 
4.250221879001082e-07 
4.076647146597486e-07 
3.911252540709618e-07 
3.753601459271411e-07 
3.6032817864160623e-07 
3.4599062225762144e-07 
3.323110584662111e-07 
3.192553469936665e-07 
3.0678802376291075e-07 
2.948727042689603e-07 
2.834809177840873e-07 
2.7258586405286604e-07 
2.621692298727117e-07 
2.522186789790628e-07 
2.4270724296463234e-07 
2.33609881269819e-07 
2.24903719360714e-07 
2.1656692746752869e-07 
2.0857738652299012e-07 
2.0091792614439233e-07 
1.9357299331537131e-07 
1.865278655649931e-07 
1.7976860128525074e-07 
1.732819933463627e-07 
1.6705601416491685e-07 
1.610855602747963e-07 
1.5536163723781135e-07 
1.4986823064067718e-07 
1.4459433753120174e-07 
1.395298781152787e-07 
1.3466529495256677e-07 
1.2999152272127325e-07 
1.2549995991352343e-07 
1.2118247376726113e-07 
1.1703176225167544e-07 
1.1304057350503431e-07 
1.0920177448760008e-07 
1.0550886235084644e-07 
1.0195581470248626e-07 
9.853611962864785e-08 
9.524402954969167e-08 
9.207381669337069e-08 
8.902009122690407e-08 
8.607816828838997e-08 
8.324561714312088e-08 
8.051835633806974e-08 
7.789232635001443e-08 
7.536346029314708e-08 
7.29278514457795e-08 
7.058172969232818e-08 
6.832101512272758e-08 
6.614091047287827e-08 
6.403743902038357e-08 
6.200652081615977e-08 
6.004524731332322e-08 
5.81508545142657e-08 
5.632070269393825e-08 
5.45522701901214e-08 
5.284339435724373e-08 
5.119280595367203e-08 
4.959775499283925e-08 
4.805600776598964e-08 
4.656576434710074e-08 
4.512732812342239e-08 
4.3739254199234736e-08 
4.239945557688671e-08 
4.110562504656352e-08 
3.9855645302312735e-08 
3.86471761330426e-08 
3.747829123153479e-08 
3.634755353164002e-08 
3.525358166964436e-08 
3.41950451423754e-08 
3.317067094780167e-08 
3.2179237152742784e-08 
3.1219581696298114e-08 
3.029058162665497e-08 
2.9391132655541063e-08 
2.8520303728028624e-08 
2.7677368558673943e-08 
2.6861301635396023e-08 
2.6071089888244023e-08 
2.5305982210883006e-08 
2.4565387057201236e-08 
2.3848532047336466e-08 
2.315458807885255e-08 
