7.580964318925964e-05 0.0002021793436151781 4.939073348664116e-06 2.420365763388629e-06 1.5587017738126089e-06 0.0 
7.467717427986566e-05 0.00019943663125679425 4.843513085527664e-06 2.3706863791001988e-06 1.5262793517849266e-06 0.0 
7.35664245439069e-05 0.00019674362497399395 4.750138387769069e-06 2.322195045656383e-06 1.494640568380795e-06 0.0 
7.247723350792612e-05 0.00019409994836516958 4.658922783083937e-06 2.274878395039325e-06 1.4637768454747281e-06 0.0 
7.140912530833389e-05 0.0001915045486751389 4.569809815041524e-06 2.2287042994971617e-06 1.4336666906990474e-06 0.0 
7.036124621671866e-05 0.00018895559056970258 4.482708126636702e-06 2.1836205354435994e-06 1.4042752312097407e-06 0.0 
6.933338987478095e-05 0.00018645284733647522 4.397567298610447e-06 2.1395987483597454e-06 1.3755840508421335e-06 0.0 
6.83251183982955e-05 0.00018399542642038598 4.314328112892845e-06 2.096604766250458e-06 1.3475703138495309e-06 0.0 
6.733598181096877e-05 0.0001815823971502741 4.2329320821568034e-06 2.054604846646973e-06 1.3202114426255036e-06 0.0 
6.636554352229875e-05 0.0001792127689793901 4.153329254189936e-06 2.0135701914226136e-06 1.2934880997055822e-06 0.0 
6.541342024543819e-05 0.00017688554628190938 4.075504540135527e-06 1.97349308056996e-06 1.267394994566148e-06 0.0 
6.447926384247433e-05 0.00017459987255743584 3.999445834996611e-06 1.9343692956012665e-06 1.2419295013604463e-06 0.0 
6.356278492766289e-05 0.0001723551629485781 3.925117679031612e-06 1.8961788626204704e-06 1.2170783290859097e-06 0.0 
6.266372710263647e-05 0.00017015089361218475 3.852494172630066e-06 1.8589070880799813e-06 1.1928316656785094e-06 0.0 
6.178138457177572e-05 0.00016798553402380567 3.781486756415582e-06 1.8225034718778568e-06 1.1691559227015114e-06 0.0 
6.0915213236865294e-05 0.0001658578912433748 3.712028495686467e-06 1.7869300290120062e-06 1.1460258309199536e-06 0.0 
6.0064848205061966e-05 0.00016376713524606025 3.6440782872403508e-06 1.7521635857076398e-06 1.1234259361010398e-06 0.0 
5.922993400645151e-05 0.0001617124565694489 3.5775962435688033e-06 1.718181685054112e-06 1.1013412686340676e-06 0.0 
5.8410447076396654e-05 0.00015969414256004647 3.5125545501900303e-06 1.6849694524409962e-06 1.0797623524707509e-06 0.0 
5.760791428565955e-05 0.0001577146466786941 3.449275256621457e-06 1.652708677076362e-06 1.0588086648069437e-06 0.0 
5.682194347759287e-05 0.00015577296854961235 3.3877112556196318e-06 1.621369187882018e-06 1.0384596229302401e-06 0.0 
5.6050204570773814e-05 0.0001538654355122967 3.3274099194986413e-06 1.5907014474886109e-06 1.0185519554703394e-06 0.0 
5.529235153987902e-05 0.00015199130277680347 3.2683276034743634e-06 1.5606811737641005e-06 9.990695410157146e-07 0.0 
5.4548064915225674e-05 0.00015014979171452987 3.2104343280025964e-06 1.53129158169197e-06 9.800011442502568e-07 0.0 
5.38170177886727e-05 0.00014834009528859828 3.1537006141241614e-06 1.5025161980507448e-06 9.613357439576768e-07 0.0 
5.309902499829782e-05 0.0001465618226833408 3.09810379328409e-06 1.474342844900964e-06 9.430654051540851e-07 0.0 
5.239388938226122e-05 0.00014481452761756468 3.043623209129491e-06 1.4467602944837604e-06 9.251827489322829e-07 0.0 
5.1701604933499836e-05 0.00014309814242688065 2.990264812608153e-06 1.4197728016910386e-06 9.076907271082725e-07 0.0 
5.102206077427146e-05 0.00014141239909134606 2.938018815604734e-06 1.39337558898736e-06 8.905862515262536e-07 0.0 
5.0354915877212795e-05 0.00013975648154439832 2.8868525511530785e-06 1.36755019161475e-06 8.738569526970113e-07 0.0 
4.969983851478517e-05 0.00013812959469067343 2.8367343929945455e-06 1.3422787619320304e-06 8.574908801995759e-07 0.0 
4.905651581291857e-05 0.00013653097529396944 2.7876358813533824e-06 1.3175451980645413e-06 8.414772337769304e-07 0.0 
4.842582251538686e-05 0.00013496125133722565 2.739779776236062e-06 1.2934659713745263e-06 8.258910538318651e-07 0.0 
4.780851888965553e-05 0.00013342272804955918 2.6931789450583484e-06 1.2700511008345727e-06 8.10740210052587e-07 0.0 
4.720486743843237e-05 0.0001319178310532261 2.647705181726588e-06 1.2472412562401265e-06 7.959883895736853e-07 0.0 
4.661362423092816e-05 0.00013044307111205401 2.6032872080875717e-06 1.2249910316414533e-06 7.816036377449883e-07 0.0 
4.6032956331888045e-05 0.00012899354214791477 2.559796785317972e-06 1.2032253960859114e-06 7.675352472204307e-07 0.0 
4.546262801901698e-05 0.00012756876575810717 2.51720763689399e-06 1.1819298189641696e-06 7.537736384049044e-07 0.0 
4.490253796284062e-05 0.00012616865074128702 2.475501789980143e-06 1.1610946382843475e-06 7.403125414486369e-07 0.0 
4.4352315986018165e-05 0.00012479223342540236 2.434650609229697e-06 1.1407037196573022e-06 7.271411600805867e-07 0.0 
4.381185141724051e-05 0.0001234392211466966 2.3946507178075887e-06 1.120755751690802e-06 7.142586521328867e-07 0.0 
4.328113251926655e-05 0.00012210960940695333 2.355505016222096e-06 1.1012530888483262e-06 7.01666650022126e-07 0.0 
4.275988336166458e-05 0.00012080275734468687 2.317185699604887e-06 1.0821802293677435e-06 6.893548464014537e-07 0.0 
4.2247883917774326e-05 0.00011951822868028023 2.2796655301854846e-06 1.0635231858525486e-06 6.773141893815942e-07 0.0 
4.174507654596794e-05 0.00011825593399172157 2.2429344557725668e-06 1.0452773483829122e-06 6.655418324402613e-07 0.0 
4.125130916902286e-05 0.00011701551200749436 2.2069780946127696e-06 1.0274348690190918e-06 6.540325636191641e-07 0.0 
4.076644297261533e-05 0.00011579663037747471 2.1717840382911413e-06 1.0099891257009082e-06 6.427819977539243e-07 0.0 
4.0290273469685294e-05 0.00011459882825188337 2.1373294085128766e-06 9.929274244967418e-07 6.317817291480975e-07 0.0 
3.9822695141886706e-05 0.00011342205662827805 2.103593932063738e-06 9.762387775127756e-07 6.210245930670091e-07 0.0 
3.936368419788327e-05 0.00011226648763074524 2.070564437996103e-06 9.599159142525177e-07 6.105058794969281e-07 0.0 
3.891305871894589e-05 0.00011113166016363931 2.038223241342029e-06 9.439488209109713e-07 6.002189149208943e-07 0.0 
3.847070610987859e-05 0.00011001717920776319 2.0065661391427323e-06 9.283343310602722e-07 5.901614337906788e-07 0.0 
3.803656242436677e-05 0.00010892271819511673 1.9755957285596096e-06 9.13072639757453e-07 5.803333223853375e-07 0.0 
3.761045806992387e-05 0.00010784780768826744 1.9452961504708606e-06 8.981545949875701e-07 5.707284554936706e-07 0.0 
3.7192238455571057e-05 0.00010679204086897336 1.915651908515234e-06 8.835712916254005e-07 5.613408809348798e-07 0.0 
3.67815393888117e-05 0.00010575455760141505 1.8866272244727483e-06 8.693033986789814e-07 5.521578912715074e-07 0.0 
3.6378180910643226e-05 0.00010473490652938501 1.8582068224972338e-06 8.553433927161806e-07 5.431746561430685e-07 0.0 
3.598201386644674e-05 0.00010373278741185283 1.8303739475572546e-06 8.416826670966364e-07 5.343855872469179e-07 0.0 
3.5592741116062455e-05 0.00010274784535172324 1.8030881451975976e-06 8.283014820810486e-07 5.257780927851849e-07 0.0 
3.52102394353518e-05 0.0001017798268828317 1.7763359058404858e-06 8.151926821003368e-07 5.173474920361059e-07 0.0 
3.483439728645221e-05 0.00010082846273003478 1.7501063709839194e-06 8.023503260760353e-07 5.090898568764619e-07 0.0 
3.446510651123532e-05 9.989348958524532e-05 1.7243889878569616e-06 7.897686430865038e-07 5.010013726098661e-07 0.0 
3.410227102252588e-05 9.897466117517984e-05 1.6991740645866926e-06 7.774422958025136e-07 4.930785084209468e-07 0.0 
3.3745789490339406e-05 9.80717285502627e-05 1.6744516591864964e-06 7.653658511533056e-07 4.853176746532972e-07 0.0 
3.339555988586277e-05 9.71844453763525e-05 1.6502118594064854e-06 7.535339127741097e-07 4.777153084876667e-07 0.0 
3.305157081880935e-05 9.631282061449821e-05 1.6264501927154372e-06 7.419442891173015e-07 4.702700259937389e-07 0.0 
3.2713824544420267e-05 9.545694195784255e-05 1.6031606736763237e-06 7.305944066563086e-07 4.629802977226667e-07 0.0 
3.2382020708350815e-05 9.461609049283602e-05 1.5803176712832552e-06 7.194707080884825e-07 4.558372443846194e-07 0.0 
3.2056140730275414e-05 9.379042082913397e-05 1.5579111757246184e-06 7.085682078709149e-07 4.488377244345721e-07 0.0 
3.17372954320622e-05 9.298364628261964e-05 1.5359795886348134e-06 6.979110560365155e-07 4.419987059003733e-07 0.0 
3.142668515948414e-05 9.219816104495778e-05 1.5146853163569873e-06 6.875848977067114e-07 4.353755167732095e-07 0.0 
3.1123216597465414e-05 9.143065928013746e-05 1.4939659412159238e-06 6.775522925227603e-07 4.2894266359327887e-07 0.0 
3.082513137181266e-05 9.067695301233665e-05 1.4736377843688558e-06 6.677159418899539e-07 4.2263681467159243e-07 0.0 
3.0532500384846485e-05 8.993690248294078e-05 1.4537114916137798e-06 6.580798737116762e-07 4.1646036533972095e-07 0.0 
3.0245190225188726e-05 8.921020301874493e-05 1.4341747025071285e-06 6.486375628900438e-07 4.104090339685509e-07 0.0 
2.9963056234325072e-05 8.84965346270959e-05 1.4150139255142642e-06 6.393819786497366e-07 4.044782227355311e-07 0.0 
2.9685966230934287e-05 8.779559449497836e-05 1.3962169331459285e-06 6.303067128062936e-07 3.9866373644212176e-07 0.0 
2.941375837238988e-05 8.710709704230138e-05 1.3777688412212223e-06 6.214042323190387e-07 3.929606861970473e-07 0.0 
2.9146265471198218e-05 8.643089175679445e-05 1.359656537634519e-06 6.12668294631071e-07 3.873650761678503e-07 0.0 
2.8883412764479654e-05 8.576676813171411e-05 1.3418774968091377e-06 6.040974709639199e-07 3.818759223541183e-07 0.0 
2.8625107941812055e-05 8.51144749928255e-05 1.324424410644503e-06 5.956877693099273e-07 3.764905807877886e-07 0.0 
2.83712400021226e-05 8.447373341554553e-05 1.3072890500641564e-06 5.87434854748882e-07 3.712061990347628e-07 0.0 
2.8121801721758887e-05 8.384454506237211e-05 1.290468898389259e-06 5.793376842035699e-07 3.660221562584035e-07 0.0 
2.787704299727666e-05 8.322760071732069e-05 1.273979018681333e-06 5.71405224806017e-07 3.60944539881167e-07 0.0 
2.763694092297562e-05 8.262285338256439e-05 1.2578157083357807e-06 5.636355511423401e-07 3.559720969078587e-07 0.0 
2.7401425045388708e-05 8.203013189852425e-05 1.2419717163227105e-06 5.560247227524177e-07 3.5110222837354264e-07 0.0 
2.7170427953928106e-05 8.14492692225038e-05 1.2264400149575584e-06 5.485689206487355e-07 3.46332415853877e-07 0.0 
2.694388364369658e-05 8.0880102268246e-05 1.2112137455949902e-06 5.41264421043562e-07 3.416602042105613e-07 0.0 
2.6721726691692705e-05 8.032247268321766e-05 1.1962861859479578e-06 5.341075796739413e-07 3.3708319133018094e-07 0.0 
2.6503911989026883e-05 7.977631204997642e-05 1.181651136057899e-06 5.270950964142995e-07 3.325992232084523e-07 0.0 
2.629076058743625e-05 7.924220306528914e-05 1.1673520919864442e-06 5.202483839162654e-07 3.2822194540243994e-07 0.0 
2.6083069206591983e-05 7.872144585797278e-05 1.1534979997535539e-06 5.13620283686043e-07 3.23984920747804e-07 0.0 
2.587987938993777e-05 7.821244361084192e-05 1.1399562391440243e-06 5.071454867029544e-07 3.198464845204166e-07 0.0 
2.568096275555516e-05 7.771483665667724e-05 1.1266960365951573e-06 5.008092829739009e-07 3.157973048001048e-07 0.0 
2.548623940271917e-05 7.722842422897136e-05 1.1137106938928773e-06 4.946079846253399e-07 3.118349404647283e-07 0.0 
2.5295449373252152e-05 7.675252148559918e-05 1.100981276397016e-06 4.885316460689786e-07 3.0795288896400406e-07 0.0 
2.5108473998734683e-05 7.628684465620127e-05 1.0884974272257782e-06 4.825748632584469e-07 3.041476259299722e-07 0.0 
2.492519025109405e-05 7.583113294676417e-05 1.076249437019757e-06 4.7673265618202723e-07 3.00415907706006e-07 0.0 
2.4745538716639783e-05 7.538532953783727e-05 1.064230620868648e-06 4.7100156996283786e-07 2.9675549469635e-07 0.0 
2.4569569145362466e-05 7.49496298053062e-05 1.052442402908875e-06 4.6538272378183823e-07 2.9316719515271873e-07 0.0 
2.4397287354640442e-05 7.452407699273538e-05 1.0408835857000875e-06 4.598755723946804e-07 2.89650673489969e-07 0.0 
2.422870456415677e-05 7.410869802470256e-05 1.0295527771813959e-06 4.544791953671252e-07 2.8620530821336987e-07 0.0 
2.406399878977095e-05 7.370394673513469e-05 1.018461951343135e-06 4.4919948069593354e-07 2.828349024986701e-07 0.0 
2.3903809714338325e-05 7.331222741863429e-05 1.0076326594370435e-06 4.440491128406098e-07 2.7954815897548234e-07 0.0 
2.3748302438355725e-05 7.29342755877869e-05 9.970663600072134e-07 4.3902927610999136e-07 2.763459443135439e-07 0.0 
2.3597076665233736e-05 7.256857896146352e-05 9.867511183143743e-07 4.3413247214478165e-07 2.732230125342274e-07 0.0 
2.344965845010482e-05 7.221342096350332e-05 9.766699569463748e-07 4.2934877346688357e-07 2.701726439378567e-07 0.0 
2.3305986100015528e-05 7.186866587365286e-05 9.668175193059338e-07 4.246753122346326e-07 2.671929555469764e-07 0.0 
2.3166012037669155e-05 7.153421153269675e-05 9.571889904493442e-07 4.201095203536339e-07 2.6428226308420035e-07 0.0 
2.3029687653542025e-05 7.120995326708643e-05 9.477794841927369e-07 4.156487958304331e-07 2.6143886096247765e-07 0.0 
2.2896803195543433e-05 7.0895365431062e-05 9.385726744293891e-07 4.112847041784934e-07 2.586572684799184e-07 0.0 
2.276720930792449e-05 7.059007762609454e-05 9.295567194134238e-07 4.0701110679682065e-07 2.5593349167468917e-07 0.0 
2.2640850309740506e-05 7.029396335814773e-05 9.207265036041527e-07 4.0282529965775815e-07 2.532657604361012e-07 0.0 
2.251767214167597e-05 7.000690035302737e-05 9.120770374192681e-07 3.9872464448890495e-07 2.506523476469899e-07 0.0 
2.239761903133569e-05 6.972876499359162e-05 9.036031325133184e-07 3.947064274034649e-07 2.4809148130905937e-07 0.0 
2.228059844639616e-05 6.945937351841201e-05 8.952959390730314e-07 3.907663432306292e-07 2.455804015703822e-07 0.0 
2.2166541716651338e-05 6.919858241094423e-05 8.871487746170378e-07 3.869010078357582e-07 2.4311691830480535e-07 0.0 
2.2055392289055923e-05 6.894626954899523e-05 8.791561000816902e-07 3.8310754003721303e-07 2.406991551263442e-07 0.0 
2.1947732419139442e-05 6.870383763908069e-05 8.713680534107384e-07 3.794114857539995e-07 2.3834358929710768e-07 0.0 
2.18442805905227e-05 6.847298938742215e-05 8.638457072087221e-07 3.7584291780465436e-07 2.3606946955143566e-07 0.0 
2.1744180471459453e-05 6.825173649643289e-05 8.565105661521718e-07 3.7236215362375655e-07 2.3385128690397503e-07 0.0 
2.1647402882670426e-05 6.804004607784515e-05 8.493572616710092e-07 3.689664472618505e-07 2.3168728125319296e-07 0.0 
2.1553991729772785e-05 6.783804813441145e-05 8.423869623004178e-07 3.65656110301993e-07 2.2957761914363782e-07 0.0 
2.1464078684249396e-05 6.764615369668146e-05 8.356043742000248e-07 3.6243352121050654e-07 2.2752386449040826e-07 0.0 
2.1377808125970075e-05 6.746482133496315e-05 8.290145744565541e-07 3.593012943554502e-07 2.2552774393413133e-07 0.0 
2.1295207017001406e-05 6.729414995442614e-05 8.226168430026182e-07 3.562587769043841e-07 2.2358879688358698e-07 0.0 
2.121620910245989e-05 6.713409536988476e-05 8.164015757693604e-07 3.5330140367210103e-07 2.217041211784886e-07 0.0 
2.1140666122495095e-05 6.69845159143836e-05 8.103514443444839e-07 3.50421273513872e-07 2.198687444994453e-07 0.0 
2.1068523793360796e-05 6.684535209629715e-05 8.044622280435519e-07 3.4761625664652517e-07 2.1808128480239024e-07 0.0 
2.099976470981762e-05 6.671659755850741e-05 7.987333300800105e-07 3.448858665840209e-07 2.163413932215139e-07 0.0 
2.093442157163036e-05 6.659836703694403e-05 7.931656056239355e-07 3.422302748019623e-07 2.1464914269460115e-07 0.0 
2.0872504690349777e-05 6.649074743597805e-05 7.877572638251654e-07 3.396484516041262e-07 2.1300385166337183e-07 0.0 
2.0813968299806004e-05 6.639362872927467e-05 7.825044234457943e-07 3.3713821723695737e-07 2.1140407496829266e-07 0.0 
2.0758726713421302e-05 6.630676754783617e-05 7.774017496821649e-07 3.3469659776639487e-07 2.098478413235383e-07 0.0 
2.070678387179656e-05 6.623023159342027e-05 7.724473137703519e-07 3.32322474354918e-07 2.0833440867589247e-07 0.0 
2.0658157418882994e-05 6.61641254534099e-05 7.676395277331861e-07 3.300149250168453e-07 2.0686317161374433e-07 0.0 
2.061315155040345e-05 6.61100482733979e-05 7.629822838809984e-07 3.277767891279397e-07 2.054361922225867e-07 0.0 
2.0571894052871518e-05 6.606856073680881e-05 7.584783405966306e-07 3.256095957791538e-07 2.0405448491289772e-07 0.0 
2.0534289370792736e-05 6.60391064469111e-05 7.541249256434303e-07 3.2351138602720687e-07 2.0271666417355533e-07 0.0 
2.0500186246877096e-05 6.602090451109463e-05 7.499181449247583e-07 3.2147949323397676e-07 2.0142087287940686e-07 0.0 
2.0469696263603068e-05 6.601432568411444e-05 7.458631176006193e-07 3.195165732769892e-07 2.001688496436956e-07 0.0 
2.0442876832063962e-05 6.601960265408192e-05 7.419600867473218e-07 3.1762268672070297e-07 1.989606373279156e-07 0.0 
2.0419763655529243e-05 6.603690071655819e-05 7.382081923818804e-07 3.157972391960054e-07 1.977958358484809e-07 0.0 
2.040039569901518e-05 6.606639668162033e-05 7.346066780043919e-07 3.14039682832386e-07 1.9667407469747746e-07 0.0 
2.038479459126608e-05 6.610822736531833e-05 7.311534317226871e-07 3.1234889194623074e-07 1.9559462685383422e-07 0.0 
2.0373817170346174e-05 6.616431736592075e-05 7.279239107399004e-07 3.1076034741037735e-07 1.9457993863962208e-07 0.0 
2.0367604832337846e-05 6.62350558036775e-05 7.249240094753265e-07 3.092759786618135e-07 1.9363112274908938e-07 0.0 
2.0365360187820575e-05 6.631887885429285e-05 7.220760909379418e-07 3.078596265740704e-07 1.927253575043389e-07 0.0 
2.0367113209265408e-05 6.641595648523903e-05 7.193780984921322e-07 3.0651012618025824e-07 1.9186188409858683e-07 0.0 
2.0372936869938322e-05 6.652658417348468e-05 7.168310297765052e-07 3.052277217115996e-07 1.9104083264866693e-07 0.0 
2.0382906136374457e-05 6.665106011148576e-05 7.144358222706444e-07 3.0401262315480096e-07 1.9026231031191456e-07 0.0 
2.0397013125254672e-05 6.678943279302906e-05 7.121893734142811e-07 3.0286305991496163e-07 1.8952514619638856e-07 0.0 
2.0415190096990453e-05 6.694155996054836e-05 7.100855722758029e-07 3.0177569239759974e-07 1.88827147004588e-07 0.0 
2.043750233778422e-05 6.710771343748265e-05 7.081245058173843e-07 3.007502871479635e-07 1.8816813113850529e-07 0.0 
2.0464198131685005e-05 6.728848153929613e-05 7.063206003414066e-07 2.9979284469329404e-07 1.875518062825927e-07 0.0 
2.0495542408516552e-05 6.748459736221413e-05 7.046867786714725e-07 2.989088735942706e-07 1.869816143976869e-07 0.0 
2.053163370499862e-05 6.769655734039717e-05 7.032217221299966e-07 2.9809773696770316e-07 1.8645717540943528e-07 0.0 
2.057254268820605e-05 6.792473679374157e-05 7.019234394667771e-07 2.973583303369703e-07 1.8597777745757692e-07 0.0 
2.061835018304847e-05 6.816954962007338e-05 7.007900661952069e-07 2.966896058628967e-07 1.855427453729958e-07 0.0 
2.066911325849042e-05 6.843137951802032e-05 6.998183845962476e-07 2.9608996453976717e-07 1.8515106366560032e-07 0.0 
2.0724851249372434e-05 6.871055025600605e-05 6.990040176551219e-07 2.955573942731571e-07 1.8480146661875679e-07 0.0 
2.0785730555070775e-05 6.90077129183793e-05 6.983501939707271e-07 2.9509319979946124e-07 1.844947741782539e-07 0.0 
2.0852026385088057e-05 6.932390835815366e-05 6.97863760764573e-07 2.9470066685853596e-07 1.8423312879009443e-07 0.0 
2.092415618684508e-05 6.966049976016074e-05 6.975622165687069e-07 2.943881584737456e-07 1.8402189135862192e-07 0.0 
2.1003628580629376e-05 7.002186998053324e-05 6.975286718466263e-07 2.941960520629689e-07 1.8388694247280647e-07 0.0 
2.1089727462353777e-05 7.040607045382153e-05 6.977176462321918e-07 2.941007058795774e-07 1.8381291631950487e-07 0.0 
2.118219447388508e-05 7.081257158778391e-05 6.981065768590366e-07 2.9409078818320524e-07 1.8379252657462872e-07 0.0 
2.1281325656532402e-05 7.124280579511446e-05 6.987013911578002e-07 2.941690733670249e-07 1.838275826458051e-07 0.0 
2.138735814297659e-05 7.169790898233053e-05 6.995066448401644e-07 2.943374396513375e-07 1.8391927188723003e-07 0.0 
2.1500442751729614e-05 7.217824452329225e-05 7.005259437659133e-07 2.945967591221663e-07 1.8406802625778476e-07 0.0 
2.1620792718842625e-05 7.26842165880992e-05 7.017669309578201e-07 2.949499579808035e-07 1.8427561288268522e-07 0.0 
2.1748695399356238e-05 7.321697257571313e-05 7.032353385844375e-07 2.9539956664952114e-07 1.8454365293191875e-07 0.0 
2.1884421066694372e-05 7.377755872083377e-05 7.049362564077598e-07 2.9594748078060546e-07 1.8487331031375848e-07 0.0 
2.202824619421305e-05 7.43670219848679e-05 7.068750065588148e-07 2.9659563004037814e-07 1.8526575828235196e-07 0.0 
2.2180480325120255e-05 7.498649835110851e-05 7.090584967978028e-07 2.9734661049491583e-07 1.8572258470052184e-07 0.0 
2.2341454157249275e-05 7.563719806548468e-05 7.114943305643713e-07 2.982033063952708e-07 1.8624555665321144e-07 0.0 
2.2511519115356043e-05 7.632041004879074e-05 7.141918639308177e-07 2.9916942277425e-07 1.868369595417672e-07 0.0 
2.2691040150883645e-05 7.703749748742552e-05 7.17159498834677e-07 3.002481911731582e-07 1.874987794492478e-07 0.0 
2.2880422482256967e-05 7.778998541397488e-05 7.204059685738472e-07 3.014430468467305e-07 1.882331481155364e-07 0.0 
2.3080207354097376e-05 7.85799142620785e-05 7.239442602625191e-07 3.0275983225813675e-07 1.8904381214080204e-07 0.0 
2.329081575843518e-05 7.940899566940242e-05 7.277817783231689e-07 3.042015593538467e-07 1.8993266850698813e-07 0.0 
2.3512717285780906e-05 8.027904930493974e-05 7.319278366010485e-07 3.057718658602236e-07 1.9090197525008575e-07 0.0 
2.3746514129935978e-05 8.11922181050891e-05 7.36400740373182e-07 3.074783385584581e-07 1.919564569949385e-07 0.0 
2.3992937429111912e-05 8.215096980909297e-05 7.412270322485815e-07 3.0933213227285725e-07 1.9310306080148765e-07 0.0 
2.4252693202450852e-05 8.315784367480107e-05 7.464246531613411e-07 3.1134049217016433e-07 1.9434629070246367e-07 0.0 
2.452651275450931e-05 8.421547624446061e-05 7.520123713422421e-07 3.135109653052791e-07 1.9569083294298826e-07 0.0 
2.4815157855122178e-05 8.532662371784781e-05 7.580099236017967e-07 3.1585146572222056e-07 1.971415972884772e-07 0.0 
2.511943634974032e-05 8.649423362881878e-05 7.644379325806363e-07 3.1837025581685553e-07 1.9870370963549722e-07 0.0 
2.544021884427481e-05 8.772148581646366e-05 7.713186378611828e-07 3.21076261156988e-07 2.0038270998371318e-07 0.0 
2.5778277412928756e-05 8.90116132742448e-05 7.786625872260191e-07 3.239736932348013e-07 2.0218127180058466e-07 0.0 
2.6134246797317823e-05 9.036742766909337e-05 7.864731450141946e-07 3.27063349606519e-07 2.0409988694425302e-07 0.0 
2.6508992679131794e-05 9.179221343460733e-05 7.947686103295208e-07 3.30352057772341e-07 2.0614273764454786e-07 0.0 
2.690360181633241e-05 9.329006786441757e-05 8.035742909817492e-07 3.338499265027768e-07 2.083161067307208e-07 0.0 
2.7319249114225684e-05 9.486541603976651e-05 8.129175711311495e-07 3.375678946946032e-07 2.1062679280942623e-07 0.0 
2.7757206443416458e-05 9.652305412452306e-05 8.228281244309807e-07 3.415178265387537e-07 2.1308217123680695e-07 0.0 
2.8219199606079077e-05 9.826908837712771e-05 8.333603821823934e-07 3.4572289680459556e-07 2.1569675856183145e-07 0.0 
2.870846586014035e-05 0.00010011369129835604 8.446586760965175e-07 3.5024708212307294e-07 2.1851077335103818e-07 0.0 
2.9225579236652426e-05 0.0001020605941976366 8.566927628462832e-07 3.5507446351306374e-07 2.215140712046248e-07 0.0 
2.9771773020369727e-05 0.00010411552077121225 8.694659171025808e-07 3.602052492729548e-07 2.2470681776124942e-07 0.0 
3.0349056146873687e-05 0.00010628590228467813 8.830269606553957e-07 3.656592413621625e-07 2.281013501573932e-07 0.0 
3.095957184130474e-05 0.00010857951763498249 8.974280129010953e-07 3.7145729216049256e-07 2.3171061242531644e-07 0.0 
3.160576329448422e-05 0.00011100536104175294 9.127318276917396e-07 3.7762488636739785e-07 2.3555046791772792e-07 0.0 
3.229035374183727e-05 0.00011357321170440323 9.290111817526991e-07 3.8419145100036806e-07 2.396392002536969e-07 0.0 
3.301619480718534e-05 0.0001162937585361756 9.463358600621056e-07 3.9118524632828605e-07 2.4399441218358456e-07 0.0 
3.378641168267824e-05 0.00011917868202029989 9.647820758071832e-07 3.986370988615952e-07 2.486352972036663e-07 0.0 
3.460446314355867e-05 0.00012224089276894015 9.844346838453395e-07 4.06581416441782e-07 2.535832884730488e-07 0.0 
3.547599455058761e-05 0.00012550092637896596 1.0054601106603302e-06 4.1509280662685246e-07 2.5888577745737857e-07 0.0 
3.6405141663777275e-05 0.00012897423908812223 1.0279591931720326e-06 4.242111790059333e-07 2.645674604873757e-07 0.0 
3.739508959589103e-05 0.00013267320517113102 1.0519873866223693e-06 4.339540172837654e-07 2.706386248768494e-07 0.0 
3.8450994625998275e-05 0.00013661710510171545 1.0776705282724398e-06 4.4437232042378975e-07 2.771310402151931e-07 0.0 
3.9578637408565565e-05 0.000140827543038625 1.1051503552918666e-06 4.5552366656571256e-07 2.840805897202824e-07 0.0 
4.078445950601258e-05 0.00014532859936719023 1.1345847061900432e-06 4.674721719722685e-07 2.915272313993489e-07 0.0 
4.207565560792184e-05 0.0001501471770370977 1.1661497513588388e-06 4.80289395695645e-07 2.9951556178676286e-07 0.0 
4.346028096252394e-05 0.00015531340514286267 1.2000425892952276e-06 4.940553924236622e-07 3.080954720112774e-07 0.0 
4.494736298573384e-05 0.00016086108872033356 1.2364838076195014e-06 5.088598079920616e-07 3.173228382461403e-07 0.0 
4.6547130312470206e-05 0.00016682869662930423 1.2757225143256838e-06 5.248044315488407e-07 3.2726120330571743e-07 0.0 
4.827126619605855e-05 0.00017326000391805428 1.3180458179607365e-06 5.42006762074537e-07 3.3798392961069707e-07 0.0 
5.0132992311041734e-05 0.00018020453249311506 1.3637794127050927e-06 5.606001320618964e-07 3.4957425887530004e-07 0.0 
5.214718599569577e-05 0.00018771817697152944 1.413285294227076e-06 5.807322997388278e-07 3.62124407041058e-07 0.0 
5.4330720756012406e-05 0.0001958643499234939 1.466973748656824e-06 6.025706254796726e-07 3.757388109079239e-07 0.0 
5.670288129717197e-05 0.00020471547618244293 1.5253143453237577e-06 6.263064220906251e-07 3.905368089884715e-07 0.0 
5.9286320586704455e-05 0.00021435602162452923 1.5888755968028637e-06 6.521722681306051e-07 4.0666352074088953e-07 0.0 
6.210659054701189e-05 0.00022488194235084763 1.658280919839981e-06 6.804225225487224e-07 4.242776642664876e-07 0.0 
6.5193071498365e-05 0.00023640375007746533 1.7342423283012846e-06 7.113473234749161e-07 4.435602559221355e-07 0.0 
6.8579790495855e-05 0.0002490494966997394 1.8175834759800832e-06 7.452822905594878e-07 4.64720692142909e-07 0.0 
7.230630662873684e-05 0.00026296819045145873 1.9092607769705643e-06 7.826171950251211e-07 4.880021729134033e-07 0.0 
7.641880093281756e-05 0.0002783338852656767 2.010391121886474e-06 8.238072148839453e-07 5.136887141597811e-07 0.0 
8.097230338280804e-05 0.00029535122904198076 2.122349710871234e-06 8.69411430518276e-07 5.421286912233775e-07 0.0 
8.603100576542137e-05 0.00031426063482303677 2.2467068572389656e-06 9.200686741228485e-07 5.737204281087177e-07 0.0 
9.167009593220191e-05 0.0003353453671457506 2.3852734506542024e-06 9.765159060556433e-07 6.089236410177919e-07 0.0 
9.797823527364936e-05 0.000358940531817403 2.5401772691199694e-06 1.039619085072283e-06 6.482785635760548e-07 0.0 
0.0001050615801772087 0.00038544692442287425 2.713965052916231e-06 1.1104145557838542e-06 6.924317201795053e-07 0.0 
0.00011304726048087299 0.00041534564861634007 2.9096775528094257e-06 1.1901407888232616e-06 7.421559625681799e-07 0.0 
0.00012208771820640233 0.0004492142337577117 3.1309580999991036e-06 1.2802816015553765e-06 7.983772480399711e-07 0.0 
0.0001323677036545279 0.000487750814334346 3.3822292316029403e-06 1.3826359590271775e-06 8.622178233736899e-07 0.0 
0.0001441114181594487 0.0005318031623492072 3.668848246982362e-06 1.4993827598558785e-06 9.350369618583036e-07 0.0 
0.00015759195035485024 0.0005824048649948945 3.997327051927621e-06 1.633170265077085e-06 1.0184867939676203e-06 0.0 
0.0001731430688883502 0.0006408200784451031 4.375607090491163e-06 1.7872274171639058e-06 1.114581719042105e-06 0.0 
0.00019117388812621818 0.0007085995106116817 4.8133995218398965e-06 1.965501785476874e-06 1.2257844641697115e-06 0.0 
0.00021218797945344632 0.0007876518212243309 5.322673182976926e-06 2.1728592840925833e-06 1.3551306370609762e-06 0.0 
0.0002368046574726107 0.00088032481941674 5.918154887981251e-06 2.4152869662973936e-06 1.5063551911343128e-06 0.0 
0.00026577960695216074 0.0009894878257780545 6.6177030850127955e-06 2.700039873875565e-06 1.6839840703797673e-06 0.0 
0.00030003497426517734 0.0011186398934426136 7.4432337091382505e-06 3.0360419270789155e-06 1.8935863236506374e-06 0.0 
0.0003406501125098125 0.0012718815391725383 8.420320353885032e-06 3.4337014431484977e-06 2.1416570376606324e-06 0.0 
0.0003887522690261563 0.0014535295948749777 9.574846168349715e-06 3.903490048328012e-06 2.4347273567500895e-06 0.0 
0.0004452837518993866 0.0016672278866450576 1.0928022889544306e-05 4.454008767772396e-06 2.7781670545675113e-06 0.0 
0.000510232771642632 0.001913078973227694 1.247740908902098e-05 5.084270282009302e-06 3.171374030032824e-06 0.0 
0.0005808600385516041 0.002180938005761895 1.4153951733961938e-05 5.766056886719708e-06 3.5967476193446703e-06 0.0 
0.0006489073887191217 0.002439872280302321 1.57556277427499e-05 6.417064882731652e-06 4.002952691138719e-06 0.0 
0.000698655656656697 0.0026307071115624823 1.6902743752244842e-05 6.882753080279886e-06 4.29358988054427e-06 0.0 
0.0007116120246585183 0.0026834684646319454 1.715420286356706e-05 6.983718395608627e-06 4.356737049203077e-06 0.0 
0.0006797458176315133 0.0025672319474402544 1.6326713060143137e-05 6.645596068448853e-06 4.145977757299959e-06 0.0 
0.0006134751244934139 0.0023205957148164378 1.4681392929711668e-05 5.974870799839163e-06 3.7277079654416365e-06 0.0 
0.0005325949232549857 0.002017883728637926 1.2699311075536574e-05 5.167408318419427e-06 3.2240959930749264e-06 0.0 
0.0004529031392328986 0.0017187271511322007 1.0759647233990009e-05 4.377491195393965e-06 2.7313871122708333e-06 0.0 
0.000382060452748528 0.00145223511618021 9.043423875275367e-06 3.6787194315756126e-06 2.295503973307375e-06 0.0 
0.0003220472815500646 0.0012260988819205215 7.595005204019156e-06 3.0890820764954435e-06 1.9276786614908473e-06 0.0 
0.0002722410898140333 0.0010381429429477064 6.396901150275455e-06 2.6014129699639495e-06 1.6234488621808756e-06 0.0 
0.000231191569475474 0.000883018262430917 5.412468505972435e-06 2.2007667302611614e-06 1.373497108735308e-06 0.0 
0.00019737332318625807 0.000755053021175582 4.603835291378513e-06 1.8717101476839737e-06 1.1681999306683486e-06 0.0 
0.0001694371967176474 0.0006492119747852803 3.9377655580902205e-06 1.6007026850582262e-06 9.991130347946238e-07 0.0 
0.00014626184059029031 0.0005613001125929364 3.3867548473354154e-06 1.3765382484968222e-06 8.592471634555003e-07 0.0 
0.00012694000181686342 0.00048791789652060297 2.9286300143401634e-06 1.190184800040851e-06 7.429688300957062e-07 0.0 
0.00011074529291654559 0.0004263399593445746 2.5456926129530128e-06 1.034434553724412e-06 6.45782274010099e-07 0.0 
9.709792223074759e-05 0.00037438828021865 2.2238547638669665e-06 9.035509668020916e-07 5.641092971325956e-07 0.0 
8.553502334939243e-05 0.0003303217592399749 1.9519011490290788e-06 7.929675435186435e-07 4.951013850264995e-07 0.0 
7.568632953053206e-05 0.00029274568955994394 1.7208873100180975e-06 6.990425953933112e-07 4.3648676591868985e-07 0.0 
6.725428319151581e-05 0.00026053855422501516 1.523631237146332e-06 6.188522591346971e-07 3.8644146746877216e-07 0.0 
5.999890145867023e-05 0.00023279508210436941 1.3543508375138447e-06 5.500428390772478e-07 3.4349717839715e-07 0.0 
5.372592243733654e-05 0.00020878177428927664 1.208375804070879e-06 4.907133432508297e-07 3.0646795658999425e-07 0.0 
4.8277399850608426e-05 0.00018790168418348382 1.0819175154603646e-06 4.393217864081316e-07 2.7439179337841224e-07 0.0 
4.352422258761009e-05 0.0001696664542330155 9.718850294122526e-07 3.946102967107495e-07 2.4648391741599746e-07 0.0 
3.936044760565669e-05 0.0001536749380342866 8.757502539619026e-07 3.5555042021021226e-07 2.2210268609996176e-07 0.0 
3.5698677704612964e-05 0.00013959584642201053 7.914322875048493e-07 3.212956006317581e-07 2.0071991310319544e-07 0.0 
3.246621297350892e-05 0.00012715364138311117 7.17197597536808e-07 2.9114039714649536e-07 1.818954474891314e-07 0.0 
2.960247881918166e-05 0.0001161185704599705 6.516045197616059e-07 2.64498211998466e-07 1.652632824598835e-07 0.0 
2.7056769314373466e-05 0.00010629816520694316 5.934485707425332e-07 2.4087901193768647e-07 1.505176569404249e-07 0.0 
2.478644812814871e-05 9.753046771871093e-05 5.417188569068466e-07 2.198715725208605e-07 1.3740197884106968e-07 0.0 
2.27555077187153e-05 8.967860139608628e-05 4.95563229320483e-07 2.0112928614462114e-07 1.2569997134531992e-07 0.0 
2.09334267754411e-05 8.262643600312116e-05 4.5426114563745287e-07 1.843591110286698e-07 1.1522877610115316e-07 0.0 
1.929422686037875e-05 7.627504160269392e-05 4.1720091255455435e-07 1.6931231130399477e-07 1.0583317754626928e-07 0.0 
1.7815668184597887e-05 7.053973633404991e-05 3.8385875252381573e-07 1.5577593736204064e-07 9.73802975701969e-08 0.0 
1.647893657442432e-05 6.534936157931e-05 3.537917683739559e-07 1.4357091891409898e-07 8.975854037894787e-08 0.0 
1.526780177097734e-05 6.064241202840177e-05 3.2661876957509506e-07 1.325429334948072e-07 8.287169373695138e-08 0.0 
1.4167558070814185e-05 5.636185703873591e-05 3.0199605698482913e-07 1.225506215056651e-07 7.663130650290966e-08 0.0 
1.3166330516354534e-05 5.246229809265605e-05 2.796499305913283e-07 1.1348358910600499e-07 7.096857370386723e-08 0.0 
1.2253598264765501e-05 4.890355718870009e-05 2.5933608094922923e-07 1.0524277968385286e-07 6.58216975920084e-08 0.0 
1.1419325993445719e-05 4.564719690836813e-05 2.408152265082572e-07 9.772972563518588e-08 6.112910099459142e-08 0.0 
1.065533720575915e-05 4.2661839095046284e-05 2.2389765708866395e-07 9.0867247241572e-08 5.684260224899044e-08 0.0 
9.954470623086051e-06 3.992009253557285e-05 2.0841716046471942e-07 8.458788885510972e-08 5.2920111315948185e-08 0.0 
9.310424019150599e-06 3.739784407168977e-05 1.942277442989854e-07 7.883242310392414e-08 4.9324673261372144e-08 0.0 
8.71780951645814e-06 3.507423469543701e-05 1.8120868962116238e-07 7.355187161476291e-08 4.6025701204655494e-08 0.0 
8.171857188687444e-06 3.293074544621291e-05 1.692531838004355e-07 6.87027726333358e-08 4.299603727224618e-08 0.0 
7.66812644616732e-06 3.0950405434531434e-05 1.5825697959932085e-07 6.424279787228927e-08 4.0209273330908254e-08 0.0 
7.202683870586558e-06 2.9118165779614494e-05 1.4812812650780842e-07 6.013466158349048e-08 3.764215159854196e-08 0.0 
6.772011754431729e-06 2.7420605686732318e-05 1.3878435419864373e-07 5.6344995354019446e-08 3.5273858152025007e-08 0.0 
6.372963219562253e-06 2.584569741532854e-05 1.3015219219479626e-07 5.28439844235398e-08 3.3085792247013445e-08 0.0 
6.0026827970462195e-06 2.438257557671574e-05 1.2216501190755916e-07 4.960466569703065e-08 3.106114144162097e-08 0.0 
5.658583281457563e-06 2.302138395031146e-05 1.1476216706349298e-07 4.6602469068545384e-08 2.9184584663700146e-08 0.0 
5.338441721586717e-06 2.1753573023445158e-05 1.0789277466844835e-07 4.3816782574449167e-08 2.7443262089533074e-08 0.0 
5.0402605027123995e-06 2.05714253234728e-05 1.0151141716995231e-07 4.122916268484186e-08 2.5825658436153817e-08 0.0 
4.762233402276527e-06 1.94679546862488e-05 9.557707761497511e-08 3.8822940680286224e-08 2.432136450833765e-08 0.0 
4.502728554829744e-06 1.8436845877969005e-05 9.005275280117139e-08 3.658308084898943e-08 2.2920990795983586e-08 0.0 
4.2602691311787e-06 1.7472380503056307e-05 8.49050044137519e-08 3.449599770830689e-08 2.1616053347284495e-08 0.0 
4.033516428095523e-06 1.6569372132756095e-05 8.010356653782386e-08 3.2549396197371895e-08 2.0398873984796618e-08 0.0 
3.8212550361727914e-06 1.5723109384016708e-05 7.562100176292901e-08 3.073213166715589e-08 1.9262492882545143e-08 0.0 
3.6223856571773143e-06 1.4929318029431444e-05 7.143271355545426e-08 2.9034209945759244e-08 1.8200666912851945e-08 0.0 
3.435927344257544e-06 1.4184148047317634e-05 6.751704981188239e-08 2.744681589142792e-08 1.720788556228092e-08 0.0 
3.260967750472714e-06 1.3484049192631956e-05 6.385351479298583e-08 2.5961622748769432e-08 1.627894796521528e-08 0.0 
3.0966658767786484e-06 1.2825753311331542e-05 6.042316042692975e-08 2.457093531686758e-08 1.5409048425365263e-08 0.0 
2.94225200251933e-06 1.2206267067721128e-05 5.720867182556038e-08 2.3267721280873105e-08 1.4593794989394844e-08 0.0 
2.797017533492263e-06 1.1622837399037009e-05 5.41941042998364e-08 2.2045508022107235e-08 1.3829145797018786e-08 0.0 
2.66031556389128e-06 1.1072952850898181e-05 5.1364938285927774e-08 2.0898404727238337e-08 1.311142258322155e-08 0.0 
2.531565365843901e-06 1.055434500779915e-05 4.870815619147771e-08 1.9821126893704323e-08 1.2437324848963774e-08 0.0 
2.410225892037609e-06 1.006490573484059e-05 4.6211660310651724e-08 1.8808764654688978e-08 1.1803786113921219e-08 0.0 
2.2957890561067306e-06 9.602666354654546e-06 4.3864098410914536e-08 1.7856716129140858e-08 1.1207932975010383e-08 0.0 
2.1877773422856447e-06 9.165835896212057e-06 4.165472816959635e-08 1.696068017234854e-08 1.0647087780059396e-08 0.0 
2.085787430415853e-06 8.752973277281494e-06 3.957447252384866e-08 1.6117109884640846e-08 1.0119055254428364e-08 0.0 
1.9893882183814852e-06 8.362282673274504e-06 3.7613777278688795e-08 1.532200290264894e-08 9.621317040878203e-09 0.0 
1.8982229210886195e-06 7.992319695699153e-06 3.5764961659823314e-08 1.4572213865282116e-08 9.15190268343296e-09 0.0 
1.8119637006690756e-06 7.641802400495173e-06 3.4020858597383696e-08 1.3864844560916506e-08 8.709002447702017e-09 0.0 
1.730298284595636e-06 7.3095140862589385e-06 3.2374544912767056e-08 1.3197088122119424e-08 8.290863442332357e-09 0.0 
1.652938745650563e-06 6.994331408892989e-06 3.081967461560515e-08 1.256637278654775e-08 7.895879520701587e-09 0.0 
1.5796223747411559e-06 6.6952197716378934e-06 2.9350596050180604e-08 1.19704084230448e-08 7.522619388131442e-09 0.0 
1.5101081077474907e-06 6.4112434470955465e-06 2.796200869308795e-08 1.1407065528380605e-08 7.1697551721980985e-09 0.0 
1.4442261747526946e-06 6.141806523311598e-06 2.665027877435717e-08 1.0875004898305212e-08 6.836466845144076e-09 0.0 
1.3817155353355195e-06 5.885839376058709e-06 2.5409551367552937e-08 1.037174958321001e-08 6.521194605954854e-09 0.0 
1.3223427773729868e-06 5.642392822860381e-06 2.4234620300795276e-08 9.895127764547044e-09 6.222574644128178e-09 0.0 
1.26592290787976e-06 5.410742164506212e-06 2.312142329558017e-08 9.443494415685324e-09 5.93957956135792e-09 0.0 
1.2122835795426481e-06 5.190211589409941e-06 2.2066186020714744e-08 9.015321225926413e-09 5.671254804611644e-09 0.0 
1.16126410318685e-06 4.980170391557193e-06 2.1065398993065184e-08 8.609187228940037e-09 5.416712819641532e-09 0.0 
1.112714547123842e-06 4.78002951893326e-06 2.0115796551437534e-08 8.22377027297311e-09 5.175127729491805e-09 0.0 
1.0664949148803104e-06 4.589238420260908e-06 1.9214337697702317e-08 7.857839249178068e-09 4.945730485839515e-09 0.0 
1.0224760624582039e-06 4.40728588982915e-06 1.8358260708650532e-08 7.510274532250899e-09 4.727821210204475e-09 0.0 
9.805377370780468e-07 4.233694680946804e-06 1.7545003958918062e-08 7.180037462977095e-09 4.520750543905394e-09 0.0 
9.40565784972771e-07 4.068017123407861e-06 1.6772098246925782e-08 6.866131707388074e-09 4.3238964787369415e-09 0.0 
9.024550113788894e-07 3.909843113566775e-06 1.6037280025891494e-08 6.567649730574628e-09 4.13669315711442e-09 0.0 
8.661100689893578e-07 3.758795830182326e-06 1.5338553911585254e-08 6.2837922878419804e-09 3.958641877668348e-09 0.0 
8.314448355106882e-07 3.614531880572689e-06 1.4674160785667029e-08 6.0138536364722475e-09 3.789301778781002e-09 0.0 
7.983709314922628e-07 3.476700755516755e-06 1.4042208379786657e-08 5.757065326105891e-09 3.6281923186603074e-09 0.0 
7.668050509522224e-07 3.344972093395372e-06 1.3440914488344891e-08 5.512703724388804e-09 3.4748610069107744e-09 0.0 
7.366688790943723e-07 3.2190351436516992e-06 1.2868607577446065e-08 5.2800903285549255e-09 3.328883576938052e-09 0.0 
7.078887483266523e-07 3.098597249489744e-06 1.2323718645841735e-08 5.058588211311891e-09 3.18986172308071e-09 0.0 
6.803953159826341e-07 2.9833817658534788e-06 1.1804781246248006e-08 4.847601630048315e-09 3.057422766161122e-09 0.0 
6.541176616134896e-07 2.8731068882147212e-06 1.1310283169890417e-08 4.64651612369595e-09 2.931182445956832e-09 0.0 
6.289850190516614e-07 2.7674947248435056e-06 1.0838671762130088e-08 4.454702539481249e-09 2.8107478813490543e-09 0.0 
6.049396404501221e-07 2.666315092841478e-06 1.0388730571289959e-08 4.271668179483261e-09 2.6958110215343415e-09 0.0 
5.819270743790317e-07 2.569350716375075e-06 9.959317093663967e-09 4.096950314557382e-09 2.5860825291504186e-09 0.0 
5.599046090028182e-07 2.4764297396776976e-06 9.549669315239488e-09 3.9302434585672686e-09 2.4813711164421515e-09 0.0 
5.388392503389547e-07 2.3874291517175633e-06 9.159279578401662e-09 3.771355586697451e-09 2.381557717501072e-09 0.0 
5.186787592280603e-07 2.302117709089367e-06 8.786989570426678e-09 3.6197966217029015e-09 2.2863330750277367e-09 0.0 
4.993748107939897e-07 2.2202989463873633e-06 8.431727585046035e-09 3.4751281905028747e-09 2.1954228077470542e-09 0.0 
4.808831302042045e-07 2.141799842784704e-06 8.092516687389082e-09 3.336956285906149e-09 2.1085810867779755e-09 0.0 
4.631614527588217e-07 2.066455405129467e-06 7.768427724333861e-09 3.204906699924932e-09 2.025574473371709e-09 0.0 
4.461671221696959e-07 1.994102287883987e-06 7.458526570898652e-09 3.078607196348679e-09 1.946171223720484e-09 0.0 
4.2986521496785614e-07 1.924600839774655e-06 7.16209068802838e-09 2.9577657177184574e-09 1.870188715982812e-09 0.0 
4.1422372054671054e-07 1.857821652337829e-06 6.878466275247544e-09 2.8421169190996867e-09 1.7974608424554467e-09 0.0 
3.992123147240684e-07 1.7936420644358457e-06 6.607035210433097e-09 2.7314099879981137e-09 1.7278305907204422e-09 0.0 
3.8480225903706346e-07 1.7319457617747484e-06 6.347212868788708e-09 2.6254077528109827e-09 1.6611494856009762e-09 0.0 
3.709663067934842e-07 1.6726224031889753e-06 6.098446090388995e-09 2.5238858521899007e-09 1.5972770692514316e-09 0.0 
3.576792924266576e-07 1.6155689450040636e-06 5.8602318891229425e-09 2.4266395945660492e-09 1.5360850609867265e-09 0.0 
3.449277307668643e-07 1.5607465847854964e-06 5.632333787756121e-09 2.3335929903096057e-09 1.4775282763554556e-09 0.0 
3.3269195107159e-07 1.508080412688008e-06 5.414367666525288e-09 2.244596048928214e-09 1.4215134149650057e-09 0.0 
3.209404435186387e-07 1.4574203787719871e-06 5.205688051666533e-09 2.1593638537502097e-09 1.3678591303557101e-09 0.0 
3.096508282087071e-07 1.408674902664326e-06 5.005837557759459e-09 2.0777098509795814e-09 1.3164485212666432e-09 0.0 
2.98802493271989e-07 1.36176115186437e-06 4.814396274151995e-09 1.9994642897613294e-09 1.2671754014838799e-09 0.0 
2.8837586765905493e-07 1.3166003796986034e-06 4.630966609951401e-09 1.9244664437848045e-09 1.2199392222795992e-09 0.0 
2.783523620027224e-07 1.2731176991596635e-06 4.455171981774784e-09 1.8525640852492109e-09 1.1746447450601231e-09 0.0 
2.687143132182115e-07 1.2312418660756108e-06 4.286655566447049e-09 1.7836129721009707e-09 1.1312017197915935e-09 0.0 
2.594449608693052e-07 1.190905984014569e-06 4.125080358787897e-09 1.7174777924778615e-09 1.089525598107584e-09 0.0 
2.5052874520299156e-07 1.1520476473382176e-06 3.9701460360740574e-09 1.6540381682535172e-09 1.049541104839272e-09 0.0 
2.4195055392168055e-07 1.1146051555273477e-06 3.821553773938581e-09 1.5931728240808163e-09 1.011172248972941e-09 0.0 
2.3369576728564765e-07 1.0785190996317395e-06 3.6790090779646767e-09 1.5347624374229487e-09 9.743443258089009e-10 0.0 
2.2575081617797005e-07 1.043733918468288e-06 3.5422439667251895e-09 1.4786983292554118e-09 9.389892431775335e-10 0.0 
2.1810277916128793e-07 1.0101968866186856e-06 3.4110122376760297e-09 1.424881453262782e-09 9.050449721333438e-10 0.0 
2.1073846447783043e-07 9.778549831330812e-07 3.285046241606904e-09 1.373204251237812e-09 8.724442918444405e-10 0.0 
2.0364605421843244e-07 9.466604864816112e-07 3.1641081340362173e-09 1.323571364663748e-09 8.411276231275822e-10 0.0 
1.968138658101992e-07 9.165657465804424e-07 3.047963156173077e-09 1.2758876552975437e-09 8.110353967037331e-10 0.0 
1.902308573525596e-07 8.875280167061827e-07 2.9363929304330634e-09 1.230066787921882e-09 7.821139043066152e-10 0.0 
1.838871446742275e-07 8.595087612011373e-07 2.8292072020324675e-09 1.1860337162157828e-09 7.54316449026095e-10 0.0 
1.7777623492520325e-07 8.324753264065374e-07 2.7262967593386923e-09 1.1437404951715722e-09 7.276122090629903e-10 0.0 
1.718894550065437e-07 8.063912416670366e-07 2.6274919927220036e-09 1.1031177151177842e-09 7.019575806127774e-10 0.0 
1.662183165585801e-07 7.812210321569482e-07 2.5326249766689674e-09 1.0640967929721452e-09 6.773095321090439e-10 0.0 
1.6075438392097617e-07 7.56929906531706e-07 2.441528647616444e-09 1.0266097740655878e-09 6.536254638405087e-10 0.0 
1.5548954366078208e-07 7.334843348376551e-07 2.354042922370443e-09 9.90591560725066e-10 6.308645664518502e-10 0.0 
1.5041597283834503e-07 7.108521627217847e-07 2.2700137223765715e-09 9.559795855760109e-10 6.089876255596952e-10 0.0 
1.4552541124888513e-07 6.88999006991072e-07 2.1892766427893015e-09 9.227067082385568e-10 5.879525340155412e-10 0.0 
1.4080850069714508e-07 6.678851346460893e-07 2.1116423265856873e-09 8.906949644729094e-10 5.677103551842091e-10 0.0 
1.362572332800805e-07 6.474788962972557e-07 2.036953271750781e-09 8.598814257621549e-10 5.482217792086527e-10 0.0 
1.3186346469683766e-07 6.27748914908823e-07 1.9650499147309e-09 8.302029313711133e-10 5.294474212427086e-10 0.0 
1.2762105233207967e-07 6.086696018225182e-07 1.895815326205598e-09 8.016119868203891e-10 5.113574847981297e-10 0.0 
1.2352414371867747e-07 5.902165209501973e-07 1.8291384940497545e-09 7.740634823438886e-10 4.939236640769052e-10 0.0 
1.1956714064668412e-07 5.723662747151388e-07 1.7649135573943898e-09 7.475144033364896e-10 4.771189656375671e-10 0.0 
1.1574468683679185e-07 5.550964545789796e-07 1.7030395431932221e-09 7.219237230294576e-10 4.6091764124633477e-10 0.0 
1.1205202210120985e-07 5.383884780590144e-07 1.64342926793676e-09 6.97257338499802e-10 4.452984531581381e-10 0.0 
1.0848594473250183e-07 5.222376659861344e-07 1.5860287012401048e-09 6.735007200334751e-10 4.3025328626971727e-10 0.0 
1.0504075596231824e-07 5.066138290293175e-07 1.5307301726004506e-09 6.506048530703469e-10 4.1575063744714045e-10 0.0 
1.0171156512346544e-07 4.914918387569715e-07 1.477445763886657e-09 6.285304467378548e-10 4.0176531740595176e-10 0.0 
9.849436121511717e-08 4.768547630431177e-07 1.4261031287971302e-09 6.072480990784616e-10 3.8827884786365523e-10 0.0 
9.538810944516716e-08 4.6269609022746025e-07 1.3767075165990482e-09 5.86758930886136e-10 3.7529160379373597e-10 0.0 
9.238939498337269e-08 4.490019610636508e-07 1.3291993462268058e-09 5.670393346119001e-10 3.6278880723988143e-10 0.0 
8.949404046573304e-08 4.35756539030703e-07 1.2834950728439664e-09 5.48056750683932e-10 3.5075024616770575e-10 0.0 
8.669756540207195e-08 4.2294154732419334e-07 1.2395041653918596e-09 5.297745965023263e-10 3.3915303836967076e-10 0.0 
8.399579199612793e-08 4.105396216130637e-07 1.1971437483894444e-09 5.121591761532404e-10 3.279760698502848e-10 0.0 
8.138416988016308e-08 3.985322248830222e-07 1.1563244229051715e-09 4.951746253245777e-10 3.1719691880543123e-10 0.0 
7.885879919699464e-08 3.869031618819381e-07 1.1169720064875804e-09 4.787910545454372e-10 3.0679685748091925e-10 0.0 
7.64165866722571e-08 3.7563952342914047e-07 1.0790303721963117e-09 4.6298594107508853e-10 2.9676179252347367e-10 0.0 
7.405455905846428e-08 3.6472866099696955e-07 1.0424451592728534e-09 4.4773713021772374e-10 2.870777996854263e-10 0.0 
7.176985448121578e-08 3.541580339995871e-07 1.0071633617962216e-09 4.330225191146083e-10 2.7773089985734284e-10 0.0 
6.955972806651263e-08 3.439159076389916e-07 9.731349594969994e-10 4.188216679159202e-10 2.687082348039911e-10 0.0 
6.742154227584167e-08 3.3399101303105097e-07 9.403120505030779e-10 4.0511502567505063e-10 2.59997508299681e-10 0.0 
6.535276881666726e-08 3.243727322800805e-07 9.086491029540864e-10 3.918842637973825e-10 2.51587221929281e-10 0.0 
6.335096895504533e-08 3.150508193056551e-07 8.781022132968681e-10 3.791117037536028e-10 2.4346628438281556e-10 0.0 
6.141376811743986e-08 3.060150509984602e-07 8.486284299251216e-10 3.667797516372964e-10 2.356236205142408e-10 0.0 
5.953911387444931e-08 2.972562947444635e-07 8.201905104252858e-10 3.5487300033005547e-10 2.2804951043561646e-10 0.0 
5.772532978974972e-08 2.8876667250321995e-07 7.927577790667911e-10 3.4337854176110234e-10 2.207357812861161e-10 0.0 
5.597020260132433e-08 2.8053676414424744e-07 7.662910228694952e-10 3.3228038018769974e-10 2.1367236758245414e-10 0.0 
5.4271549020014664e-08 2.725573429808097e-07 7.407518870318704e-10 3.2156291540703524e-10 2.0684945649577076e-10 0.0 
5.2627641776953995e-08 2.6482167767376246e-07 7.161104802889997e-10 3.1121458909898936e-10 2.0025984578002232e-10 0.0 
5.1036995590063074e-08 2.573239061042825e-07 6.923425261638582e-10 3.012260318298765e-10 1.9389768437378255e-10 0.0 
4.9497881439275677e-08 2.50056547533321e-07 6.694178300636951e-10 2.9158490778139214e-10 1.877551978248633e-10 0.0 
4.800852326311552e-08 2.4301196590948435e-07 6.473044864895165e-10 2.8227816812015456e-10 1.8182417186888994e-10 0.0 
