9.02197406549866e-05 0.00024061012793872414 5.8779054727903466e-06 2.8804352886608455e-06 1.8549839291654188e-06 0.0 
8.887200906033594e-05 0.00023734607356180477 5.764180862115568e-06 2.8213127156233752e-06 1.816398567413465e-06 0.0 
8.755012507704634e-05 0.00023414117352276958 5.653057254865667e-06 2.7636040212770155e-06 1.7787458003870612e-06 0.0 
8.625389772844097e-05 0.00023099497987259825 5.544503146810631e-06 2.7072932965757246e-06 1.7420154194079414e-06 0.0 
8.49827606975213e-05 0.00022790623974561978 5.4384513501320554e-06 2.6523423068395955e-06 1.7061818467823364e-06 0.0 
8.373569797692129e-05 0.00022487276894245594 5.334793142443682e-06 2.5986889016849427e-06 1.6712035809438226e-06 0.0 
8.25124639832104e-05 0.00022189429765663153 5.233468520660369e-06 2.546299336890935e-06 1.6370587051344396e-06 0.0 
8.131253759797148e-05 0.00021896976367384764 5.134407010384867e-06 2.4951329449592217e-06 1.603720042928367e-06 0.0 
8.013538331222722e-05 0.0002160980594185076 5.037539006864294e-06 2.44514956956334e-06 1.5711607251080372e-06 0.0 
7.898048154719848e-05 0.00021327800605811713 4.942805062837603e-06 2.3963149385525323e-06 1.5393577384925937e-06 0.0 
7.784737615986029e-05 0.00021050841871566068 4.850187221318311e-06 2.3486198644799516e-06 1.5083047869216957e-06 0.0 
7.673565283732474e-05 0.00020778827808488233 4.759671076359599e-06 2.3020593269965474e-06 1.4779987454206953e-06 0.0 
7.564496718664013e-05 0.00020511688813715082 4.671214427938443e-06 2.25660955551527e-06 1.4484237965981057e-06 0.0 
7.457501407255906e-05 0.00020249362545582313 4.5847864533779245e-06 2.212253063500139e-06 1.41956826328682e-06 0.0 
7.352495353996451e-05 0.00019991666859031404 4.500281759701186e-06 2.1689297516562906e-06 1.3913921724712204e-06 0.0 
7.249413806701325e-05 0.00019738459784335503 4.41762068908141e-06 2.1265944146919738e-06 1.363865451673333e-06 0.0 
7.148213340106543e-05 0.00019489642541679891 4.33675432531083e-06 2.085219473899999e-06 1.3369697090789223e-06 0.0 
7.048851650354562e-05 0.00019245118798347626 4.25763519895791e-06 2.0447782037007585e-06 1.3106871296140983e-06 0.0 
6.951325933058767e-05 0.00019004922750947667 4.180230208490616e-06 2.00525290207854e-06 1.2850064359982469e-06 0.0 
6.855817898458657e-05 0.00018769346381596657 4.104922619450329e-06 1.9668599132148426e-06 1.260069815968594e-06 0.0 
6.762280876672203e-05 0.00018538270637309234 4.031656370324184e-06 1.9295633310331454e-06 1.2358527743963188e-06 0.0 
6.670437568753247e-05 0.00018311258441132817 3.959892796758712e-06 1.893066185440989e-06 1.212161004857263e-06 0.0 
6.58024679482857e-05 0.0001808822115690884 3.889579957853782e-06 1.8573395786944637e-06 1.1889753215393615e-06 0.0 
6.491670535365695e-05 0.0001786906612139859 3.820682175474161e-06 1.8223635352367238e-06 1.166282353487908e-06 0.0 
6.404669885594102e-05 0.00017653697290543902 3.7531643672221445e-06 1.7881184505727837e-06 1.144068984544673e-06 0.0 
6.319222809714778e-05 0.0001744206815405047 3.686999555643874e-06 1.7545898319482533e-06 1.1223257714230436e-06 0.0 
6.235305843839348e-05 0.00017234125600768018 3.622163157972284e-06 1.7217643174021613e-06 1.1010439326136254e-06 0.0 
6.15291827307767e-05 0.0001702986157807505 3.5586622563270574e-06 1.6896469706075145e-06 1.0802269810214136e-06 0.0 
6.072046902062055e-05 0.00016829244189383322 3.4964852020419965e-06 1.6582321059023111e-06 1.0598712414857886e-06 0.0 
5.992651145717885e-05 0.00016632176316027568 3.435593118727628e-06 1.6274977486985442e-06 1.0399619932923105e-06 0.0 
5.914691525726494e-05 0.0001643856333508841 3.3759483685224324e-06 1.5974226588282008e-06 1.0204850144523872e-06 0.0 
5.8381308074878266e-05 0.00016248314415150076 3.3175170819412124e-06 1.5679876737297023e-06 1.0014274517675861e-06 0.0 
5.763073092740254e-05 0.00016061504291372278 3.2605643618015934e-06 1.5393314039498493e-06 9.828786095189125e-07 0.0 
5.6896088595953665e-05 0.00015878407305071503 3.2051055213917515e-06 1.511465772894036e-06 9.648478532857221e-07 0.0 
5.61776934804484e-05 0.00015699312125342597 3.1509879848646966e-06 1.484320172715522e-06 9.472919677571123e-07 0.0 
5.547406520044332e-05 0.00015523803504244438 3.0981269253273594e-06 1.457840566581564e-06 9.301729242584983e-07 0.0 
5.478302241150309e-05 0.00015351297577933647 3.0463697279817177e-06 1.4319376614576114e-06 9.134303768573718e-07 0.0 
5.4104284584615214e-05 0.00015181737412535065 2.995685121592849e-06 1.4065941647176885e-06 8.970529250438528e-07 0.0 
5.343773112933098e-05 0.00015015112154334988 2.9460517170011606e-06 1.381798577792942e-06 8.810331071785423e-07 0.0 
5.27829215040216e-05 0.0001485130711839499 2.8974354357774897e-06 1.3575316994268729e-06 8.653580748066481e-07 0.0 
5.21397240006829e-05 0.00014690287475309347 2.849832259209031e-06 1.3337919689543424e-06 8.500268256788074e-07 0.0 
5.1508124651027925e-05 0.0001453205268975311 2.8032456391403413e-06 1.3105821883814793e-06 8.350413025056705e-07 0.0 
5.0887795075038795e-05 0.00014376526493913144 2.7576424854801926e-06 1.2878839093302064e-06 8.203892386926392e-07 0.0 
5.0278473422805755e-05 0.0001422365696690938 2.712990383030662e-06 1.2656804856427026e-06 8.060598617433844e-07 0.0 
4.968009109602794e-05 0.000140734334667834 2.6692773688533023e-06 1.2439664311333829e-06 7.920497840611369e-07 0.0 
4.9092467110242064e-05 0.00013925812999238997 2.626486327473048e-06 1.2227324061053647e-06 7.783528029847901e-07 0.0 
4.8515436264930627e-05 0.00013780756011864747 2.5846024918506134e-06 1.2019705297597583e-06 7.649636998063227e-07 0.0 
4.794875520359238e-05 0.0001363820765972827 2.5435986349244158e-06 1.18166569526885e-06 7.518724710522806e-07 0.0 
4.739229835067507e-05 0.00013498162111133917 2.5034506298940308e-06 1.161804826130906e-06 7.390705900962742e-07 0.0 
4.684603739252229e-05 0.00013360639850270488 2.4641428022432953e-06 1.1423792698542348e-06 7.26552451632707e-07 0.0 
4.63097558308116e-05 0.000132255860029455 2.425654105398777e-06 1.1233771091833038e-06 7.143101136248658e-07 0.0 
4.5783319667954656e-05 0.0001309295355860984 2.387979537492178e-06 1.104794575807266e-06 7.023408798831217e-07 0.0 
4.526665280255215e-05 0.0001296270365297255 2.3511221893601963e-06 1.0866319018601093e-06 6.90644615070154e-07 0.0 
4.475955340552919e-05 0.00012834780419099592 2.3150631873372183e-06 1.068878195687686e-06 6.792140296784173e-07 0.0 
4.426183750084487e-05 0.00012709135442257987 2.2797840894726765e-06 1.0515228594550204e-06 6.68042040120848e-07 0.0 
4.37730716693296e-05 0.00012585666359176664 2.2452423167278993e-06 1.034542887684076e-06 6.5711352349667e-07 0.0 
4.3293041744897734e-05 0.00012464319454736722 2.211419689583483e-06 1.0179293268688416e-06 6.464227312777015e-07 0.0 
4.282157022122585e-05 0.00012345058997774216 2.178296268167311e-06 1.0016719343959957e-06 6.359630129219511e-07 0.0 
4.235830347696689e-05 0.00012227842752601765 2.1458239083343275e-06 9.85747218344388e-07 6.257193831493104e-07 0.0 
4.190309486521208e-05 0.0001211264055465104 2.1139865325704914e-06 9.701466629954423e-07 6.156862715140431e-07 0.0 
4.14558116466869e-05 0.00011999420357954553 2.082771218361027e-06 9.548631979747858e-07 6.058590032248801e-07 0.0 
4.101632510428001e-05 0.00011888150826673815 2.0521654070363818e-06 9.398899554087305e-07 5.962330384778563e-07 0.0 
4.0584520886311775e-05 0.00011778802652252812 2.0221575644668063e-06 9.252205834343956e-07 5.868041753108789e-07 0.0 
4.0160278401726194e-05 0.00011671346207634568 1.992735858866572e-06 9.108486162485615e-07 5.775681417361549e-07 0.0 
3.974347622780362e-05 0.00011565752177020462 1.9638884938391217e-06 8.967676317311711e-07 5.6852069770433e-07 0.0 
3.9334100809161535e-05 0.00011462021626849358 1.935610146702669e-06 8.82975021759434e-07 5.596601962239528e-07 0.0 
3.893215482972327e-05 0.00011360164993330016 1.907893694292484e-06 8.694677236240363e-07 5.509848171244957e-07 0.0 
3.8537280842996e-05 0.00011260096719808578 1.880708633593295e-06 8.562296030143914e-07 5.424839933172328e-07 0.0 
3.8149456736856686e-05 0.00011161835206111813 1.8540430521020235e-06 8.432547267224104e-07 5.341539861039533e-07 0.0 
3.777000448113184e-05 0.0001106582236751836 1.827942650937298e-06 8.305718352831248e-07 5.26014988840113e-07 0.0 
3.74003525864935e-05 0.0001097234313262306 1.8026007070694716e-06 8.182828534691429e-07 5.181328464077859e-07 0.0 
3.70391999176448e-05 0.00010881004079619656 1.777942938306553e-06 8.063432241593176e-07 5.104772194829101e-07 0.0 
3.668445386397538e-05 0.00010791306804773935 1.7537507516455787e-06 7.946371539847386e-07 5.029727381215646e-07 0.0 
3.633619880510656e-05 0.00010703234675655756 1.730036816465989e-06 7.831694364833169e-07 4.956222529662793e-07 0.0 
3.599427597047255e-05 0.00010616751433635752 1.7067864228184005e-06 7.719323062493077e-07 4.884206685245566e-07 0.0 
3.5658513204485984e-05 0.00010531818996943639 1.6839835146616039e-06 7.609173960790244e-07 4.813625130075738e-07 0.0 
3.53287532004507e-05 0.00010448401328328005 1.6616135402728404e-06 7.501170797033572e-07 4.744427937823597e-07 0.0 
3.5004803352265636e-05 0.00010366464441397851 1.6396587862467428e-06 7.39522392181335e-07 4.6765569266425466e-07 0.0 
3.4686464692996186e-05 0.00010285990423949087 1.6181036480939738e-06 7.291259043543317e-07 4.609964542824006e-07 0.0 
3.437364824863696e-05 0.00010206954223939529 1.5969451201695517e-06 7.189259158578885e-07 4.5446390759498346e-07 0.0 
3.406624416215648e-05 0.000101293259495594 1.5761745052298197e-06 7.089176758729707e-07 4.4805490606149994e-07 0.0 
3.376412033310459e-05 0.00010053072406478133 1.5557820099937057e-06 6.990960254862726e-07 4.417660550496346e-07 0.0 
3.3467268164737855e-05 9.978193792546765e-05 1.5357646394053981e-06 6.894597233497028e-07 4.3559661571247966e-07 0.0 
3.31759850546102e-05 9.904772316772048e-05 1.5161403197529894e-06 6.80019441091458e-07 4.2955383258585194e-07 0.0 
3.289024374304533e-05 9.832802386024192e-05 1.4969046446310105e-06 6.70772887309892e-07 4.2363621450191443e-07 0.0 
3.2609960384594854e-05 9.762263630898756e-05 1.4780489847146295e-06 6.617153725318023e-07 4.1784066847760485e-07 0.0 
3.2335054755087984e-05 9.693136171934339e-05 1.4595649764784156e-06 6.528423518464288e-07 4.1216419737982046e-07 0.0 
3.206544830324221e-05 9.62540060051853e-05 1.44144445756759e-06 6.441493936386197e-07 4.06603879391081e-07 0.0 
3.1801063170278906e-05 9.559038071391195e-05 1.423679427905007e-06 6.356321609342769e-07 4.0115685579790117e-07 0.0 
3.154184567289148e-05 9.494040442311243e-05 1.406262509027582e-06 6.27286726311232e-07 3.9582056315716594e-07 0.0 
3.128817788918032e-05 9.43047705900961e-05 1.38924546484337e-06 6.191385725945637e-07 3.906112408095152e-07 0.0 
3.104100798139868e-05 9.368502647560393e-05 1.3727579501199322e-06 6.112505855437207e-07 3.855688313031714e-07 0.0 
3.079919530703337e-05 9.307927173521675e-05 1.3566421358408205e-06 6.035450420266561e-07 3.8064375017305767e-07 0.0 
3.056246807272677e-05 9.248707833521915e-05 1.340861398923162e-06 5.960044359358815e-07 3.7582489166293457e-07 0.0 
3.033073119001288e-05 9.190820734687497e-05 1.3254077679386302e-06 5.886243783970981e-07 3.7110935063570957e-07 0.0 
3.0103675287176088e-05 9.134184375145685e-05 1.310258709100581e-06 5.813930333382881e-07 3.6648938851914517e-07 0.0 
2.988115913899001e-05 9.078764983878495e-05 1.295401896863736e-06 5.743039694976553e-07 3.6196081102409864e-07 0.0 
2.9663036331880504e-05 9.024531524242997e-05 1.2808257762879757e-06 5.673512602496854e-07 3.5751975793111463e-07 0.0 
2.9449236158645677e-05 8.97147723425501e-05 1.266522391777565e-06 5.605307940053601e-07 3.531635639361516e-07 0.0 
2.923981782588591e-05 8.919625365259577e-05 1.2524934381725444e-06 5.538439026825182e-07 3.4889319092554943e-07 0.0 
2.9034788256762194e-05 8.868981063598255e-05 1.2387374904199388e-06 5.472899373953222e-07 3.447082395252521e-07 0.0 
2.8834160803624565e-05 8.819547533518308e-05 1.225252891852239e-06 5.408678027509593e-07 3.406079701051672e-07 0.0 
2.8638147320057994e-05 8.771378785007761e-05 1.2120538925075314e-06 5.345845059521851e-07 3.3659690875874775e-07 0.0 
2.844750908152663e-05 8.724760948994486e-05 1.199166140156481e-06 5.284551425541138e-07 3.3268541233445856e-07 0.0 
2.82624425712663e-05 8.679781557554802e-05 1.1865913705870968e-06 5.224811219821387e-07 3.288745122409116e-07 0.0 
2.8082471403253363e-05 8.636260636736148e-05 1.1743153804733042e-06 5.16653520568996e-07 3.251579653299899e-07 0.0 
2.7907031543926385e-05 8.593993899788816e-05 1.1623179652915529e-06 5.109605237952989e-07 3.215277746037301e-07 0.0 
2.7736049573572196e-05 8.552965194881e-05 1.150592750248383e-06 5.053987186924546e-07 3.179816991633434e-07 0.0 
2.7569468871275677e-05 8.513162364221755e-05 1.139134005162854e-06 4.999650490158946e-07 3.1451773457954447e-07 0.0 
2.7407231587686372e-05 8.474572950793751e-05 1.1279359150723489e-06 4.946564181783664e-07 3.1113385106278357e-07 0.0 
2.724908810048142e-05 8.437134398407372e-05 1.1169790505605944e-06 4.894627884438264e-07 3.078235261248615e-07 0.0 
2.7094860663976267e-05 8.400802626576535e-05 1.1062493189713474e-06 4.843768543697696e-07 3.0458200662111736e-07 0.0 
2.6944483013244905e-05 8.36556258146551e-05 1.0957406323884126e-06 4.793953979398112e-07 3.0140718597354166e-07 0.0 
2.6797890813234194e-05 8.331399711434651e-05 1.0854470527964842e-06 4.745152793917543e-07 2.982970087699714e-07 0.0 
2.6655017690184615e-05 8.298299305022475e-05 1.0753624056356847e-06 4.697332689760243e-07 2.9524936618598777e-07 0.0 
2.6515753522983874e-05 8.266239493100264e-05 1.065476158896831e-06 4.6504424318355805e-07 2.9226097376971094e-07 0.0 
2.6380016588411517e-05 8.235203196013196e-05 1.0557803598748204e-06 4.604441746144551e-07 2.8932922509001626e-07 0.0 
2.6247739583669827e-05 8.205175880210999e-05 1.0462684166261429e-06 4.55929634424452e-07 2.8645188709250906e-07 0.0 
2.6119615440959336e-05 8.17632447936167e-05 1.0369999974474903e-06 4.515310243683956e-07 2.8364856908085536e-07 0.0 
2.5996499215167505e-05 8.148851629577504e-05 1.0280477837855862e-06 4.472841335857038e-07 2.8094217863972495e-07 0.0 
2.5877371800745132e-05 8.122520707013497e-05 1.0193183597182868e-06 4.431417365439748e-07 2.783023579683671e-07 0.0 
2.576219847193834e-05 8.097327797693966e-05 1.0108053362035143e-06 4.391005653364169e-07 2.7572701240049423e-07 0.0 
2.5651031480060172e-05 8.073288373020865e-05 1.0025101038947112e-06 4.351609907726196e-07 2.7321634013788295e-07 0.0 
2.554402752505712e-05 8.050451349026551e-05 9.944382635107729e-07 4.3132584342407334e-07 2.7077220236875016e-07 0.0 
2.54413584309065e-05 8.028871299367514e-05 9.865958572044931e-07 4.2759823460483297e-07 2.683966539381398e-07 0.0 
2.5343056284695865e-05 8.008559994576325e-05 9.789820280361729e-07 4.23977387390341e-07 2.6608914670443415e-07 0.0 
2.5249042237638193e-05 7.989512176250746e-05 9.715853463701472e-07 4.2045786883291385e-07 2.6384622685704423e-07 0.0 
2.5159139848258625e-05 7.971710984852262e-05 9.64385189963683e-07 4.170302759173351e-07 2.6166197692495966e-07 0.0 
2.5073284514412808e-05 7.955149340385774e-05 9.573765358534834e-07 4.1369207402561624e-07 2.5953475216152206e-07 0.0 
2.499145552242758e-05 7.939826486301699e-05 9.505586738142282e-07 4.1044268419916546e-07 2.5746413738758656e-07 0.0 
2.491369178772536e-05 7.925756077123914e-05 9.439326215689807e-07 4.072823105081202e-07 2.554502194051449e-07 0.0 
2.484000558190388e-05 7.91294845519077e-05 9.374962478580479e-07 4.0420972752887716e-07 2.5349218710351676e-07 0.0 
2.4770342439438542e-05 7.90139052645913e-05 9.312449336875573e-07 4.012223411745606e-07 2.515883206234223e-07 0.0 
2.4704600386220394e-05 7.891053328006947e-05 9.251723302002617e-07 3.983166122178582e-07 2.4973627397181413e-07 0.0 
2.464278411189012e-05 7.881944916902906e-05 9.192761420076912e-07 3.9549120914965367e-07 2.4793516404403715e-07 0.0 
2.458491461420785e-05 7.874077739909929e-05 9.135544792857751e-07 3.9274503473079123e-07 2.4618427035024106e-07 0.0 
2.4531353911223894e-05 7.867642108569664e-05 9.080119742054848e-07 3.900814680530848e-07 2.4448604694258265e-07 0.0 
2.4482254079450385e-05 7.86270474884336e-05 9.026519094703691e-07 3.8750232886114163e-07 2.4284170105336567e-07 0.0 
2.443750139995168e-05 7.859199444921649e-05 8.974709858897023e-07 3.850052858505599e-07 2.4124958380985084e-07 0.0 
2.439691586405206e-05 7.857033264130267e-05 8.924645691666541e-07 3.8258716550159176e-07 2.397074850796247e-07 0.0 
2.4360630264122668e-05 7.856250329349149e-05 8.876387515247041e-07 3.802511285279868e-07 2.382174739561337e-07 0.0 
2.4328712924109157e-05 7.856878332386601e-05 8.829938222447468e-07 3.7799724700645613e-07 2.367796014480978e-07 0.0 
2.4301206333852947e-05 7.858936944780472e-05 8.785287578759561e-07 3.758248135886344e-07 2.3539339142298566e-07 0.0 
2.427815686494367e-05 7.862447208391176e-05 8.742426581209283e-07 3.7373317626333543e-07 2.340584029457582e-07 0.0 
2.425959025737449e-05 7.867425405459367e-05 8.701330096534454e-07 3.717209953740266e-07 2.3277377080125712e-07 0.0 
2.4246526219254933e-05 7.874100579084778e-05 8.662896127813687e-07 3.698304960916888e-07 2.3156620796781488e-07 0.0 
2.4239133023608658e-05 7.882519037793022e-05 8.627194823508005e-07 3.6806397460579425e-07 2.3043703864354444e-07 0.0 
2.4236461711125275e-05 7.892494673568733e-05 8.593302239261452e-07 3.6637839856748893e-07 2.2935910314565932e-07 0.0 
2.4238547951522427e-05 7.904047713945799e-05 8.561193899410488e-07 3.647723815698943e-07 2.2833149843137584e-07 0.0 
2.4245478589017475e-05 7.917213323125453e-05 8.530881676679071e-07 3.632462142683496e-07 2.273543793504796e-07 0.0 
2.425734283998281e-05 7.932026988474329e-05 8.502376727848982e-07 3.61800146564391e-07 2.2642787342905534e-07 0.0 
2.4274131322617113e-05 7.948494481153873e-05 8.475642129888971e-07 3.6043207130375613e-07 2.2555058720892511e-07 0.0 
2.4295763421211755e-05 7.966598871337977e-05 8.450605157662436e-07 3.5913801409301096e-07 2.2471991048479852e-07 0.0 
2.4322316831743203e-05 7.986372508262394e-05 8.427266846091181e-07 3.5791769710170873e-07 2.2393562714003932e-07 0.0 
2.4354087032749095e-05 8.007885406329447e-05 8.40579888009608e-07 3.567782614531765e-07 2.232021496255648e-07 0.0 
2.4391389312614722e-05 8.031224810048621e-05 8.386355051958005e-07 3.557262627898752e-07 2.225235741592306e-07 0.0 
2.4434340938180167e-05 8.056449799187759e-05 8.368919668323911e-07 3.5476094316817565e-07 2.2189944842114608e-07 0.0 
2.4483026009104703e-05 8.083605039916353e-05 8.353469031670729e-07 3.5388098816961716e-07 2.2132892523876895e-07 0.0 
2.453754071371056e-05 8.112739789496329e-05 8.339980953066916e-07 3.530851507789845e-07 2.2081120110505257e-07 0.0 
2.4597952968781952e-05 8.143899711235476e-05 8.328417138996662e-07 3.52371528047326e-07 2.2034506750286296e-07 0.0 
2.4664285784377123e-05 8.177123336251955e-05 8.318725499366735e-07 3.517377254159885e-07 2.1992901812480117e-07 0.0 
2.4736737189505717e-05 8.212488148964145e-05 8.310944457172282e-07 3.5118529562911074e-07 2.1956402877412031e-07 0.0 
2.4815634706220486e-05 8.250118019482751e-05 8.305155500008136e-07 3.5071814898867084e-07 2.1925264913862468e-07 0.0 
2.490147513145199e-05 8.290175178068717e-05 8.301566874867254e-07 3.503462381836308e-07 2.1900125913753364e-07 0.0 
2.4996053848021734e-05 8.333181220823785e-05 8.30116766495158e-07 3.501176156782438e-07 2.188406588106126e-07 0.0 
2.509851863288383e-05 8.378904252355618e-05 8.30341661631699e-07 3.500041458401584e-07 2.1875256157031985e-07 0.0 
2.5208562018507853e-05 8.427281246810647e-05 8.308045212206713e-07 3.499923429618305e-07 2.187282960888144e-07 0.0 
2.5326536318517884e-05 8.478482673137583e-05 8.31512399394406e-07 3.5008550880042606e-07 2.187700157107101e-07 0.0 
2.5452723740401874e-05 8.53264371359967e-05 8.324707178263108e-07 3.5028587859332686e-07 2.1887913348562907e-07 0.0 
2.5587303770653408e-05 8.589807612689318e-05 8.336837677875324e-07 3.505944901949746e-07 2.190561634803387e-07 0.0 
2.5730530177796182e-05 8.650022469988667e-05 8.351606451068257e-07 3.510148260267412e-07 2.1930320871988984e-07 0.0 
2.5882744938076808e-05 8.713424835456761e-05 8.369081715385039e-07 3.5154989750025654e-07 2.196221985305479e-07 0.0 
2.6044269699206507e-05 8.780139219669467e-05 8.389324043199775e-07 3.5220196059840644e-07 2.2001451805934871e-07 0.0 
2.6215433487327918e-05 8.850290219686755e-05 8.412396772270183e-07 3.529733117835904e-07 2.204815635756916e-07 0.0 
2.639660468444061e-05 8.924013026908779e-05 8.438382110651534e-07 3.538670405889907e-07 2.210252247675631e-07 0.0 
2.6588176848296668e-05 9.00145167060313e-05 8.467370545559461e-07 3.5488657951172707e-07 2.2164760461208638e-07 0.0 
2.6790568203398926e-05 9.082759542996577e-05 8.499473421986586e-07 3.5603633784704105e-07 2.2235142292573922e-07 0.0 
2.700421307212599e-05 9.168098874536586e-05 8.534790729933346e-07 3.573201613961547e-07 2.2313904331150147e-07 0.0 
2.722959369789256e-05 9.25765115670445e-05 8.573426402862313e-07 3.587421383961086e-07 2.2401300271601e-07 0.0 
2.746735420652909e-05 9.351659217966367e-05 8.615534998165514e-07 3.6030922186092255e-07 2.2497775990310295e-07 0.0 
2.7717995613344334e-05 9.450326757350373e-05 8.661204634589772e-07 3.6202499625581737e-07 2.2603557243806838e-07 0.0 
2.798207676985497e-05 9.553870330505217e-05 8.710546154590985e-07 3.6389379077580324e-07 2.2718912757034997e-07 0.0 
2.8260314336452738e-05 9.662544964572578e-05 8.763777406094062e-07 3.659246343175035e-07 2.2844404799397632e-07 0.0 
2.8553578428034033e-05 9.776644340916851e-05 8.821214268082291e-07 3.681308020437304e-07 2.2980860128441487e-07 0.0 
2.8862709265726618e-05 9.896470652207726e-05 8.883070252498602e-07 3.705209163016831e-07 2.3128814761284893e-07 0.0 
2.9188577162391253e-05 0.00010022337668762252 8.949568716800238e-07 3.7310395871041483e-07 2.3288826399826694e-07 0.0 
2.953208868708755e-05 0.00010154573401132288 9.020944545343685e-07 3.758893476363615e-07 2.3461479346727854e-07 0.0 
2.9894205242666153e-05 0.00010293528630206527 9.097443164596e-07 3.7888691601344766e-07 2.364738362604264e-07 0.0 
3.027596292211217e-05 0.00010439581783116324 9.179329243967796e-07 3.821072860050105e-07 2.3847198543516264e-07 0.0 
3.067828055753505e-05 0.0001059311761280268 9.266728310788981e-07 3.855554696348046e-07 2.4061242263871227e-07 0.0 
3.1101913543915394e-05 0.00010754470730867306 9.359680403474723e-07 3.8923241606064965e-07 2.4289573322291267e-07 0.0 
3.154789211400807e-05 0.00010924032012052443 9.458403296483538e-07 3.931462505720419e-07 2.4532689438689977e-07 0.0 
3.2017509599602176e-05 0.00011102289068162083 9.563198173667092e-07 3.973090034413212e-07 2.479133832167257e-07 0.0 
3.251216423511152e-05 0.00011289768520435014 9.674390929164087e-07 4.0173369285969274e-07 2.5066329061617657e-07 0.0 
3.3033369651669124e-05 0.0001148704115200936 9.792334703972006e-07 4.0643443819488023e-07 2.535853938685966e-07 0.0 
3.358317969649079e-05 0.00011694833658104458 9.91767727555907e-07 4.114388193377005e-07 2.5669696886697287e-07 0.0 
3.41654469740513e-05 0.00011914356650382872 1.0052136310570116e-06 4.1682297376630195e-07 2.600458790293348e-07 0.0 
3.478085462874338e-05 0.00012146054185503853 1.0195351888418568e-06 4.2256795657753015e-07 2.6362005168153674e-07 0.0 
3.54308703713491e-05 0.000123906074306236 1.0347362980394347e-06 4.2867401566368154e-07 2.6741968394727174e-07 0.0 
3.6117885001238106e-05 0.00012648900767763338 1.0508750606146858e-06 4.3516471699298625e-07 2.7145945803855055e-07 0.0 
3.6844449133453534e-05 0.0001292185994994832 1.0680135029566746e-06 4.420648766207512e-07 2.7575477842351704e-07 0.0 
3.761347036698948e-05 0.00013210555363646622 1.0862263073356227e-06 4.4940482344549794e-07 2.8032452380291593e-07 0.0 
3.842818957706251e-05 0.0001351615081440831 1.105600084069328e-06 4.5721957805002425e-07 2.85190453194482e-07 0.0 
3.929200043169162e-05 0.00013839918371247334 1.1262178830491176e-06 4.655427724898603e-07 2.9037351532591876e-07 0.0 
4.020862216781541e-05 0.00014183248108200967 1.1481704042663994e-06 4.7441109286008e-07 2.958965520440326e-07 0.0 
4.118217101382183e-05 0.0001454767649481602 1.1715586320142858e-06 4.838654873356742e-07 3.0178507057949586e-07 0.0 
4.2219365415575325e-05 0.00014935647436835605 1.1965806275627054e-06 4.939947450765846e-07 3.080954706930785e-07 0.0 
4.332512726928863e-05 0.0001534900035428892 1.2233563951799398e-06 5.048463617921848e-07 3.148571430593555e-07 0.0 
4.4503247122382694e-05 0.00015789207888134593 1.251951931186951e-06 5.164411445360512e-07 3.220823304319529e-07 0.0 
4.5759861373088796e-05 0.00016258564574088432 1.2825169923242241e-06 5.288397862894684e-07 3.29808841247833e-07 0.0 
4.71018494779623e-05 0.0001675964148558843 1.3152202575374272e-06 5.421108097972118e-07 3.380793795018236e-07 0.0 
4.8536877428643066e-05 0.00017295304387500313 1.3502495676972393e-06 5.563305187107984e-07 3.4694149852484506e-07 0.0 
5.007350750033669e-05 0.00017868754953175264 1.3878145801295258e-06 5.715840742163045e-07 3.564482718784617e-07 0.0 
5.1721326104160766e-05 0.0001848357879386132 1.4281498583348151e-06 5.879667480083246e-07 3.6665907412912287e-07 0.0 
5.349107661112124e-05 0.00019143798988204968 1.4715179198116358e-06 6.055852260401399e-07 3.776404025408614e-07 0.0 
5.53949319421133e-05 0.0001985399364844611 1.518215223660317e-06 6.245606458101911e-07 3.8946787831424196e-07 0.0 
5.744679613415234e-05 0.00020619372367107285 1.5685834527797186e-06 6.450328408159778e-07 4.0222880879289503e-07 0.0 
5.966240407264471e-05 0.00021445828660337645 1.6230102101614315e-06 6.671604877430831e-07 4.160222584962246e-07 0.0 
6.205946101967099e-05 0.00022340014449504333 1.6819263005677605e-06 6.911194310941416e-07 4.3095797201580377e-07 0.0 
6.4658047841866e-05 0.00023309476354531488 1.7458199984015078e-06 7.171088435460564e-07 4.471602377747192e-07 0.0 
6.748111493217158e-05 0.00024362833529150216 1.815250129972074e-06 7.453564031491734e-07 4.647710784656184e-07 0.0 
7.055562119409451e-05 0.0002551013811068775 1.8908932722282016e-06 7.76138897609976e-07 4.839631982370916e-07 0.0 
7.391197552702235e-05 0.00026762809668200036 1.973491342619479e-06 8.097590350993063e-07 5.049254847468942e-07 0.0 
7.758514294020288e-05 0.0002813400000921899 2.063891696490784e-06 8.465621039701475e-07 5.278733624197316e-07 0.0 
8.161561844134803e-05 0.0002963894836757227 2.163074549926711e-06 8.86947519343522e-07 5.530560303188334e-07 0.0 
8.605048061601733e-05 0.00031295387954553746 2.272178114741826e-06 9.313791411869201e-07 5.80762916525042e-07 0.0 
9.094468871343577e-05 0.0003312403262665905 2.392531583071503e-06 9.803986689527943e-07 6.113320234628798e-07 0.0 
9.636373295144087e-05 0.00035149237175243967 2.5257715567393198e-06 1.0346714545010886e-06 6.451779465798865e-07 0.0 
0.00010238400686132785 0.00037399612739270476 2.6737668383670324e-06 1.094957760939588e-06 6.827747243607877e-07 0.0 
0.00010909499020030646 0.0003990887013965954 2.8386725363157416e-06 1.162134632000103e-06 7.246694570790247e-07 0.0 
0.00011660219735045875 0.00042716889736947106 3.023020882258475e-06 1.2372326301686665e-06 7.715050673962951e-07 0.0 
0.00012503196318609957 0.0004587136951809409 3.2298427076027906e-06 1.3214850911807867e-06 8.240509727756085e-07 0.0 
0.0001345355827210389 0.0004942956479401069 3.4627567570624567e-06 1.4163658974425577e-06 8.832269306596517e-07 0.0 
0.0001452944745596853 0.0005346020633149623 3.7260988958666978e-06 1.5236409142477176e-06 9.501349067583123e-07 0.0 
0.00015752850682852892 0.0005804637790425272 4.025132308684489e-06 1.6454510586769698e-06 1.0261104674860434e-06 0.0 
0.00017150449764430245 0.0006328897138701305 4.3662326245079305e-06 1.7843894001590612e-06 1.1127712603933525e-06 0.0 
0.00018754744505040008 0.000693109921977395 4.757149549401459e-06 1.943607588190909e-06 1.2120834572837779e-06 0.0 
0.00020605456132167266 0.0007626288536867334 5.207334058105183e-06 2.1269483311702663e-06 1.3264443598517609e-06 0.0 
0.00022751272636508597 0.0008432919795709267 5.728343232602851e-06 2.3391095628815673e-06 1.458784816863126e-06 0.0 
0.00025252123174625025 0.0009373707624487907 6.334420978088236e-06 2.585882123217619e-06 1.6127174523700874e-06 0.0 
0.0002818171130252556 0.001047659289223227 7.043093420407446e-06 2.874391100386979e-06 1.792687169614388e-06 0.0 
0.0003162996975298438 0.0011775722885292552 7.875613588775553e-06 3.21327059370315e-06 2.004080215989142e-06 0.0 
0.0003570664156544256 0.0013312739227746794 8.858063257156261e-06 3.613140805779864e-06 2.2535242198817503e-06 0.0 
0.00040540178678853694 0.0015136441457921114 1.0020877115367305e-05 4.086388494325487e-06 2.548748871265544e-06 0.0 
0.0004626473284278218 0.0017298203443140234 1.1394858249936853e-05 4.645475759993669e-06 2.897526771669528e-06 0.0 
0.0005299244650703443 0.001984138972536265 1.3005250380945291e-05 5.300638533547312e-06 3.306248395518362e-06 0.0 
0.0006072191662523887 0.002276722083841223 1.4849148006768765e-05 6.050701823217678e-06 3.7741971927663317e-06 0.0 
0.0006912714508382725 0.0025954964696670493 1.684437231149189e-05 6.8620842288234565e-06 4.2804269188895245e-06 0.0 
0.0007722534212855662 0.0029036496558969747 1.8750499131867624e-05 7.636837546391387e-06 4.763844524991535e-06 0.0 
0.0008314579715583825 0.0031307588765702213 2.011566198614259e-05 8.19104498810168e-06 5.1097267999865705e-06 0.0 
0.0008468771202547652 0.0031935492471652873 2.0414919110360806e-05 8.311202057583819e-06 5.184877149464817e-06 0.0 
0.0008089537003217997 0.0030552181853834436 1.943013785669925e-05 7.908808544269706e-06 4.934056173976809e-06 0.0 
0.0007300860985706742 0.0027617006854013786 1.7472070924615527e-05 7.110590042783794e-06 4.436280553914013e-06 0.0 
0.0006338319747827927 0.0024014484043294324 1.5113229709729468e-05 6.149642957457819e-06 3.836940685973463e-06 0.0 
0.0005389921656986561 0.0020454273534135296 1.280486943549223e-05 5.2095762986506656e-06 3.250576398074379e-06 0.0 
0.000454683514014777 0.0017282798076855368 1.0762421801980601e-05 4.3779801499742795e-06 2.731839439307949e-06 0.0 
0.0003832628805223912 0.0014591589999715289 9.038683879163281e-06 3.676262967068954e-06 2.2940969194601813e-06 0.0 
0.0003239893961423203 0.0012354758990452044 7.612841038344341e-06 3.0958964270645373e-06 1.9320383153226934e-06 0.0 
0.000275137074417093 0.001050864709008694 6.441284833553967e-06 2.619094290558736e-06 1.6345750715527615e-06 0.0 
0.00023489056643653848 0.0008985754962750722 5.478944478995913e-06 2.2274897625329923e-06 1.3902544629441487e-06 0.0 
0.0002016442671681091 0.0007726159038766977 4.6862664492974476e-06 1.9049684846973927e-06 1.1890270827307922e-06 0.0 
0.00017406367805786614 0.0006679935224246508 4.030518165423964e-06 1.6381942792028275e-06 1.0225751366743138e-06 0.0 
0.00015106909307130843 0.0005806626206526179 3.485311752603166e-06 1.4164182744287807e-06 8.84194310196542e-07 0.0 
0.00013179605107423596 0.0005073797863274277 3.0295845972333357e-06 1.2310626093910352e-06 7.685342765078856e-07 0.0 
0.00011555455207626159 0.0004455529946403771 2.6465709586515937e-06 1.0753003241281082e-06 6.713366841908574e-07 0.0 
0.00010179374679597119 0.0003931101928145153 2.322923681489149e-06 9.436969112949141e-07 5.892115656513706e-07 0.0 
9.007298720988926e-05 0.0003483915644349744 2.0479981210132726e-06 8.319184606333618e-07 5.194553247296802e-07 0.0 
8.003815520312621e-05 0.00031006241163968734 1.813247092141087e-06 7.364853331850941e-07 4.5989728359920003e-07 0.0 
7.14036513227149e-05 0.0002770453869671832 1.6117894264627556e-06 6.545964365877986e-07 4.087900304891696e-07 0.0 
6.393828785930959e-05 0.0002484675660963291 1.4380670726132764e-06 5.839894332902433e-07 3.647221962723898e-07 0.0 
5.7454095689980275e-05 0.0002236185332431541 1.2875712580685314e-06 5.228292334113299e-07 3.2654891112802764e-07 0.0 
5.179742192244503e-05 0.00020191710255829933 1.1566235060773909e-06 4.696188655070077e-07 2.9333623229672416e-07 0.0 
4.684218558028567e-05 0.0001828858766689032 1.0422151782687095e-06 4.23134384382401e-07 2.6432055205284704e-07 0.0 
4.248437677243196e-05 0.0001661305940890042 9.41869829757837e-07 3.823683181072162e-07 2.388732850153729e-07 0.0 
3.863747659657264e-05 0.00015132334181130582 8.535244135975244e-07 3.464811337941767e-07 2.1647061519367706e-07 0.0 
3.5229396280679e-05 0.00013819069542343585 7.75463230129514e-07 3.1477473163453775e-07 1.9667696424977864e-07 0.0 
3.219979158074195e-05 0.00012650360156859347 7.062528445200392e-07 2.866659315622055e-07 1.7912845123488574e-07 0.0 
2.949792173928441e-05 0.00011606931695449901 6.446902098726106e-07 2.6166534250416436e-07 1.635197103563142e-07 0.0 
2.7080934805743838e-05 0.00010672494711600344 5.897611985301606e-07 2.393604727671523e-07 1.4959335432831447e-07 0.0 
2.4912507898045617e-05 9.833228747478881e-05 5.406083055520102e-07 2.1940257841428466e-07 1.371317665997194e-07 0.0 
2.2961724528054037e-05 9.077360322965228e-05 4.965035653541799e-07 2.01495643204754e-07 1.2595022782365925e-07 0.0 
2.1202117508942933e-05 8.394811596779497e-05 4.568236393671852e-07 1.8538623950523835e-07 1.1589060206701117e-07 0.0 
1.9611296419149587e-05 7.777114105306311e-05 4.2104144335412903e-07 1.7086125887297724e-07 1.0682008111213623e-07 0.0 
1.8169945909262273e-05 7.216948208338723e-05 3.8870332908110466e-07 1.5773704482026653e-07 9.862416444728099e-08 0.0 
1.6860564976836705e-05 6.707526788080965e-05 3.5940026616376335e-07 1.45845367742279e-07 9.119758790428914e-08 0.0 
1.5669021440950844e-05 6.243447045737581e-05 3.3280652896819225e-07 1.3505484984516283e-07 8.445846787898251e-08 0.0 
1.4582794629142413e-05 5.8199274670849734e-05 3.086313690635453e-07 1.252476055741719e-07 7.833325994420826e-08 0.0 
1.3589941678150265e-05 5.4323936816570304e-05 2.8659002162966126e-07 1.1630645034270052e-07 7.27486821753815e-08 0.0 
1.2680731881234039e-05 5.077111429493113e-05 2.664567158741121e-07 1.0813953390732526e-07 6.764739441202161e-08 0.0 
1.1846642724994964e-05 4.750820929853294e-05 2.480336455117321e-07 1.0066657847219665e-07 6.297930602889701e-08 0.0 
1.1080174039319708e-05 4.4506525176225835e-05 2.3114706759548674e-07 9.381709856995912e-08 5.870043760031065e-08 0.0 
1.0374913804710512e-05 4.1741237984652336e-05 2.1565331657394517e-07 8.753280588864347e-08 5.477438821049909e-08 0.0 
9.725185414636289e-06 3.919030863020377e-05 2.0142527658894782e-07 8.176197734876317e-08 5.116883774548307e-08 0.0 
9.12570420039746e-06 3.683354035183902e-05 1.883388848124148e-07 7.645423879016242e-08 4.7852358344221364e-08 0.0 
8.571789069127799e-06 3.4653023737723e-05 1.7628471253821816e-07 7.15652170910961e-08 4.479727132388467e-08 0.0 
8.059253658166685e-06 3.263278693297067e-05 1.6516485127772463e-07 6.705520108246942e-08 4.1978806395798326e-08 0.0 
7.584352922454246e-06 3.0758515932291795e-05 1.5489186509132783e-07 6.288870873545225e-08 3.937482713694162e-08 0.0 
7.143688617972355e-06 2.9017280025182326e-05 1.4538646045197136e-07 5.9033651738614995e-08 3.6965325352011734e-08 0.0 
6.734181756445361e-06 2.739734949458553e-05 1.365764632821735e-07 5.546078963529363e-08 3.473206769894893e-08 0.0 
6.3531868422189e-06 2.5888549713852085e-05 1.2840131861369064e-07 5.214559248529485e-08 3.265974992473354e-08 0.0 
5.998326548682524e-06 2.448169625272794e-05 1.2080697580556305e-07 4.9066110963778704e-08 3.0734667890959864e-08 0.0 
5.667451321717516e-06 2.316847499851095e-05 1.1374462129385457e-07 4.62025079170348e-08 2.8944433795046436e-08 0.0 
5.358619106574238e-06 2.1941370301053996e-05 1.0717021820965845e-07 4.353688960540886e-08 2.727787334398044e-08 0.0 
5.070072354460596e-06 2.079357679702568e-05 1.0104397219487828e-07 4.105308818178667e-08 2.5724889933958395e-08 0.0 
4.800217897898805e-06 1.9718922207577508e-05 9.532986430947634e-08 3.873647150761614e-08 2.4276345899262073e-08 0.0 
4.547609299246954e-06 1.87117995975075e-05 8.999524176745261e-08 3.6573776529507846e-08 2.292395847178925e-08 0.0 
4.3109383027564715e-06 1.776712228295973e-05 8.501083266103639e-08 3.4553109356936564e-08 2.1660297813641948e-08 0.0 
4.089037500604015e-06 1.6880308419948246e-05 8.03508691976121e-08 3.2663979242691043e-08 2.047880595841697e-08 0.0 
3.88082112452951e-06 1.6047132923462826e-05 7.599095975363603e-08 3.0896476659692513e-08 1.9373293446206602e-08 0.0 
3.685288316166326e-06 1.526370642009704e-05 7.19085545576684e-08 2.9241443682883695e-08 1.8338041101261113e-08 0.0 
3.5015230443205207e-06 1.452646659299042e-05 6.808304746182388e-08 2.769051127641095e-08 1.7367822136139304e-08 0.0 
3.3286820233296365e-06 1.3832137069928333e-05 6.449546296840028e-08 2.623597648911936e-08 1.6457826403063687e-08 0.0 
3.165995381821027e-06 1.3177729012639151e-05 6.112852159647601e-08 2.487082876630017e-08 1.5603676462676876e-08 0.0 
3.0127720056324106e-06 1.2560542819198973e-05 5.796673133531226e-08 2.3588779113168773e-08 1.480144444835358e-08 0.0 
2.8683680037472355e-06 1.1978069634851604e-05 5.499569491515578e-08 2.2383984382439755e-08 1.404748099507979e-08 0.0 
2.7321787113997426e-06 1.1427966570828537e-05 5.2201902241088376e-08 2.1250967955341193e-08 1.3338366515714835e-08 0.0 
2.603635845364732e-06 1.0908102223591198e-05 4.957256906133778e-08 2.0184611114199904e-08 1.2670914382880595e-08 0.0 
2.482259421321343e-06 1.0416761586186232e-05 4.709689292094384e-08 1.918069275527505e-08 1.2042512038327957e-08 0.0 
2.3675363921234187e-06 9.951807478938252e-06 4.476350353827425e-08 1.8234449735383844e-08 1.1450162428813724e-08 0.0 
2.259042154022818e-06 9.511520960170889e-06 4.2563260157145065e-08 1.7342138814881186e-08 1.0891520548878895e-08 0.0 
2.1563865528623678e-06 9.09437641050664e-06 4.0487633372093054e-08 1.650031088241302e-08 1.03644326650338e-08 0.0 
2.0591979585270376e-06 8.698925854721383e-06 3.852838402841696e-08 1.5705625533761952e-08 9.866812691701312e-09 0.0 
1.967133713832074e-06 8.323832420500747e-06 3.667795987311685e-08 1.4955022159197306e-08 9.396749181661385e-09 0.0 
1.8798811732456732e-06 7.967864852197157e-06 3.492963496880992e-08 1.424577531337563e-08 8.952538775958073e-09 0.0 
1.7971534505424668e-06 7.629909556874038e-06 3.3277101254583974e-08 1.3575350711461206e-08 8.532601196665502e-09 0.0 
1.7187485054908093e-06 7.309257350056776e-06 3.171603424386306e-08 1.294215458971858e-08 8.135960542981373e-09 0.0 
1.6443556784158246e-06 7.004635290516145e-06 3.023946609031092e-08 1.2343239173406956e-08 7.760760522789242e-09 0.0 
1.573697189600909e-06 6.714913772660289e-06 2.8841201019128265e-08 1.1776019818965063e-08 7.4053780888798145e-09 0.0 
1.5065528821048376e-06 6.439230344536316e-06 2.7516404583169763e-08 1.123853880874948e-08 7.068590552359829e-09 0.0 
1.4427176483813324e-06 6.176780734504391e-06 2.6260585016387777e-08 1.0728977326722343e-08 6.7492619162320345e-09 0.0 
1.3820002550322836e-06 5.926814350282936e-06 2.5069565743813075e-08 1.0245644305515409e-08 6.446335917589916e-09 0.0 
1.3242222709572993e-06 5.6886301712924715e-06 2.3939460358735557e-08 9.786966275273786e-09 6.158829694601807e-09 0.0 
1.2692170887831785e-06 5.461572996012975e-06 2.2866649822058938e-08 9.351478114724322e-09 5.885828016205706e-09 0.0 
1.2168310164791843e-06 5.2450344473999815e-06 2.1847847454922942e-08 8.937847377224202e-09 5.626497969168964e-09 0.0 
1.1669209432994938e-06 5.038446562449083e-06 2.0880004711439645e-08 8.544837972468603e-09 5.380066762994853e-09 0.0 
1.119351016827099e-06 4.841276576617614e-06 1.9960183037663727e-08 8.171264180693241e-09 5.145794156513385e-09 0.0 
1.07399604659967e-06 4.653036432674505e-06 1.9085688625854307e-08 7.816045960353261e-09 4.92300673243369e-09 0.0 
1.0307425614418794e-06 4.473277682200454e-06 1.825414680387008e-08 7.478232144208632e-09 4.711110994911085e-09 0.0 
9.894880687069351e-07 4.3015916595245175e-06 1.7463464075504548e-08 7.1569828400991985e-09 4.50958228218565e-09 0.0 
9.501273895445104e-07 4.137561229705891e-06 1.6711388485035363e-08 6.851383528588824e-09 4.31784870981061e-09 0.0 
9.125613829514047e-07 3.980793235115149e-06 1.5995799060509617e-08 6.560573027371797e-09 4.1353717768194335e-09 0.0 
8.766968478478471e-07 3.830917856907807e-06 1.53147065384482e-08 6.283743862081892e-09 3.961646570901479e-09 0.0 
8.424461137110564e-07 3.6875868093101076e-06 1.4666243677695949e-08 6.020138036602576e-09 3.7961990754018335e-09 0.0 
8.097266570371837e-07 3.5504708618421572e-06 1.4048665284791002e-08 5.76904656799138e-09 3.638585771299186e-09 0.0 
7.784540766309291e-07 3.419234643825785e-06 1.3460171706315863e-08 5.52973819679517e-09 3.4883493571717656e-09 0.0 
7.485441549044562e-07 3.2935474411360707e-06 1.2898915154931668e-08 5.301464179217354e-09 3.3450222720187067e-09 0.0 
7.199281671472524e-07 3.1731353171005994e-06 1.2363447952609524e-08 5.0836381640131376e-09 3.2082379099251646e-09 0.0 
6.925413116576905e-07 3.0577396955207496e-06 1.1852410425517433e-08 4.875709465258368e-09 3.0776519355178503e-09 0.0 
6.663327578215354e-07 2.947156053831308e-06 1.1364895714004005e-08 4.677314529204017e-09 2.953036700559252e-09 0.0 
6.412632400728054e-07 2.8412379987382536e-06 1.090029966355238e-08 4.48822483044986e-09 2.834250506778132e-09 0.0 
6.172705894945504e-07 2.7397103314782535e-06 1.0457243786292916e-08 4.307857136572045e-09 2.7209253124297e-09 0.0 
5.942972954903678e-07 2.642339241981651e-06 1.003445266319528e-08 4.135689747375323e-09 2.6127345811204617e-09 0.0 
5.722906673504575e-07 2.548918821165266e-06 9.630763661025013e-09 3.971253761739547e-09 2.509385756165523e-09 0.0 
5.512004065890104e-07 2.4592527135425045e-06 9.245071010777487e-09 3.814103841232974e-09 2.4106010261613713e-09 0.0 
5.309757486978198e-07 2.373146524423915e-06 8.87626302652402e-09 3.6637969940017316e-09 2.316104596824375e-09 0.0 
5.115751318625722e-07 2.2904340572524797e-06 8.523479827075102e-09 3.5199856475327066e-09 2.2256791330704532e-09 0.0 
4.929604608159195e-07 2.210961305261545e-06 8.185943335831786e-09 3.3823540194244173e-09 2.1391269530048284e-09 0.0 
4.7509564727492386e-07 2.1345822915600142e-06 7.862917936383191e-09 3.250603622080401e-09 2.0562611988739165e-09 0.0 
4.5794649009369505e-07 2.06115859252532e-06 7.553707876905565e-09 3.1244522016924068e-09 1.9769051729466144e-09 0.0 
4.4148056345670866e-07 1.9905588930513415e-06 7.257654851372028e-09 3.0036327497135986e-09 1.900891718778562e-09 0.0 
4.2566791825982375e-07 1.922660562649463e-06 6.974160264741345e-09 2.887901666260421e-09 1.8280681717527976e-09 0.0 
4.104925060365984e-07 1.8574174232157958e-06 6.7029426895609985e-09 2.777168517393249e-09 1.7583807586378961e-09 0.0 
3.959309169777597e-07 1.7947403258435798e-06 6.443544991567282e-09 2.671254802030272e-09 1.6917184442558741e-09 0.0 
3.819456517907767e-07 1.7344506987038526e-06 6.195199003636204e-09 2.5698214457853706e-09 1.6278654113324146e-09 0.0 
3.6851007654589925e-07 1.6764395535839921e-06 5.9573603993170366e-09 2.472646434223634e-09 1.5666825377057568e-09 0.0 
3.555996614145988e-07 1.620608312962556e-06 5.729529450230468e-09 2.379527749798605e-09 1.5080434530056072e-09 0.0 
3.431911152306105e-07 1.5668632617900723e-06 5.511232990355382e-09 2.2902741149174536e-09 1.4518284959360504e-09 0.0 
3.312623151106779e-07 1.5151152783387717e-06 5.3020228543435485e-09 2.204704365916416e-09 1.3979243246996503e-09 0.0 
3.1979224052415246e-07 1.4652795761560989e-06 5.101474393127064e-09 2.1226468428309056e-09 1.3462235342974328e-09 0.0 
3.087609451667761e-07 1.4172765429594876e-06 4.9091865426897246e-09 2.0439405133620833e-09 1.2966255051858853e-09 0.0 
2.9814991164653517e-07 1.371031910881845e-06 4.72480189417078e-09 1.968442117590961e-09 1.2490406536930164e-09 0.0 
2.8794115508034725e-07 1.326472251206098e-06 4.5479648218773175e-09 1.896007327831714e-09 1.2033785442322604e-09 0.0 
2.7811727676969653e-07 1.283526862371656e-06 4.378324853114985e-09 1.82649414040417e-09 1.1595502720370377e-09 0.0 
2.6866212834403065e-07 1.2421296219787888e-06 4.2155630678382384e-09 1.7597732182874306e-09 1.117474801798056e-09 0.0 
2.595603322250038e-07 1.202217782422237e-06 4.059386464672297e-09 1.6957266881804994e-09 1.0770783139438136e-09 0.0 
2.5079618913064106e-07 1.1637282443897816e-06 3.909476518937142e-09 1.6342265469276438e-09 1.0382808101289204e-09 0.0 
2.4235563477234936e-07 1.126604215316958e-06 3.765550176043099e-09 1.5751593100130544e-09 1.00101138620142e-09 0.0 
2.3422476592288175e-07 1.0907889876659809e-06 3.6273280536274615e-09 1.5184117550648452e-09 9.651991497961776e-10 0.0 
2.2639044180800468e-07 1.0562316893032262e-06 3.4945502643170325e-09 1.4638811360392632e-09 9.307801836376241e-10 0.0 
2.1884089944701428e-07 1.0228864596112707e-06 3.3669903891956612e-09 1.4114781416121725e-09 8.976989145434512e-10 0.0 
2.1156841181181222e-07 9.907144380375316e-07 3.2445184573948084e-09 1.361145713262036e-09 8.659186620253774e-10 0.0 
2.045626571978701e-07 9.596722214880433e-07 3.1269326194377543e-09 1.3128012477434766e-09 8.353875339523953e-10 0.0 
1.9781353375566554e-07 9.297175919884338e-07 3.0140330300853835e-09 1.2663631255205685e-09 8.060543192041509e-10 0.0 
1.9131100235223605e-07 9.008091449633519e-07 2.905620869890642e-09 1.2217504749210293e-09 7.778683206035806e-10 0.0 
1.8504540733183987e-07 8.729069769968781e-07 2.8015056266226724e-09 1.1788858243339626e-09 7.50780971645177e-10 0.0 
1.7900743874976586e-07 8.459728217515452e-07 2.7015039340679863e-09 1.1376947134127722e-09 7.247456039718686e-10 0.0 
1.73187266279665e-07 8.199657603860697e-07 2.605420136873219e-09 1.0980972395566286e-09 6.997121065970067e-10 0.0 
1.6757375289577595e-07 7.948385073474111e-07 2.5130288845317275e-09 1.0600006188768504e-09 6.756222408803804e-10 0.0 
1.6215736853166612e-07 7.705533972463207e-07 2.424142736629028e-09 1.0233299612376056e-09 6.524292248433546e-10 0.0 
1.5692842079623636e-07 7.470730888171114e-07 2.338571799349168e-09 9.880101001441346e-10 6.300861872640495e-10 0.0 
1.5187959946958232e-07 7.243671294416739e-07 2.256176917137242e-09 9.539845132407936e-10 6.08557667858931e-10 0.0 
1.4700393963214495e-07 7.024064381556066e-07 2.1768259763897885e-09 9.211995161778506e-10 5.878099803890433e-10 0.0 
1.422947789514257e-07 6.81163169908925e-07 2.1003929939238982e-09 8.896039180202845e-10 5.678110004281787e-10 0.0 
1.3774574301238035e-07 6.606106566890332e-07 2.0267578034696197e-09 8.591488935226604e-10 5.485300854501834e-10 0.0 
1.3335116679813385e-07 6.407267838057693e-07 1.9558166494454e-09 8.297938573881942e-10 5.299419607832384e-10 0.0 
1.2910724001223355e-07 6.215059826611841e-07 1.8875052312278916e-09 8.015215180563663e-10 5.120369687837954e-10 0.0 
1.2500718064937042e-07 6.029123254563774e-07 1.8216954120203715e-09 7.742735441498337e-10 4.947776181189108e-10 0.0 
1.2104516841139682e-07 5.849159072810234e-07 1.7582825619808143e-09 7.480031762830664e-10 4.781339314583226e-10 0.0 
1.1721642987584184e-07 5.67496577505859e-07 1.697180583031294e-09 7.226754236966813e-10 4.620839181187301e-10 0.0 
1.1351973355457899e-07 5.506465867169776e-07 1.6383957222335777e-09 6.982916202281283e-10 4.4662802434956966e-10 0.0 
1.099510155174021e-07 5.343494412658325e-07 1.5818570731955357e-09 6.748236709430874e-10 4.3174866316151156e-10 0.0 
1.0650530435591365e-07 5.185862943836463e-07 1.527465210657283e-09 6.522328272602163e-10 4.174217805632201e-10 0.0 
1.0317726791651531e-07 5.033353951626759e-07 1.4751123951770885e-09 6.304755528622716e-10 4.036201448366332e-10 0.0 
9.996193427638365e-08 4.885760786138932e-07 1.4246999980833057e-09 6.095117468269969e-10 3.9031862858215696e-10 0.0 
9.685388812184694e-08 4.742862841583071e-07 1.3761216272590457e-09 5.892987276590006e-10 3.774905479998516e-10 0.0 
9.384848830055555e-08 4.604467381074295e-07 1.3292889994562943e-09 5.698009244177097e-10 3.6511361551448227e-10 0.0 
9.094205356037208e-08 4.4704207746939027e-07 1.284135318977427e-09 5.5099153318027e-10 3.5317105887091056e-10 0.0 
8.813104549106488e-08 4.3405724945093835e-07 1.2405958920271977e-09 5.32844188027704e-10 3.4164630706364744e-10 0.0 
8.541205822557906e-08 4.2147732971851686e-07 1.1986076371789742e-09 5.153325847314343e-10 3.3052272379716803e-10 0.0 
8.278182513700674e-08 4.0928835289268404e-07 1.158111026178246e-09 4.984323981809291e-10 3.197850067088819e-10 0.0 
8.023720733653882e-08 3.9747690807001086e-07 1.119049051838373e-09 4.821203611339445e-10 3.094185222740001e-10 0.0 
7.777519594710812e-08 3.860303590771206e-07 1.081367527482549e-09 4.663746610481244e-10 2.9940958642823514e-10 0.0 
7.539288867377295e-08 3.749365122315232e-07 1.0450142042541225e-09 4.511742590125517e-10 2.89744999596078e-10 0.0 
7.308745957777964e-08 3.641832011882498e-07 1.0099379661918803e-09 4.36498216824551e-10 2.804115814384349e-10 0.0 
7.085646609851818e-08 3.5375955738184065e-07 9.760944917457933e-10 4.223281987399004e-10 2.713977644853617e-10 0.0 
6.869791313821456e-08 3.436562052930881e-07 9.434472742613048e-10 4.0864884308759245e-10 2.6269382235703085e-10 0.0 
6.660916673215453e-08 3.3386193418819545e-07 9.119496470513001e-10 3.9544111361180785e-10 2.542877762964741e-10 0.0 
6.45876285858025e-08 3.243657635474097e-07 8.815559647321431e-10 3.826864447819261e-10 2.4616794822637185e-10 0.0 
6.263124310645764e-08 3.1515968252084097e-07 8.522306542282305e-10 3.703710812417725e-10 2.383257668787042e-10 0.0 
6.073824268569485e-08 3.06236714702617e-07 8.239448245255834e-10 3.584838725909274e-10 2.3075426900681543e-10 0.0 
5.890656964674129e-08 2.9758795739502626e-07 7.966625415634059e-10 3.470101381861193e-10 2.2344420237008507e-10 0.0 
5.713411032965813e-08 2.892043230658324e-07 7.703458351610767e-10 3.359343488372083e-10 2.1638579131504238e-10 0.0 
