5.654396940355935e-05 0.00015079905587826305 3.683895617495344e-06 1.8052728111225113e-06 1.1625854139387427e-06 0.0 
5.569929734510641e-05 0.0001487533551316173 3.6126202972634037e-06 1.7682185596181248e-06 1.1384025743685102e-06 0.0 
5.487082491807941e-05 0.00014674472854465253 3.542975119802965e-06 1.732050436946186e-06 1.1148042255898088e-06 0.0 
5.4058432430498625e-05 0.00014477289537154157 3.474940340275416e-06 1.6967584723330512e-06 1.0917839694553247e-06 0.0 
5.326176495105073e-05 0.0001428370703961265 3.4084738496487387e-06 1.662318702724123e-06 1.0693257755007357e-06 0.0 
5.2480185711230254e-05 0.00014093588470178226 3.343507507677373e-06 1.6286921762296268e-06 1.0474036331956952e-06 0.0 
5.171354079503291e-05 0.00013906916919104872 3.280003708261098e-06 1.5958577441278277e-06 1.0260038065165495e-06 0.0 
5.096150359872868e-05 0.00013723625813586644 3.2179182825502413e-06 1.5637899186289578e-06 1.00510926301587e-06 0.0 
5.0223738499503564e-05 0.00013543645737861335 3.1572076067326592e-06 1.5324635323131358e-06 9.84703162784725e-07 0.0 
4.9499919858574065e-05 0.00013366902810239638 3.0978344230631546e-06 1.5018571055858759e-06 9.64771082631644e-07 0.0 
4.878976179463471e-05 0.00013193322770200272 3.0397874772498462e-06 1.4719648803424697e-06 9.453090765255761e-07 0.0 
4.809300464283723e-05 0.00013022841734139335 2.9830577405656536e-06 1.4427837101488787e-06 9.263151859320691e-07 0.0 
4.740943255968243e-05 0.00012855416079429069 2.9276187647322583e-06 1.4142986971198147e-06 9.077794975206889e-07 0.0 
4.6738854305892086e-05 0.00012691006734297258 2.8734512320649846e-06 1.386498881811721e-06 8.896946927891352e-07 0.0 
4.608074345126246e-05 0.0001252949954185823 2.820489088979392e-06 1.3593465978262527e-06 8.720357192050535e-07 0.0 
4.543469417047187e-05 0.0001237080552455752 2.7686824110388713e-06 1.332813513374658e-06 8.547837292605438e-07 0.0 
4.4800434301709455e-05 0.00012214862773518126 2.7180005406895987e-06 1.306882343885243e-06 8.379271961414777e-07 0.0 
4.4177698711423606e-05 0.00012061610913547747 2.6684137271246655e-06 1.2815363394721787e-06 8.214549544977249e-07 0.0 
4.356646982351074e-05 0.00011911071376896036 2.619901224418598e-06 1.2567644056429754e-06 8.053599364502906e-07 0.0 
4.2967886481659296e-05 0.00011763427159299296 2.5727032389263365e-06 1.2327021331086086e-06 7.897312561886507e-07 0.0 
4.2381656188865736e-05 0.00011618603645952492 2.5267846348733228e-06 1.209327018234315e-06 7.745535617310269e-07 0.0 
4.1806041012498654e-05 0.00011476326904946099 2.481807811857458e-06 1.1864529391392326e-06 7.597050742247782e-07 0.0 
4.124078286342214e-05 0.00011336541384798765 2.4377402166410012e-06 1.1640617845637196e-06 7.451737692286628e-07 0.0 
4.068564345949684e-05 0.00011199189010112668 2.394559488448217e-06 1.1421410351049615e-06 7.309512666825264e-07 0.0 
4.014037897047695e-05 0.00011064209586608261 2.3522436398736003e-06 1.1206784039180133e-06 7.170293462163668e-07 0.0 
3.960485129005271e-05 0.00010931573964604558 2.310775763172639e-06 1.099664807870348e-06 7.034020893814561e-07 0.0 
3.9078913361562605e-05 0.00010801248857425794 2.2701404514374938e-06 1.0790918725385083e-06 6.90063992488748e-07 0.0 
3.856256070453195e-05 0.00010673229218203293 2.230342143288311e-06 1.0589627715092244e-06 6.770172572026576e-07 0.0 
3.805571061882647e-05 0.00010547495056193373 2.1913735380853494e-06 1.039273941372804e-06 6.642595801673091e-07 0.0 
3.755810874312776e-05 0.00010423985503621455 2.15321027059145e-06 1.0200116098614152e-06 6.517817353793822e-07 0.0 
3.7069507652556704e-05 0.00010302641256887013 2.115828751799652e-06 1.0011624649947574e-06 6.395748094050561e-07 0.0 
3.658967398442895e-05 0.00010183405388661774 2.0792077544805166e-06 9.827144969035116e-07 6.276307466807271e-07 0.0 
3.611926018193112e-05 0.000100663247381691 2.0435134281430143e-06 9.647545778227355e-07 6.160055174241803e-07 0.0 
3.565883330406127e-05 9.951571245018774e-05 2.008755370177817e-06 9.472901805811584e-07 6.04704991382198e-07 0.0 
3.5208589143128304e-05 9.839325828556743e-05 1.9748379557919384e-06 9.302770526914994e-07 5.937020839588853e-07 0.0 
3.4767599891250106e-05 9.7293282379032e-05 1.9417080209082945e-06 9.13681327319349e-07 5.829729612106213e-07 0.0 
3.4334498421098326e-05 9.621212544503562e-05 1.9092699163218757e-06 8.974470412954829e-07 5.724798021623461e-07 0.0 
3.3909108915010627e-05 9.514943065842292e-05 1.8775040432205182e-06 8.815633567067464e-07 5.622154617028315e-07 0.0 
3.349135579459805e-05 9.410512999505093e-05 1.846396996245521e-06 8.660230669848124e-07 5.521752633532188e-07 0.0 
3.3080962956513555e-05 9.307850468299644e-05 1.815927417214712e-06 8.508141380088554e-07 5.423511545229171e-07 0.0 
3.26778478545947e-05 9.206933643379651e-05 1.7860927874556624e-06 8.359355916536774e-07 5.327425070660583e-07 0.0 
3.2282001734411646e-05 9.107762189237632e-05 1.756895270363999e-06 8.21389184037698e-07 5.23350538549561e-07 0.0 
3.1893218788348964e-05 9.010288306080986e-05 1.7283141271846368e-06 8.071633528961887e-07 5.141675610556298e-07 0.0 
3.151133490561263e-05 8.914479453219256e-05 1.7003290421424804e-06 7.932476654809306e-07 5.051868230718089e-07 0.0 
3.113630709317033e-05 8.820328960952792e-05 1.6729325176320185e-06 7.796386834013052e-07 4.964062014688729e-07 0.0 
3.076802192152327e-05 8.727809883203614e-05 1.646113826766963e-06 7.663305531320083e-07 4.878218088151204e-07 0.0 
3.0406375853541598e-05 8.636897431047186e-05 1.6198637145105421e-06 7.533183354917931e-07 4.794303743577825e-07 0.0 
3.0051216368918158e-05 8.547557231183867e-05 1.59416511668006e-06 7.405925624862068e-07 4.7122562855880853e-07 0.0 
2.970246476491965e-05 8.459785628679424e-05 1.5690029121384491e-06 7.281450385994056e-07 4.632022274735332e-07 0.0 
2.9360103296355133e-05 8.373595461714675e-05 1.5443672771003992e-06 7.15970341002394e-07 4.553566580545269e-07 0.0 
2.9023996275907993e-05 8.288952338651606e-05 1.5202450209183314e-06 7.040610007207863e-07 4.476839427405847e-07 0.0 
2.8694059722450784e-05 8.20582679628152e-05 1.4966330087407575e-06 6.924146560180964e-07 4.4018239173230425e-07 0.0 
2.8370245940488428e-05 8.124194476949818e-05 1.4735331777066513e-06 6.810314523810758e-07 4.328519202088983e-07 0.0 
2.8052428436451466e-05 8.044020366831515e-05 1.4509336990082254e-06 6.69904563616762e-07 4.256879595727582e-07 0.0 
2.7740491905911497e-05 7.965274122665162e-05 1.4288230144090907e-06 6.590273476792758e-07 4.186860702840732e-07 0.0 
2.7434164709423586e-05 7.887891589692322e-05 1.407174438088145e-06 6.48385386204778e-07 4.1183677427482324e-07 0.0 
2.7133312621368214e-05 7.811839102708266e-05 1.3859765762840937e-06 6.379730677077297e-07 4.0513646873480986e-07 0.0 
2.6837824392122486e-05 7.73709426770225e-05 1.3652169319590263e-06 6.277839727724906e-07 3.985809855292093e-07 0.0 
2.6547478394418513e-05 7.663630614043821e-05 1.344865331438703e-06 6.178033781637573e-07 3.921609328418425e-07 0.0 
2.6262182719342976e-05 7.591429236508728e-05 1.3249116983644936e-06 6.080259467731857e-07 3.8587281947321116e-07 0.0 
2.5981854174399266e-05 7.520470050731927e-05 1.3053479337297404e-06 5.984472473418363e-07 3.7971371556281595e-07 0.0 
2.570641208792551e-05 7.450733417411893e-05 1.2861661665627326e-06 5.890629755252645e-07 3.736807758515735e-07 0.0 
2.5435784791594703e-05 7.382200967818165e-05 1.2673591680078431e-06 5.798691503816272e-07 3.677713668181031e-07 0.0 
2.5169896706637433e-05 7.314854133604302e-05 1.2489195226576977e-06 5.708617195585602e-07 3.6198281105338906e-07 0.0 
2.4908671733050544e-05 7.248674541500671e-05 1.230839837284589e-06 5.620366580815158e-07 3.5631245116538746e-07 0.0 
2.465210137518633e-05 7.183662859883021e-05 1.2131167759716387e-06 5.533923313457563e-07 3.50759254925082e-07 0.0 
2.440018731515643e-05 7.119825629500238e-05 1.1957458743742818e-06 5.449268198407593e-07 3.453220815658735e-07 0.0 
2.415270552833607e-05 7.057109228907814e-05 1.1787080151513531e-06 5.366300116114507e-07 3.3999430831166855e-07 0.0 
2.390964215625915e-05 6.995525189941603e-05 1.1619957323069976e-06 5.28498188102067e-07 3.347735919852903e-07 0.0 
2.367182572515384e-05 6.935350476864812e-05 1.1456376683825776e-06 5.205493620437643e-07 3.2967258849180753e-07 0.0 
2.3440151534243343e-05 6.876763664716893e-05 1.129754957034861e-06 5.128474133721546e-07 3.2473256519654686e-07 0.0 
2.3213804115051705e-05 6.819518181844963e-05 1.114301042931712e-06 5.053644165304059e-07 3.1993450734953214e-07 0.0 
2.299147195294292e-05 6.763301660630895e-05 1.099138925944539e-06 4.980277996327964e-07 3.152311778852167e-07 0.0 
2.2773207931672714e-05 6.708103676930089e-05 1.0842765464309407e-06 4.908405669626351e-07 3.1062436340421345e-07 0.0 
2.2558912543994088e-05 6.653901506150191e-05 1.0697046851344492e-06 4.837978516597226e-07 3.061108703773697e-07 0.0 
2.2348477893783774e-05 6.600671281070581e-05 1.0554132791542346e-06 4.768944096953612e-07 3.0168726943703887e-07 0.0 
2.2141805391254702e-05 6.548390415844473e-05 1.0413932084001663e-06 4.7012546141130616e-07 2.97350431519847e-07 0.0 
2.193877432320816e-05 6.497037609973307e-05 1.027633371241449e-06 4.6348538815531585e-07 2.9309671015936774e-07 0.0 
2.1739259989881325e-05 6.44660163723198e-05 1.0141239877811188e-06 4.5696953380540636e-07 2.8892312499296267e-07 0.0 
2.1543206628051986e-05 6.397066796600988e-05 1.0008631742729306e-06 4.5057683268176697e-07 2.848289420864393e-07 0.0 
2.135054538635156e-05 6.348414353803727e-05 9.87845479840218e-07 4.4430430727455295e-07 2.8081218938923894e-07 0.0 
2.116119347265757e-05 6.300623504754531e-05 9.750647666800835e-07 4.38148724306501e-07 2.768707393627052e-07 0.0 
2.0975145499080505e-05 6.253694373453793e-05 9.62519157682898e-07 4.321093057799355e-07 2.7300412894480105e-07 0.0 
2.079258785540676e-05 6.207678483254705e-05 9.502198879007457e-07 4.261927399896118e-07 2.6921689854773004e-07 0.0 
2.0613503457012795e-05 6.162572328740861e-05 9.381641956801993e-07 4.203975908313731e-07 2.655081136027624e-07 0.0 
2.043783975492836e-05 6.118363143670922e-05 9.263466727117741e-07 4.1472091924302227e-07 2.6187583562572097e-07 0.0 
2.026554646976871e-05 6.075038468868576e-05 9.147620772720641e-07 4.09159876764863e-07 2.5831818620506147e-07 0.0 
2.0096574370608403e-05 6.032586140255545e-05 9.034052937185767e-07 4.037116859436489e-07 2.548333341322575e-07 0.0 
1.9930874660539397e-05 5.990994346826777e-05 8.922713081140758e-07 3.9837362864110115e-07 2.514194877483375e-07 0.0 
1.976841369429485e-05 5.950257985545764e-05 8.813554961093005e-07 3.931432433999218e-07 2.4807504045093243e-07 0.0 
1.960943093401754e-05 5.910420517886231e-05 8.706903000146826e-07 3.880365012268013e-07 2.4481017002124143e-07 0.0 
1.94545206272308e-05 5.871578916266153e-05 8.603569791550271e-07 3.83092814898061e-07 2.416499098966058e-07 0.0 
1.9302967892081684e-05 5.833614079238416e-05 8.502566163863482e-07 3.782634725201789e-07 2.385631837022116e-07 0.0 
1.91546023858583e-05 5.7964991803844025e-05 8.403662587001078e-07 3.7353750238342607e-07 2.3554303105958272e-07 0.0 
1.9009364513185156e-05 5.760219245177411e-05 8.306809101143155e-07 3.689121538217926e-07 2.3258763121439444e-07 0.0 
1.886706037963642e-05 5.724723193450683e-05 8.211864478911631e-07 3.643800087415319e-07 2.2969213412397823e-07 0.0 
1.8727601474262854e-05 5.689989859687739e-05 8.118751471663349e-07 3.5993703643863477e-07 2.2685391107586757e-07 0.0 
1.8590896034390392e-05 5.65599979210369e-05 8.027397660415961e-07 3.5557952248287556e-07 2.240705427311326e-07 0.0 
1.845689974526231e-05 5.6227487527188564e-05 7.937753184578141e-07 3.513048899929432e-07 2.2134035864748413e-07 0.0 
1.832564971379308e-05 5.5902513139908157e-05 7.849828666324459e-07 3.471139737298422e-07 2.1866396167382503e-07 0.0 
1.8197150278977697e-05 5.558510701317658e-05 7.763615174333302e-07 3.4300636701338773e-07 2.1604110150801404e-07 0.0 
1.8071409809216103e-05 5.5275289229168625e-05 7.679102325671157e-07 3.3898138332134796e-07 2.1347131459716217e-07 0.0 
1.7948561080800248e-05 5.49733982879827e-05 7.59637943047255e-07 3.3504341432072724e-07 2.1095743760747922e-07 0.0 
1.7829081212554024e-05 5.468122747546899e-05 7.515607232577952e-07 3.312019209410332e-07 2.0850596154989508e-07 0.0 
1.7713093347616568e-05 5.439932538675843e-05 7.43679661079761e-07 3.274577865200559e-07 2.0611753284543257e-07 0.0 
1.760029891766402e-05 5.4126564060099874e-05 7.359858547758041e-07 3.238054182732773e-07 2.0378823868771933e-07 0.0 
1.749034442249553e-05 5.386166315666257e-05 7.28466641441408e-07 3.202374116147621e-07 2.0151306706935174e-07 0.0 
1.7383183847325638e-05 5.360452144708406e-05 7.211180257633106e-07 3.167516275138476e-07 1.992906135381376e-07 0.0 
1.7278781705782163e-05 5.335506273409822e-05 7.139364164301919e-07 3.133461505116983e-07 1.971196218458602e-07 0.0 
1.7177101741588175e-05 5.31132089450789e-05 7.069181689949963e-07 3.100190398652611e-07 1.9499881985011256e-07 0.0 
1.707798750741979e-05 5.28785680177962e-05 7.000511063409282e-07 3.067640045628843e-07 1.9292411967200534e-07 0.0 
1.6981327603637898e-05 5.2650863683925884e-05 6.933263960914181e-07 3.0357646601994266e-07 1.9089254234413807e-07 0.0 
1.6887080499620515e-05 5.243000159564325e-05 6.867402227295442e-07 3.0045440738936116e-07 1.889027675980011e-07 0.0 
1.679520587426659e-05 5.221589055256796e-05 6.802888646866858e-07 2.973958608687905e-07 1.8695350723256868e-07 0.0 
1.6705662128744195e-05 5.2008438352658196e-05 6.739684521431987e-07 2.94398802257543e-07 1.8504343957142648e-07 0.0 
1.6618380246175668e-05 5.180750793418748e-05 6.677723843086044e-07 2.9146002046747315e-07 1.8317050612997506e-07 0.0 
1.653330900766763e-05 5.1612992252791007e-05 6.616956769354351e-07 2.885769913816294e-07 1.8133307336370835e-07 0.0 
1.6450406232126425e-05 5.142480022146131e-05 6.557341986146492e-07 2.8574756601949175e-07 1.7952974173679826e-07 0.0 
1.637010620518459e-05 5.124397807377719e-05 6.499253456224725e-07 2.8299079825866497e-07 1.7777280110796666e-07 0.0 
1.6292944820617135e-05 5.10717958034285e-05 6.443146700461751e-07 2.8032911844520687e-07 1.7607660848774434e-07 0.0 
1.6218283368175336e-05 5.090677040333115e-05 6.388436247539962e-07 2.777329286325951e-07 1.7442213754614683e-07 0.0 
1.6146100083975254e-05 5.0748877343186215e-05 6.335082055025499e-07 2.752001807056366e-07 1.7280807548017104e-07 0.0 
1.6076427715801602e-05 5.059821358785645e-05 6.283092838645681e-07 2.727311070640901e-07 1.712345465100274e-07 0.0 
1.6009364473169482e-05 5.045508571178108e-05 6.232503700128282e-07 2.7032748172932404e-07 1.6970271710958131e-07 0.0 
1.594501804437024e-05 5.031983574777214e-05 6.183352507826782e-07 2.6799125467420954e-07 1.682138751244245e-07 0.0 
1.5883408539540312e-05 5.0192537466007934e-05 6.135633890990606e-07 2.657219389720715e-07 1.6676767701441096e-07 0.0 
1.5824486541297566e-05 5.0073157910182726e-05 6.089276215965686e-07 2.6351612959840607e-07 1.6536195815172393e-07 0.0 
1.5768141467398206e-05 4.996159141548036e-05 6.044150235709896e-07 2.613679333440245e-07 1.6399300984359459e-07 0.0 
1.5714332829345565e-05 4.9857793609015025e-05 6.000224469498397e-07 2.5927576167230504e-07 1.6265980126789857e-07 0.0 
1.566304764513256e-05 4.976175974921726e-05 5.957494466092646e-07 2.5723925172899083e-07 1.613620722168729e-07 0.0 
1.5614310304459848e-05 4.967357541391901e-05 5.915966603930597e-07 2.5525853141220736e-07 1.6009987709246086e-07 0.0 
1.5568128498380733e-05 4.95933054222894e-05 5.875627525638116e-07 2.5333283270473063e-07 1.588727075423083e-07 0.0 
1.5524468091384233e-05 4.952086770923173e-05 5.836448282312643e-07 2.5146052979863964e-07 1.5767948566849924e-07 0.0 
1.5483265172613835e-05 4.9456080753654654e-05 5.798389083373169e-07 2.4963940453237303e-07 1.5651874115247378e-07 0.0 
1.5444522681236695e-05 4.9398995052117204e-05 5.761435542791264e-07 2.4786862240108544e-07 1.5538992052065526e-07 0.0 
1.5408253777307364e-05 4.9349688612977246e-05 5.725575816357033e-07 2.461474957253743e-07 1.542925722160367e-07 0.0 
1.5374685350610826e-05 4.930935418738976e-05 5.690838935558685e-07 2.4447814230410385e-07 1.532282342817228e-07 0.0 
1.5343912712988882e-05 4.9278409971049505e-05 5.657245474284788e-07 2.4286170263693084e-07 1.521976633337935e-07 0.0 
1.5315864592678062e-05 4.925644096556803e-05 5.624774755315675e-07 2.412967156112018e-07 1.5119982596416006e-07 0.0 
1.5290428171740984e-05 4.924286472831644e-05 5.593397733839622e-07 2.397811922674909e-07 1.5023333700302883e-07 0.0 
1.52676866759519e-05 4.923795779331673e-05 5.563152592021152e-07 2.383171135392419e-07 1.4929949322597953e-07 0.0 
1.5247682926394822e-05 4.924189371513136e-05 5.534041142888087e-07 2.369045245995326e-07 1.4839832660201977e-07 0.0 
1.5230443552987718e-05 4.925479578239154e-05 5.506056972104522e-07 2.3554298212759897e-07 1.475295387216977e-07 0.0 
1.5215997618480337e-05 4.927679587203502e-05 5.479194437181523e-07 2.3423207748448632e-07 1.466928532351021e-07 0.0 
1.5204361255055906e-05 4.930799603074362e-05 5.453437786196073e-07 2.3297097105906882e-07 1.458877278806492e-07 0.0 
1.5196173550609437e-05 4.934983175433345e-05 5.429349830105454e-07 2.3178612689079812e-07 1.4513090464649522e-07 0.0 
1.5191539967921419e-05 4.9402593275056956e-05 5.406974533483322e-07 2.306789840845345e-07 1.444232134554159e-07 0.0 
1.518986575992401e-05 4.946511418677631e-05 5.385732827037127e-07 2.2962257271330476e-07 1.4374763235344293e-07 0.0 
1.5191173282117375e-05 4.953752126275061e-05 5.365609370984708e-07 2.2861602386585383e-07 1.4310359537105345e-07 0.0 
1.5195516962908541e-05 4.9620034889727245e-05 5.346611606390882e-07 2.2765951970637886e-07 1.424911995581999e-07 0.0 
1.5202952717419795e-05 4.9712877479847844e-05 5.328746525613693e-07 2.2675321685719656e-07 1.4191052484008505e-07 0.0 
1.5213474665737476e-05 4.9816085203065095e-05 5.311990987656108e-07 2.2589579468863887e-07 1.4136069788614938e-07 0.0 
1.5227032283085834e-05 4.992955195404532e-05 5.296299413048861e-07 2.2508476230482113e-07 1.4084008278647993e-07 0.0 
1.5243674264339069e-05 5.005348047713071e-05 5.281672450414786e-07 2.2431994557936945e-07 1.40348544092976e-07 0.0 
1.5263585796566717e-05 5.018830957786343e-05 5.268217700893546e-07 2.23605820112147e-07 1.3988884724796703e-07 0.0 
1.528696448238528e-05 5.0334586049089475e-05 5.25603155166118e-07 2.2294649456101598e-07 1.394635594991012e-07 0.0 
1.5313883817158054e-05 5.0492680165048304e-05 5.245104167126626e-07 2.2234149389533226e-07 1.3907239736116974e-07 0.0 
1.534439650917848e-05 5.066287186475356e-05 5.235420695196411e-07 2.2178999432158319e-07 1.3871482988054803e-07 0.0 
1.5378562843141534e-05 5.0845469861253114e-05 5.226967229265905e-07 2.2129121429030127e-07 1.383903534703543e-07 0.0 
1.5416425384948433e-05 5.104076034298627e-05 5.219719769405894e-07 2.208439611546613e-07 1.3809821070925975e-07 0.0 
1.545799855583359e-05 5.124898479838469e-05 5.213645668873948e-07 2.204467341582846e-07 1.3783745754002306e-07 0.0 
1.550340646772843e-05 5.147062885027875e-05 5.208769008748604e-07 2.2010050646199488e-07 1.3760870553378035e-07 0.0 
1.5552854390530546e-05 5.170646883738321e-05 5.20514086024816e-07 2.1980772879324707e-07 1.3741355267195055e-07 0.0 
1.5606653684816277e-05 5.19575215153265e-05 5.202891739283125e-07 2.195746388616159e-07 1.372559974802945e-07 0.0 
1.5665929581833072e-05 5.2227055915232364e-05 5.202641540013058e-07 2.194313528816772e-07 1.371553434559569e-07 0.0 
1.573014796262338e-05 5.2513618664937134e-05 5.204051039045896e-07 2.1936023723662714e-07 1.371001297341762e-07 0.0 
1.5799116126182877e-05 5.2816814758657e-05 5.206951947233723e-07 2.1935283994656434e-07 1.3708492168066323e-07 0.0 
1.5873054880182222e-05 5.313771258685188e-05 5.211388475371193e-07 2.19411230341934e-07 1.371110688742473e-07 0.0 
1.5952141094244933e-05 5.347715938558132e-05 5.217394603043376e-07 2.1953680932672074e-07 1.37179456924153e-07 0.0 
1.603648725903799e-05 5.383542618369524e-05 5.224997225196167e-07 2.1973022736178124e-07 1.372904080145874e-07 0.0 
1.612625242045906e-05 5.42128144386443e-05 5.234253348672997e-07 2.199936670063431e-07 1.3744524018729216e-07 0.0 
1.6221650907371096e-05 5.4610179958331474e-05 5.24520572787153e-07 2.2032901562082043e-07 1.3764516262070804e-07 0.0 
1.632288430800965e-05 5.502830309549794e-05 5.257892325685977e-07 2.2073768711115418e-07 1.378910434365016e-07 0.0 
1.6430158834939908e-05 5.546796474491182e-05 5.272352838176282e-07 2.2122112075325746e-07 1.381837577271262e-07 0.0 
1.6543705366463664e-05 5.5930012199897066e-05 5.288638788099316e-07 2.217812528691417e-07 1.385244898282818e-07 0.0 
1.6663770559435937e-05 5.641534814388423e-05 5.306806887060704e-07 2.224202347287042e-07 1.3891455775167226e-07 0.0 
1.679061653025524e-05 5.692493394135011e-05 5.326926918988127e-07 2.231408297964965e-07 1.3935566610449978e-07 0.0 
1.692451548444007e-05 5.745978634909219e-05 5.349061551225586e-07 2.2394544837502084e-07 1.3984929624210432e-07 0.0 
1.7065769661352822e-05 5.802104283976228e-05 5.373275922627253e-07 2.2483665271006144e-07 1.4039703816055506e-07 0.0 
1.7214782757911492e-05 5.861022530704619e-05 5.399666899891933e-07 2.258188005065855e-07 1.4100168632816013e-07 0.0 
1.7371868778502274e-05 5.9228610406310495e-05 5.428289710220333e-07 2.268941382783857e-07 1.4166465564260886e-07 0.0 
1.7537377975551467e-05 5.9877555370006734e-05 5.4592138225822e-07 2.280653792883076e-07 1.4238763030016722e-07 0.0 
1.771175950600598e-05 6.055865854532475e-05 5.492575770138813e-07 2.293381822719079e-07 1.4317413424622493e-07 0.0 
1.789555870229217e-05 6.127376053942676e-05 5.528573525655746e-07 2.307208672531023e-07 1.4402934906887828e-07 0.0 
1.8089302161332155e-05 6.202475530289918e-05 5.56734090477777e-07 2.3221883816824247e-07 1.4495663418096977e-07 0.0 
1.829353533962368e-05 6.281360934762459e-05 5.609017893689043e-07 2.3383772412232591e-07 1.459594849016918e-07 0.0 
1.8508826416733697e-05 6.364237843417992e-05 5.653751702897696e-07 2.3558342794570603e-07 1.4704156326681866e-07 0.0 
1.8735777938545968e-05 6.451326103306525e-05 5.701696150033263e-07 2.374621122931506e-07 1.4820669251738543e-07 0.0 
1.8975039261948785e-05 6.542862888376733e-05 5.753017112972874e-07 2.394804344580015e-07 1.4945900476057958e-07 0.0 
1.9227186252205134e-05 6.639089337190576e-05 5.807793264227127e-07 2.4164153565653587e-07 1.5080049404960957e-07 0.0 
1.9492692342627543e-05 6.740215162922047e-05 5.866049697316622e-07 2.4394601076023424e-07 1.522315272456103e-07 0.0 
1.977220321728632e-05 6.846485340887037e-05 5.92792289935861e-07 2.4639895218143614e-07 1.5375522373901206e-07 0.0 
2.0066529453917358e-05 6.958205475011312e-05 5.993601633148999e-07 2.4900789972624486e-07 1.5537626968964925e-07 0.0 
2.037654737651955e-05 7.075705617842087e-05 6.063290148312912e-07 2.517810123651895e-07 1.5709973595909677e-07 0.0 
2.0703205632382922e-05 7.199343499783647e-05 6.137209771065791e-07 2.5472713921588864e-07 1.5893112358778364e-07 0.0 
2.1047791441724274e-05 7.329574566971718e-05 6.215766486938932e-07 2.5786356559185784e-07 1.6088126000169662e-07 0.0 
2.1412719370889806e-05 7.467157553451764e-05 6.300036819645515e-07 2.6123800960006086e-07 1.629801429333158e-07 0.0 
2.179841757113951e-05 7.612370765567527e-05 6.389795193956783e-07 2.648385977855703e-07 1.652202060017965e-07 0.0 
2.220580590982122e-05 7.765641115373475e-05 6.485066034587432e-07 2.686654855114396e-07 1.676015727516758e-07 0.0 
2.263638278723429e-05 7.927522877018348e-05 6.586213487533018e-07 2.727334424209516e-07 1.7013344505541092e-07 0.0 
2.309174676593183e-05 8.098596253353034e-05 6.693626294572222e-07 2.770580216321028e-07 1.7282547744946133e-07 0.0 
2.3573720143200002e-05 8.279532094229921e-05 6.807772516461112e-07 2.816582313608071e-07 1.756895018973137e-07 0.0 
2.408433409256872e-05 8.471059798613542e-05 6.92919497133728e-07 2.865560202709354e-07 1.7873915556112516e-07 0.0 
2.4625715548334535e-05 8.673976618090787e-05 7.05841416285993e-07 2.917724667861802e-07 1.8198756776502909e-07 0.0 
2.520019549059267e-05 8.889153762257905e-05 7.195998540627964e-07 2.9733056340709897e-07 1.8544905431926347e-07 0.0 
2.581035370831545e-05 9.11755419206351e-05 7.342581009672881e-07 3.032559738336433e-07 1.891396015263855e-07 0.0 
2.6460400894136648e-05 9.360709591488987e-05 7.499402891495431e-07 3.096043454386233e-07 1.9309455715312728e-07 0.0 
2.715342177814793e-05 9.619772791490111e-05 7.667216296179834e-07 3.1640544549822696e-07 1.973323413965755e-07 0.0 
2.7891792033298896e-05 9.895666749334356e-05 7.846434846501555e-07 3.2367231454429603e-07 2.018606272325261e-07 0.0 
2.867935756195325e-05 0.00010189829533413072 8.03799712203204e-07 3.3144299105989265e-07 2.067031105737288e-07 0.0 
2.9520429967959042e-05 0.00010503872528294143 8.242960294635613e-07 3.397604207235999e-07 2.1188655555583061e-07 0.0 
3.0419813805104432e-05 0.00010839591812304894 8.462501630880274e-07 3.4867242578923313e-07 2.1744076556852273e-07 0.0 
3.138287536045412e-05 0.00011198993989750458 8.697935128936797e-07 3.582323798473718e-07 2.2339900372938315e-07 0.0 
3.2415622784031316e-05 0.00011584326292680451 8.950730882966476e-07 3.684999931093845e-07 2.2979848222328726e-07 0.0 
3.352478933440068e-05 0.0001199811012976041 9.222534184930576e-07 3.795421295147404e-07 2.3668087728689403e-07 0.0 
3.4718004220664754e-05 0.0001244321476925182 9.515203051065525e-07 3.9143471030812326e-07 2.4409358345736363e-07 0.0 
3.6003981604911463e-05 0.00012922905250912727 9.830878931484001e-07 4.042653741919589e-07 2.520913193997139e-07 0.0 
3.7392583108029103e-05 0.00013440875254135232 1.0171991074102043e-06 4.1813356957509215e-07 2.607361724255857e-07 0.0 
3.889490525712022e-05 0.00014001293778248376 1.0541239487933364e-06 4.331495045572665e-07 2.700969234335163e-07 0.0 
4.052353345644727e-05 0.00014608890562475474 1.0941684364981683e-06 4.494380078474417e-07 2.802514684664475e-07 0.0 
4.229285154603116e-05 0.00015269067541707 1.137682807152638e-06 4.671417735014787e-07 2.912888182744592e-07 0.0 
4.42197556442155e-05 0.00015988124753399795 1.1850910959624667e-06 4.864342743701418e-07 3.0331721278401056e-07 0.0 
4.632330410634568e-05 0.0001677321925385455 1.2368582893847784e-06 5.075052285952251e-07 3.1645503471116145e-07 0.0 
4.862541076634254e-05 0.000176325937557779 1.2935154556131481e-06 5.305710408562906e-07 3.3083729832208905e-07 0.0 
5.115145530785876e-05 0.00018575799237315288 1.3556769314644846e-06 5.558820390330068e-07 3.466201856685747e-07 0.0 
5.39309435805248e-05 0.0001961394974235055 1.42405607538507e-06 5.837289409174975e-07 3.639850917804518e-07 0.0 
5.6998320530469326e-05 0.00020760027392749847 1.4994859400847459e-06 6.144512491179845e-07 3.8314385498281226e-07 0.0 
6.0394631242135736e-05 0.00022029296215734517 1.582992243025859e-06 6.484659636716893e-07 4.0435631721413097e-07 0.0 
6.416775430024196e-05 0.0002343968784527197 1.675746230296005e-06 6.862495689222069e-07 4.2791957551084094e-07 0.0 
6.837376989984488e-05 0.00025012330070168604 1.7790985861284439e-06 7.283517398472877e-07 4.5417651737070887e-07 0.0 
7.307880771443689e-05 0.00026772217352496384 1.8946363515543563e-06 7.754183671716823e-07 4.8353008564247e-07 0.0 
7.836204637184363e-05 0.00028749243743111073 2.0242590580635543e-06 8.282224269379573e-07 5.164625020347136e-07 0.0 
8.431830792065119e-05 0.0003097929321291296 2.1702347036450467e-06 8.876876544735472e-07 5.535502117502334e-07 0.0 
9.106129395146953e-05 0.00033505441815399585 2.3352807316109005e-06 9.549207813253935e-07 5.954838564926236e-07 0.0 
9.872880375885241e-05 0.000363797611517973 2.5226957698526075e-06 1.0312635975388664e-06 6.431004839626077e-07 0.0 
0.00010748806189165493 0.00039665483803318975 2.7364756552905656e-06 1.1183412733635788e-06 6.974139322951395e-07 0.0 
0.00011754275635971268 0.00043439701707263833 2.9814774085658455e-06 1.2181290613488174e-06 7.596564723601473e-07 0.0 
0.00012914183443945128 0.0004779670419807482 3.263624296833289e-06 1.3330353256119228e-06 8.313305796987595e-07 0.0 
0.0001425904413503405 0.0005285215358074734 3.5901595607111644e-06 1.4660044309032044e-06 9.142731230687306e-07 0.0 
0.0001582641747576325 0.0005874841063264125 3.970010369947665e-06 1.6206657056971539e-06 1.0107482644194472e-06 0.0 
0.00017662496146200922 0.0006566059086971966 4.414160980498417e-06 1.8014847000689233e-06 1.1235417851229076e-06 0.0 
0.0001982364423754753 0.0007380270766650368 4.935931433243023e-06 2.013872715845205e-06 1.2560294409237527e-06 0.0 
0.00022378641675563845 0.0008343574411834371 5.551668117766343e-06 2.2644858175113396e-06 1.4123650058633894e-06 0.0 
0.0002540799392893436 0.0009486554455398478 6.280445553207637e-06 2.5610872334227445e-06 1.597392955775803e-06 0.0 
0.0002899577874347983 0.001084140875516255 7.1415691462277875e-06 2.9114874120793658e-06 1.8159846607164926e-06 0.0 
0.0003321227984208235 0.001243531543551376 8.150860047779945e-06 3.3221015809211485e-06 2.072145261774529e-06 0.0 
0.00038056617884915336 0.0014269039449074337 9.306497275075574e-06 3.792193330176359e-06 2.3654256711608468e-06 0.0 
0.0004332447808205146 0.0016266913638017454 1.0556976396612114e-05 4.3007159836897044e-06 2.6826981210401384e-06 0.0 
0.0004839991060487665 0.001819822093365987 1.1751614907298999e-05 4.7862818650126555e-06 2.9856733915311513e-06 0.0 
0.0005211047356468336 0.001962159643128216 1.2607211765620628e-05 5.133623681779005e-06 3.202450303463808e-06 0.0 
0.0005307684729374488 0.0020015126358101896 1.2794767011875439e-05 5.2089304562287495e-06 3.249549741244442e-06 0.0 
0.0005070004962086287 0.001914815564103167 1.2177569038660475e-05 4.956735910557922e-06 3.0923511784819935e-06 0.0 
0.0004575713221944677 0.0017308575476213512 1.0950377784351069e-05 4.456463551119704e-06 2.7803772221579177e-06 0.0 
0.0003972453869732437 0.001505074433963412 9.472006814604765e-06 3.854203311878951e-06 2.4047492840910104e-06 0.0 
0.0003378058538493316 0.0012819431850386875 8.025274073285936e-06 3.2650295899529342e-06 2.0372536105987e-06 0.0 
0.0002849665773599559 0.001083175365580693 6.745198386310762e-06 2.7438382537165205e-06 1.7121424263718253e-06 0.0 
0.00024020468727184576 0.0009145076371349344 5.664869583989493e-06 2.3040467554025945e-06 1.4377933818144553e-06 0.0 
0.0002030558541794752 0.0007743173603390953 4.771242386879004e-06 1.9403100871012113e-06 1.2108781802630075e-06 0.0 
0.00017243834004265743 0.0006586148610280187 4.036985807140598e-06 1.6414809702980994e-06 1.0244472236641447e-06 0.0 
0.0001472144001451222 0.0005631697120751759 3.4338523557595958e-06 1.3960482713097402e-06 8.713226755604822e-07 0.0 
0.00012637774383279058 0.00048422628697827793 2.9370524100631613e-06 1.1939125398884704e-06 7.452062098364854e-07 0.0 
0.00010909199267168354 0.00041865566249183877 2.5260712807605054e-06 1.0267155117920509e-06 6.408847644781726e-07 0.0 
9.468045590059448e-05 0.00036392223273540845 2.184370733836362e-06 8.877204810222052e-07 5.541565034391526e-07 0.0 
8.260134451006809e-05 0.0003179932341392386 1.8987500687521446e-06 7.715513923440356e-07 4.81668183714144e-07 0.0 
7.242221058946258e-05 0.00027924415115481967 1.6587015904049075e-06 6.739295434205692e-07 4.207509426960068e-07 0.0 
6.379781700233616e-05 0.00024637635348270873 1.4558601545444164e-06 5.914489322525418e-07 3.6928016527802946e-07 0.0 
5.645199372008688e-05 0.0002183495742378921 1.2835543779267232e-06 5.213933407788958e-07 3.2556141011703946e-07 0.0 
5.016280213251489e-05 0.00019432731007279028 1.136427431012036e-06 4.6158195361079723e-07 2.8823423503352677e-07 0.0 
4.4751246749132126e-05 0.00017363434842908537 1.0101666370712766e-06 4.1025922501422805e-07 2.562034739697748e-07 0.0 
4.007243388404647e-05 0.00015572359611245633 9.012885646065851e-07 3.6600726635030886e-07 2.2858457092766107e-07 0.0 
3.6008556500143925e-05 0.00014014980989718537 8.069674030603134e-07 3.2767596052342056e-07 2.0465999464794814e-07 0.0 
3.246331478125463e-05 0.000126548739624212 7.248977182186434e-07 2.9432710147227416e-07 1.8384440947763454e-07 0.0 
2.9357689226533224e-05 0.00011462118312061474 6.531938877691051e-07 2.6519359854522027e-07 1.6565923488034333e-07 0.0 
2.662649308133323e-05 0.00010412004247592112 5.903038342753114e-07 2.396440327026129e-07 1.4971051369887105e-07 0.0 
2.421550182528251e-05 9.483980276715519e-05 5.349345717165039e-07 2.1715223836753085e-07 1.356699515363151e-07 0.0 
2.2079534821744993e-05 8.660909904142431e-05 4.860108091610323e-07 1.9728069118067398e-07 1.2326455571904536e-07 0.0 
2.018077215390252e-05 7.928437528864976e-05 4.4263416123565006e-07 1.796638911353405e-07 1.1226626891630866e-07 0.0 
1.848741275673903e-05 7.274483232738573e-05 4.0405063500696663e-07 1.63995119173617e-07 1.0248370735873166e-07 0.0 
1.697259976540543e-05 6.688837831402303e-05 3.696246400510215e-07 1.5001585185580215e-07 9.375555713979447e-08 0.0 
1.5613568318045952e-05 6.1628395448609e-05 3.3881874705603427e-07 1.375075187631195e-07 8.594543010850471e-08 0.0 
1.4390941935117215e-05 5.689109507969528e-05 3.111767137028802e-07 1.2628459582797956e-07 7.893755597975879e-08 0.0 
1.3288132674875693e-05 5.2613315736760405e-05 2.863078712006146e-07 1.1618825080102617e-07 7.263282525380392e-08 0.0 
1.2291107651585086e-05 4.874198250027052e-05 2.6388187682437617e-07 1.0708492092559862e-07 6.694800222479378e-08 0.0 
1.1387761238270293e-05 4.5231220541845136e-05 2.4361441284423415e-07 9.885950204881291e-08 6.181132528727166e-08 0.0 
1.0567124924718847e-05 4.203849254335471e-05 2.2524912514777563e-07 9.140655860236594e-08 5.7156821585847915e-08 0.0 
9.820341562818155e-06 3.912993721373729e-05 2.0858186971791237e-07 8.464375137865242e-08 5.2933171708876176e-08 0.0 
9.13956399500072e-06 3.647558707669576e-05 1.9343042401378468e-07 7.849719724353488e-08 4.9094282708088885e-08 0.0 
8.517307197590713e-06 3.4046772900663e-05 1.796163156394232e-07 7.289345238492171e-08 4.559422615505682e-08 0.0 
7.947472585287313e-06 3.1820090729982884e-05 1.669980458863794e-07 6.777495093844522e-08 4.239706490058996e-08 0.0 
7.424718791186086e-06 2.9775110341615275e-05 1.55451642412735e-07 6.309137991052608e-08 3.947140534102748e-08 0.0 
6.9443451878375295e-06 2.7893846508016534e-05 1.448682142395325e-07 5.8798563513464026e-08 3.678968398213915e-08 0.0 
6.502333131077252e-06 2.61607411674644e-05 1.351577209777678e-07 5.485997035729222e-08 3.43290870555385e-08 0.0 
6.095124886603651e-06 2.4561981624138136e-05 1.2624049452883715e-07 5.1243183720318605e-08 3.206935837867951e-08 0.0 
5.719408361707442e-06 2.3084909838565787e-05 1.1803878023833637e-07 4.79166322973067e-08 2.999080097615263e-08 0.0 
5.37224974644989e-06 2.171830133562156e-05 1.104839951845431e-07 4.485250585049602e-08 2.807606761792079e-08 0.0 
5.051025296177385e-06 2.045214597708753e-05 1.0351477658204621e-07 4.202591595620045e-08 2.6309633869588896e-08 0.0 
4.753387855913171e-06 1.9277472658953716e-05 9.70763251700857e-08 3.9414624745656754e-08 2.4677626035479025e-08 0.0 
4.477207623416703e-06 1.8186177238004927e-05 9.111894483187785e-08 3.699852131534727e-08 2.316750425707679e-08 0.0 
4.220554885549962e-06 1.7170908276988502e-05 8.559740146677897e-08 3.47592796151754e-08 2.1767841040487095e-08 0.0 
3.981771614654555e-06 1.6225288969966335e-05 8.047374308948317e-08 3.268152584581849e-08 2.046904465768892e-08 0.0 
3.759367854295818e-06 1.5343563102838184e-05 7.571409421147272e-08 3.0751503572784934e-08 1.9262526230271753e-08 0.0 
3.551996401284763e-06 1.4520519920941764e-05 7.128786160951653e-08 2.8956780135502738e-08 1.8140521875020454e-08 0.0 
3.3584400997800366e-06 1.3751449094931425e-05 6.716744578765063e-08 2.7286140881167722e-08 1.7096028258987764e-08 0.0 
3.1775974304865955e-06 1.3032085457858126e-05 6.332790618463729e-08 2.5729452836154516e-08 1.612271747597047e-08 0.0 
3.0084698978150503e-06 1.2358560619679651e-05 5.97466684300711e-08 2.4277545510849718e-08 1.5214862620891694e-08 0.0 
2.8501509670627625e-06 1.17273605116323e-05 5.6403267843837556e-08 2.2922106470750587e-08 1.436727258388181e-08 0.0 
2.701820707109525e-06 1.113529712525775e-05 5.327935866429542e-08 2.16556813851634e-08 1.3575290817230469e-08 0.0 
2.5627474613160608e-06 1.0579498853474513e-05 5.035879128530902e-08 2.0471695323978282e-08 1.2834807206577305e-08 0.0 
2.432250739505475e-06 1.0057317682934176e-05 4.7626278595594865e-08 1.9363937628730918e-08 1.2141942593889903e-08 0.0 
2.3097032675972978e-06 9.566316002873324e-06 4.5067687839094276e-08 1.8326668697085136e-08 1.1493112565200121e-08 0.0 
2.1945309357633846e-06 9.104261180676304e-06 4.2670104398816746e-08 1.7354643352056183e-08 1.0885041304073427e-08 0.0 
2.0862052264270835e-06 8.669099795562733e-06 4.0421635645125924e-08 1.6443033875993216e-08 1.031471411719791e-08 0.0 
1.9842436333982476e-06 8.258958634657532e-06 3.831145190334699e-08 1.5587446501101326e-08 9.779387505254098e-09 0.0 
1.88821301047448e-06 7.872145759949365e-06 3.632984377091622e-08 1.4783939687246416e-08 9.276599732388268e-09 0.0 
1.7977098079040855e-06 7.507088781564987e-06 3.4467787958977844e-08 1.4028851323022149e-08 8.804063609763561e-09 0.0 
1.7123550604432442e-06 7.162319326508858e-06 3.271681720318217e-08 1.3318749013677388e-08 8.359635958633784e-09 0.0 
1.631792604473384e-06 6.836501567216023e-06 3.1068919151289854e-08 1.2650424674003774e-08 7.941319604548435e-09 0.0 
1.5557216164878563e-06 6.528560646897973e-06 2.9517323514688787e-08 1.202123278585815e-08 7.547477162910415e-09 0.0 
1.483820551313465e-06 6.237157117876235e-06 2.80549041272865e-08 1.1428188115405516e-08 7.176230272225275e-09 0.0 
1.4158232944483302e-06 5.9612136573293295e-06 2.6675932147099614e-08 1.0868944639187701e-08 6.826109232891115e-09 0.0 
1.3514853221932576e-06 5.699774104501565e-06 2.5375061887718044e-08 1.034134067456789e-08 6.495764222356258e-09 0.0 
1.2905737205351748e-06 5.451930961031981e-06 2.4147129573365495e-08 9.843282669597342e-09 6.183887815458637e-09 0.0 
1.2328737338426714e-06 5.216846360765231e-06 2.2987401934366674e-08 9.372852429635817e-09 5.889282039200976e-09 0.0 
1.1781894158709864e-06 4.9937486313249575e-06 2.189166358288263e-08 8.928341819667712e-09 5.6108793370153945e-09 0.0 
1.1263409646629003e-06 4.781939843804741e-06 2.0855961029348668e-08 8.50816251187066e-09 5.347689291660157e-09 0.0 
1.0772017543093447e-06 4.5809755266848924e-06 1.9877583961865565e-08 8.111315636959049e-09 5.099100270861596e-09 0.0 
1.0305770831738066e-06 4.3900578817297414e-06 1.8952165379517803e-08 7.735953718055405e-09 4.863948869317568e-09 0.0 
9.86292856676959e-07 4.208478944323553e-06 1.8075822166502274e-08 7.3804568657055466e-09 4.6412178647319725e-09 0.0 
9.442110945136224e-07 4.035698184683354e-06 1.7245524400215783e-08 7.043598107566948e-09 4.430140953822747e-09 0.0 
9.042032483778845e-07 3.871211536729319e-06 1.6458456928673593e-08 6.724237525949245e-09 4.230006166249591e-09 0.0 
8.661494653934974e-07 3.7145485771738583e-06 1.571200214152175e-08 6.421315267866431e-09 4.040151503906184e-09 0.0 
8.299379163465027e-07 3.5652699511051794e-06 1.500372428733253e-08 6.133845182940691e-09 3.859960971790373e-09 0.0 
7.954641823797357e-07 3.4229650200706348e-06 1.4331355183616816e-08 5.8609090267629865e-09 3.6888609615455917e-09 0.0 
7.626319391475447e-07 3.2872524922072803e-06 1.3692834950047192e-08 5.601671706906148e-09 3.5263294563715237e-09 0.0 
7.313514939776339e-07 3.157776404590487e-06 1.3086252952829374e-08 5.355358520939528e-09 3.371882120557537e-09 0.0 
7.015377032544845e-07 3.0342028544426404e-06 1.2509767494091334e-08 5.121226335469205e-09 3.2250550182314822e-09 0.0 
6.731121055945852e-07 2.916225958672739e-06 1.1961690267245511e-08 4.898598249457524e-09 3.085426094459312e-09 0.0 
6.460035845147895e-07 2.8035646584624394e-06 1.1440532979508858e-08 4.686878132047427e-09 2.9526233839633716e-09 0.0 
6.201479041722289e-07 2.6959628282783896e-06 1.0944983561210329e-08 4.485539592492728e-09 2.8263180622726066e-09 0.0 
5.954791451832788e-07 2.593159034589977e-06 1.0473630630378067e-08 4.294009468438488e-09 2.7061517087528327e-09 0.0 
5.719351723011415e-07 2.4949068713134916e-06 1.0025144897298574e-08 4.111748025835451e-09 2.5917868254024577e-09 0.0 
5.494575730435296e-07 2.400974559624512e-06 9.598279618714937e-09 3.93824919133952e-09 2.4829069654434665e-09 0.0 
5.279914011279366e-07 2.3111438162516487e-06 9.191864527167083e-09 3.773037901412385e-09 2.379215045520944e-09 0.0 
5.074849360944849e-07 2.225208300564271e-06 8.804805846891596e-09 3.615669810841824e-09 2.2804330962482743e-09 0.0 
4.878852806662597e-07 2.1429578236477575e-06 8.435975670104224e-09 3.465686612921976e-09 2.186274510310776e-09 0.0 
4.6913965263977223e-07 2.0641851150175734e-06 8.084215921754049e-09 3.3226190428775456e-09 2.0964462503450586e-09 0.0 
4.512049797572195e-07 1.988718488668952e-06 7.748619289743132e-09 3.1860996132096243e-09 2.0107185511857376e-09 0.0 
4.3404064845212915e-07 1.916395885560748e-06 7.428333617381593e-09 3.0557831891636636e-09 1.9288756054200425e-09 0.0 
4.17614801343011e-07 1.847089124015803e-06 7.122790542978216e-09 2.9314419184768257e-09 1.850774737676893e-09 0.0 
4.0190282928174053e-07 1.7807064540703294e-06 6.831611421080581e-09 2.8129325760284727e-09 1.7763271405328233e-09 0.0 
3.868657687630782e-07 1.7170753987216155e-06 6.553932303562054e-09 2.6998896289974125e-09 1.705302148935977e-09 0.0 
3.7246757581948414e-07 1.6560494207558638e-06 6.288953839259546e-09 2.5919861090321045e-09 1.637495110736955e-09 0.0 
3.5867522728040854e-07 1.597499469515037e-06 6.035947363941034e-09 2.4889281388680153e-09 1.5727226700967971e-09 0.0 
3.454571992684597e-07 1.5413024819250779e-06 5.794219852240756e-09 2.390436608828309e-09 1.5108107125768334e-09 0.0 
3.3278167583318246e-07 1.4873366238142954e-06 5.563074570443009e-09 2.2962338799212234e-09 1.4515863879402783e-09 0.0 
3.2062260868470253e-07 1.4354977337988632e-06 5.34197259995506e-09 2.2061021159015757e-09 1.3949134844417257e-09 0.0 
3.0895612214331056e-07 1.3856892902767687e-06 5.130426292075135e-09 2.119843404535096e-09 1.3406681076992082e-09 0.0 
2.9775959837890194e-07 1.3378198042589674e-06 4.927974609434603e-09 2.037270672866364e-09 1.2887331472109103e-09 0.0 
2.8701160229830554e-07 1.2918025206625709e-06 4.734181499241161e-09 1.95820702224125e-09 1.2389978601280014e-09 0.0 
2.766918114719997e-07 1.2475551395686364e-06 4.548634377335592e-09 1.882485108761475e-09 1.1913574834705922e-09 0.0 
2.667814557149243e-07 1.2050008040216257e-06 4.370958082589633e-09 1.8099522595833566e-09 1.1457163368103478e-09 0.0 
2.572704768736325e-07 1.1641105725362881e-06 4.200976234256115e-09 1.7405517964912563e-09 1.1020407185213211e-09 0.0 
2.4814420317529733e-07 1.1248285722734933e-06 4.038402329784357e-09 1.6741718464113338e-09 1.0602610388478663e-09 0.0 
2.393791324591499e-07 1.0870428858196024e-06 3.882754931098388e-09 1.6105998991814576e-09 1.0202420373107676e-09 0.0 
2.309585722796348e-07 1.0506852063260792e-06 3.7336928891552985e-09 1.549696810338076e-09 9.81896521027393e-10 0.0 
2.228671489074133e-07 1.0156937517004915e-06 3.590903006134025e-09 1.4913359681897522e-09 9.45145289123307e-10 0.0 
2.1509026492751824e-07 9.82009787337182e-07 3.454088731802593e-09 1.4353974921618078e-09 9.099133455432545e-10 0.0 
2.076140551301298e-07 9.495774574310711e-07 3.3229691847535074e-09 1.3817678404441428e-09 8.761296548898849e-10 0.0 
2.0042534518961656e-07 9.183436232506118e-07 3.1972782220813737e-09 1.3303394275381214e-09 8.437269025718287e-10 0.0 
1.935116340368164e-07 8.882583889034298e-07 3.0767644824843622e-09 1.2810113286870005e-09 8.126420266876825e-10 0.0 
1.8686131615347104e-07 8.592752080353239e-07 2.9612039649230067e-09 1.23369375772628e-09 7.828188819152422e-10 0.0 
1.8046311976389823e-07 8.31348060217711e-07 2.850373785933531e-09 1.1882962592834192e-09 7.54200789006677e-10 0.0 
1.7430614047545217e-07 8.044326342294582e-07 2.7440542916224152e-09 1.1447298345241427e-09 7.267320281343248e-10 0.0 
1.6838025752117208e-07 7.784874887749005e-07 2.6420456032805634e-09 1.1029134232669494e-09 7.003618115435737e-10 0.0 
1.626758332174069e-07 7.534732976639367e-07 2.5441640863658004e-09 1.0627731500575705e-09 6.750438738432585e-10 0.0 
1.5718302825722483e-07 7.293505142790129e-07 2.4502101099588703e-09 1.0242287906959725e-09 6.507280771814945e-10 0.0 
1.518930280430869e-07 7.060835446691356e-07 2.360006273527014e-09 9.872092203380437e-10 6.273699833658208e-10 0.0 
1.467971189204173e-07 6.836368481726027e-07 2.273377478054713e-09 9.516434784347394e-10 6.049251615910075e-10 0.0 
1.4188706509147538e-07 6.619785413862233e-07 2.1901608427403623e-09 9.174671703301645e-10 5.833535525923313e-10 0.0 
1.371554942714796e-07 6.410798818049808e-07 2.110214462672975e-09 8.846243213923502e-10 5.626203266496286e-10 0.0 
1.3259756365288935e-07 6.209165141172727e-07 2.033456880415843e-09 8.530791709854084e-10 5.427024947763217e-10 0.0 
1.2820680425074847e-07 6.014612360367773e-07 1.9597615896129007e-09 8.227799486725621e-10 5.235675343000257e-10 0.0 
1.2397688487117228e-07 5.826875880344185e-07 1.8890033400361515e-09 7.936755005432736e-10 5.051833493623242e-10 0.0 
1.199015136270091e-07 5.645696203676569e-07 1.8210575243585468e-09 7.657151414001598e-10 4.875181662116191e-10 0.0 
1.1597463897012891e-07 5.4708232412478e-07 1.7558047416853922e-09 7.388503169870846e-10 4.705415464651197e-10 0.0 
1.1219042602198879e-07 5.302017164102566e-07 1.6931300697891376e-09 7.13034360315992e-10 4.5422424137820277e-10 0.0 
1.0854271376208178e-07 5.139021519086308e-07 1.632910884394501e-09 6.882171935415677e-10 4.3853484458597166e-10 0.0 
1.0502452221419307e-07 4.981539950562773e-07 1.5750059502013085e-09 6.643406656502482e-10 4.234368558295446e-10 0.0 
1.0162987854154771e-07 4.829336395936146e-07 1.5192977915331249e-09 6.413578402895414e-10 4.0890095515356114e-10 0.0 
9.835270817264124e-08 4.6821768240100245e-07 1.4656673950782135e-09 6.192216079028345e-10 3.948977666706984e-10 0.0 
9.51884295286793e-08 4.539870377229937e-07 1.4140275470252509e-09 5.978965438887621e-10 3.8140506614075363e-10 0.0 
9.213267744306318e-08 4.402234794690523e-07 1.364295447008183e-09 5.773490023267434e-10 3.6840174118132815e-10 0.0 
8.91812763914317e-08 4.26909556140837e-07 1.316392136816889e-09 5.575469000092409e-10 3.5586765825446657e-10 0.0 
8.633023129768982e-08 4.1402855393184244e-07 1.270242303910647e-09 5.384596363918067e-10 3.437836125824935e-10 0.0 
8.357599169119156e-08 4.0156661276715775e-07 1.225780920919774e-09 5.200617752033644e-10 3.321337636158842e-10 0.0 
8.091616952155618e-08 3.8952024260536067e-07 1.1829676883216488e-09 5.02342479198522e-10 3.20912058560678e-10 0.0 
7.834651426115055e-08 3.778669261974866e-07 1.1417222981586012e-09 4.852651899966845e-10 3.1009500024466467e-10 0.0 
7.586337811894839e-08 3.665879210563362e-07 1.1019791751303373e-09 4.68800601802408e-10 2.9966380079245567e-10 0.0 
7.346376941871348e-08 3.556705980548877e-07 1.0636843584623219e-09 4.52926784643233e-10 2.8960467784871827e-10 0.0 
7.114691634236642e-08 3.45110100355606e-07 1.0268417634137534e-09 4.376445744832545e-10 2.799179110940883e-10 0.0 
6.89102718780941e-08 3.3489609079334315e-07 9.914069503881752e-10 4.2293636321259487e-10 2.7059247812726705e-10 0.0 
6.675072026473062e-08 3.2501675741752866e-07 9.5731760598486e-10 4.0877786569607363e-10 2.6161330344326845e-10 0.0 
6.466491964906609e-08 3.154584681488302e-07 9.245062060050845e-10 3.9514179615152803e-10 2.5296331994101497e-10 0.0 
6.264975394752516e-08 3.062082714923883e-07 8.929109362987386e-10 3.8200302188289245e-10 2.446267793718034e-10 0.0 
6.0701829187477e-08 2.9725234128671707e-07 8.62465117084229e-10 3.693347928557282e-10 2.3658695803462963e-10 0.0 
5.8818236591146835e-08 2.885785980152471e-07 8.331134180620176e-10 3.5711481547707183e-10 2.288298875012641e-10 0.0 
5.6996668984886035e-08 2.801774131361977e-07 8.048139759563393e-10 3.453262907605516e-10 2.2134505599374807e-10 0.0 
5.523490871922652e-08 2.7203935252046694e-07 7.775262448295458e-10 3.339526942326411e-10 2.141220778645432e-10 0.0 
5.353082121429525e-08 2.6415506254927883e-07 7.512106892736277e-10 3.229775400834167e-10 2.0715052654648906e-10 0.0 
5.188235915704764e-08 2.565157906150331e-07 7.258300007818534e-10 3.1238558288770075e-10 2.0042081149636519e-10 0.0 
5.02875552925183e-08 2.491131316202674e-07 7.013484508917589e-10 3.0216224022457304e-10 1.9392376135575356e-10 0.0 
4.8744523848795194e-08 2.4193916601882065e-07 6.777320788562504e-10 2.922938413860644e-10 1.8765079982741822e-10 0.0 
4.7251445852833406e-08 2.3498625158954858e-07 6.549481384301018e-10 2.8276720052696413e-10 1.8159365426073645e-10 0.0 
4.580655018676822e-08 2.282467632447192e-07 6.329645933945643e-10 2.735691949195538e-10 1.757440640612415e-10 0.0 
4.44083060096616e-08 2.217138892618829e-07 6.117536658337354e-10 2.6468833289080604e-10 1.7009477947780499e-10 0.0 
4.305546292169355e-08 2.1538175366459192e-07 5.912924757089083e-10 2.5611498672677276e-10 1.646397046369585e-10 0.0 
4.174637012206216e-08 2.0924333028114325e-07 5.715517753220826e-10 2.4783722571851187e-10 1.5937133201914446e-10 0.0 
4.047939916575472e-08 2.0329173722328973e-07 5.525029570630274e-10 2.398434141775614e-10 1.5428234255159764e-10 0.0 
3.925326173859589e-08 1.9752195380212443e-07 5.341237260006797e-10 2.321249311254859e-10 1.4936736431113238e-10 0.0 
3.806685001655532e-08 1.9192960765216124e-07 5.163959750932915e-10 2.2467478820368894e-10 1.4462203317961882e-10 0.0 
3.69188743792945e-08 1.8650911913125784e-07 4.99297183167343e-10 2.1748378452289777e-10 1.4004055044375136e-10 0.0 
3.580801011980311e-08 1.812547927548014e-07 4.828035529394946e-10 2.105421873788755e-10 1.356167893484903e-10 0.0 
