5.0748604118430014e-05 0.00013534319696553254 3.3063218284445737e-06 1.6202448498717268e-06 1.043428460155548e-06 0.0 
4.9990505096439006e-05 0.00013350716637851532 3.242351734940006e-06 1.5869884025381502e-06 1.0217241941700742e-06 0.0 
4.9246945355838556e-05 0.00013170441010655807 3.1798447058619406e-06 1.5545272619683215e-06 1.0005445127177235e-06 0.0 
4.8517817472248066e-05 0.0001299346761783366 3.118783020080982e-06 1.5228524793238452e-06 9.798836734169673e-07 0.0 
4.780280289235574e-05 0.00012819725985691125 3.0591288844492843e-06 1.4919425475972725e-06 9.597272888150657e-07 0.0 
4.7101330112018255e-05 0.00012649093253013145 3.0008211426245703e-06 1.461762507197782e-06 9.400520142809014e-07 0.0 
4.641326099055586e-05 0.00012481554243185523 2.9438260428714566e-06 1.4322933770011529e-06 9.208455216381222e-07 0.0 
4.5738302398858986e-05 0.0001231704920665394 2.888103943341492e-06 1.4035122815395633e-06 9.020925241472074e-07 0.0 
4.507615311312785e-05 0.00012155515842291069 2.833615691361166e-06 1.3753966328793782e-06 8.837779078732712e-07 0.0 
4.442652087029919e-05 0.00011996887840769086 2.780327847846155e-06 1.3479271529357993e-06 8.658887279020845e-07 0.0 
4.3789149089921456e-05 0.00011841098552755922 2.7282303119915507e-06 1.3210986737699736e-06 8.48421442643454e-07 0.0 
4.316380472099518e-05 0.00011688090642274633 2.6773149804522782e-06 1.2949083714355586e-06 8.313742942991411e-07 0.0 
4.255029404248509e-05 0.00011537824957714734 2.62755811571538e-06 1.2693428749773409e-06 8.147383855864349e-07 0.0 
4.194844541581452e-05 0.00011390266431890057 2.578942380025085e-06 1.2443923482188296e-06 7.985071480988365e-07 0.0 
4.135778636622998e-05 0.00011245312608205176 2.5314084898319187e-06 1.2200229853066643e-06 7.826580970150617e-07 0.0 
4.0777952662694966e-05 0.00011102883628688735 2.4849116376082953e-06 1.1962093582642355e-06 7.671743165662503e-07 0.0 
4.020870003809934e-05 0.0001096292392969494 2.4394243079873406e-06 1.172935954068751e-06 7.520454613568947e-07 0.0 
3.964979053324445e-05 0.0001082537932407054 2.394919799413826e-06 1.1501877395816784e-06 7.372615104079302e-07 0.0 
3.910120837345561e-05 0.00010690269047408076 2.3513794922759724e-06 1.1279547574191794e-06 7.228161202490144e-07 0.0 
3.856397567882993e-05 0.00010557757339648121 2.3090189734408116e-06 1.1063587011833487e-06 7.087892714823347e-07 0.0 
3.8037829931281185e-05 0.00010427777233486455 2.2678067083073572e-06 1.0853793737061443e-06 6.951671855979293e-07 0.0 
3.7521211324237015e-05 0.00010300082873137219 2.227439698176777e-06 1.064849729310558e-06 6.81840565232211e-07 0.0 
3.7013888220910755e-05 0.00010174624400761226 2.187888726292753e-06 1.0447535130156377e-06 6.687986183658914e-07 0.0 
3.6515646761432054e-05 0.00010051349693286712 2.1491337237042155e-06 1.025079488570658e-06 6.560338238369487e-07 0.0 
3.602626810646684e-05 9.93020472593096e-05 2.1111549565624564e-06 1.0058166284471925e-06 6.435388038063793e-07 0.0 
3.554562830464563e-05 9.811163336653398e-05 2.073937250049681e-06 9.86956780470894e-07 6.313082464254626e-07 0.0 
3.507359537159637e-05 9.694195650432014e-05 2.037466776359412e-06 9.684924285387153e-07 6.193372120951648e-07 0.0 
3.4610165286061865e-05 9.579297137667214e-05 2.00174751918397e-06 9.504264209667275e-07 6.07627676824546e-07 0.0 
3.415526382409907e-05 9.466449856528126e-05 1.9667729261486244e-06 9.327555595700505e-07 5.961775733357565e-07 0.0 
3.37086626946631e-05 9.355599177765511e-05 1.932521129284293e-06 9.154674836429314e-07 5.849786212269247e-07 0.0 
3.3270139832211536e-05 9.24669187598724e-05 1.8989709572938702e-06 8.985502455908625e-07 5.740228206294683e-07 0.0 
3.283948579211904e-05 9.139676858521925e-05 1.8661033585919332e-06 8.819930664729577e-07 5.63302941619268e-07 0.0 
3.2417286146663945e-05 9.034596163896911e-05 1.8340674535133963e-06 8.658739147217905e-07 5.528692178543889e-07 0.0 
3.200404983522396e-05 8.931604109102725e-05 1.8028718557828609e-06 8.50199497252895e-07 5.427269174732198e-07 0.0 
3.1599952582752235e-05 8.830863070505217e-05 1.7724307414863923e-06 8.349300971524809e-07 5.328517318633762e-07 0.0 
3.120416167524941e-05 8.732139471137501e-05 1.74269639549664e-06 8.200353187021303e-07 5.232222698954052e-07 0.0 
3.081545010647051e-05 8.63510488758768e-05 1.7135829719897169e-06 8.054649345699075e-07 5.138045869822718e-07 0.0 
3.0433660078846093e-05 8.539727294550982e-05 1.685072880895978e-06 7.912092176537001e-07 5.045922703371678e-07 0.0 
3.0058723760248683e-05 8.446000586813434e-05 1.6571540908131545e-06 7.772617000085305e-07 4.955811227879306e-07 0.0 
2.9690393346012204e-05 8.353860254097187e-05 1.6298074326248385e-06 7.636115809276155e-07 4.867639170787403e-07 0.0 
2.9328594750384166e-05 8.26328670486151e-05 1.6030306458050811e-06 7.50257982536818e-07 4.781400894443294e-07 0.0 
2.897332011620325e-05 8.174279637986129e-05 1.5768256720164435e-06 7.372024809645822e-07 4.697107326594399e-07 0.0 
2.862438472970933e-05 8.086796152826147e-05 1.55117389808261e-06 7.244346989982415e-07 4.614689467646099e-07 0.0 
2.828164130032825e-05 8.000807043886535e-05 1.5260570904547473e-06 7.119452731740202e-07 4.5340867223065415e-07 0.0 
2.794505124151578e-05 7.916306325065665e-05 1.5014685199799832e-06 6.997311175125286e-07 4.4552800353439044e-07 0.0 
2.7614512749511195e-05 7.833269812071935e-05 1.4773985592035899e-06 6.877869784342682e-07 4.378234516789446e-07 0.0 
2.72899328990235e-05 7.751675256673925e-05 1.4538389016659705e-06 6.761084229898642e-07 4.302920811410568e-07 0.0 
2.6971174802020735e-05 7.671491808597147e-05 1.4307742321449835e-06 6.646869535887282e-07 4.2292826496690827e-07 0.0 
2.665816782225474e-05 7.592716187512833e-05 1.4081909793153933e-06 6.535152146986356e-07 4.1572720692915465e-07 0.0 
2.6350896033293783e-05 7.515359915777152e-05 1.386080326261855e-06 6.425883392930076e-07 4.0868575404339804e-07 0.0 
2.6049237654831518e-05 7.43939212665685e-05 1.364430434286813e-06 6.318996239156088e-07 4.017994389139875e-07 0.0 
2.5753117313224526e-05 7.364786376718036e-05 1.34323848983935e-06 6.214469488915878e-07 3.9506674493425595e-07 0.0 
2.5462492201435592e-05 7.291520804797069e-05 1.3225062315151115e-06 6.112304447963118e-07 3.884875959769614e-07 0.0 
2.517724879061018e-05 7.219563985743525e-05 1.302223042877187e-06 6.012439850743237e-07 3.8205789169410977e-07 0.0 
2.489728359422526e-05 7.148888686270119e-05 1.2823785503283802e-06 5.914816084434492e-07 3.757736475679775e-07 0.0 
2.4622352813997912e-05 7.079437327036876e-05 1.2629488031594433e-06 5.819303743222937e-07 3.696263569668773e-07 0.0 
2.435233598150499e-05 7.011179693289413e-05 1.2439235753907102e-06 5.725852463637242e-07 3.6361278634370745e-07 0.0 
2.4087133249439553e-05 6.944095686248004e-05 1.225291650844113e-06 5.634404630977485e-07 3.5772919476859796e-07 0.0 
2.3826545705793896e-05 6.878161548338497e-05 1.2070259484380612e-06 5.544828103187185e-07 3.519671530214874e-07 0.0 
2.35704908616818e-05 6.813360311991212e-05 1.1891174245709026e-06 5.457074979349364e-07 3.463235277266495e-07 0.0 
2.3318894051261385e-05 6.749673951349432e-05 1.1715588103280773e-06 5.371105488608173e-07 3.4079568931399534e-07 0.0 
2.307168287115752e-05 6.687084840004027e-05 1.1543430414579654e-06 5.286880999174116e-07 3.3538108414379426e-07 0.0 
2.282879299855038e-05 6.625576491892208e-05 1.1374636300125788e-06 5.204365781818481e-07 3.300773486123695e-07 0.0 
2.2590156600970996e-05 6.565132241794442e-05 1.1209139206124485e-06 5.123523466398158e-07 3.248820797265874e-07 0.0 
2.235570537813954e-05 6.505735599574007e-05 1.1046872777845063e-06 5.044317928487841e-07 3.1979289245868575e-07 0.0 
2.2125431705153368e-05 6.447387165102766e-05 1.0887807075202513e-06 4.966734497396817e-07 3.1480886037597394e-07 0.0 
2.189933709171933e-05 6.390092808748139e-05 1.073190203039522e-06 4.890755945385207e-07 3.0992895963252895e-07 0.0 
2.1677220474185264e-05 6.333804404892328e-05 1.0578986063962292e-06 4.81629151695596e-07 3.051472462409436e-07 0.0 
2.145906941448189e-05 6.278532303437891e-05 1.0428992168073888e-06 4.74330783781356e-07 3.004616171834738e-07 0.0 
2.1245627520636678e-05 6.22452508172909e-05 1.0282177411522299e-06 4.671966573467583e-07 2.958834312225638e-07 0.0 
2.103769832990261e-05 6.171943012100482e-05 1.0139628977265789e-06 4.6028410507639295e-07 2.9144972610437997e-07 0.0 
2.08345499536752e-05 6.120564794786059e-05 1.0000929027974363e-06 4.5356806358961637e-07 2.8714343595913716e-07 0.0 
2.063500529848616e-05 6.070110077685342e-05 9.86484797800638e-07 4.469833991164156e-07 2.8292216519338e-07 0.0 
2.0439111827872454e-05 6.020569505056364e-05 9.73145709262118e-07 4.405328080218658e-07 2.7878751729353203e-07 0.0 
2.0246780233390817e-05 5.971922681420114e-05 9.60067362835351e-07 4.3421192226523593e-07 2.747366260450632e-07 0.0 
2.0057913677523384e-05 5.9241481857808e-05 9.472407269971524e-07 4.280160352944518e-07 2.707664135667604e-07 0.0 
1.9872423675253523e-05 5.877225747184507e-05 9.346576164034737e-07 4.2194085733313866e-07 2.6687407150257753e-07 0.0 
1.9690201885649416e-05 5.831136248286297e-05 9.223080672637928e-07 4.159813456020014e-07 2.630563271236432e-07 0.0 
1.9511136389810382e-05 5.7858696134713595e-05 9.101833020528594e-07 4.101333211993114e-07 2.5931050553385013e-07 0.0 
1.9335177139858283e-05 5.741411750965983e-05 8.982816300953725e-07 4.0439582767006214e-07 2.556359480221781e-07 0.0 
1.9162262341213034e-05 5.6977458466271634e-05 8.865981591917754e-07 3.987661926785463e-07 2.520308846595939e-07 0.0 
1.8992317687371344e-05 5.654853228643952e-05 8.751273806214593e-07 3.9324151433602843e-07 2.4849340596541976e-07 0.0 
1.8825338342665036e-05 5.6127340083075606e-05 8.638676096655363e-07 3.8782109438420783e-07 2.4502309633826993e-07 0.0 
1.8661491593218243e-05 5.571434428184278e-05 8.528289298610576e-07 3.8251093561394526e-07 2.416240308295416e-07 0.0 
1.8500762105463015e-05 5.530951342138608e-05 8.420088626049435e-07 3.7730974911181436e-07 2.3829537065732679e-07 0.0 
1.8343102716334594e-05 5.491273292380552e-05 8.31402553901979e-07 3.72214897049139e-07 2.3503537601865278e-07 0.0 
1.8188468299737014e-05 5.4523890967130646e-05 8.210052992691092e-07 3.6722382291361675e-07 2.3184236102614934e-07 0.0 
1.8036814670573743e-05 5.4142878377916766e-05 8.108125073817697e-07 3.623340339217237e-07 2.2871468215748304e-07 0.0 
1.7888098033281893e-05 5.376958915157549e-05 8.008196781965664e-07 3.5754309052553105e-07 2.2565073138631944e-07 0.0 
1.774228819100146e-05 5.340397748800076e-05 7.910226613280151e-07 3.528487835500682e-07 2.2264906677590608e-07 0.0 
1.759960006266393e-05 5.304643345692911e-05 7.814505739743965e-07 3.482654470844421e-07 2.1971882295535234e-07 0.0 
1.7460566989536785e-05 5.269782739252726e-05 7.721763469424615e-07 3.438284543683428e-07 2.16882467608034e-07 0.0 
1.732454736020628e-05 5.235709035105945e-05 7.631112014104626e-07 3.3949408613999425e-07 2.1411210947234494e-07 0.0 
1.7191388290908827e-05 5.202398156356081e-05 7.542345368942792e-07 3.352524952139335e-07 2.11401501560401e-07 0.0 
1.706103629438224e-05 5.1698366632617195e-05 7.455418694654796e-07 3.311012128483678e-07 2.0874900973258664e-07 0.0 
1.6933317349036557e-05 5.137978711019451e-05 7.370205238690772e-07 3.270335812527875e-07 2.0615028104201934e-07 0.0 
1.6808152015681902e-05 5.106805303431652e-05 7.28663566985852e-07 3.230459828424311e-07 2.0360295620105568e-07 0.0 
1.6685457936682793e-05 5.0762989823866926e-05 7.204644991619865e-07 3.19135083890448e-07 2.0110486383625205e-07 0.0 
1.6565195339238205e-05 5.046455944268447e-05 7.124188453748809e-07 3.152985716280155e-07 1.986545047140853e-07 0.0 
1.644739752706082e-05 5.017289267958515e-05 7.045275589720568e-07 3.1153719525891657e-07 1.9625241989562176e-07 0.0 
1.633206839442874e-05 4.98880184827402e-05 6.967898383612159e-07 3.0785058978486874e-07 1.9389838473295441e-07 0.0 
1.6219215452038817e-05 4.960995487604051e-05 6.892047516668845e-07 3.042381390474147e-07 1.915919831841567e-07 0.0 
1.6108957867532622e-05 4.933900566566867e-05 6.817803145354866e-07 3.0070378459810436e-07 1.893357611767957e-07 0.0 
1.6001723858358722e-05 4.907678033809403e-05 6.745309538380208e-07 2.9725601768668904e-07 1.8713554443813272e-07 0.0 
1.5897623946337306e-05 4.8823771261245756e-05 6.674576459552426e-07 2.9389563111495326e-07 1.8499191313551293e-07 0.0 
1.579639016433002e-05 4.857896608164087e-05 6.605524015162341e-07 2.9061760532006044e-07 1.8290135549811937e-07 0.0 
1.56977052434586e-05 4.83412156863121e-05 6.53803855476499e-07 2.8741529463485563e-07 1.8085937321459828e-07 0.0 
1.5601527885134366e-05 4.811042922120567e-05 6.472084220147163e-07 2.8428677926450597e-07 1.7886470577938087e-07 0.0 
1.550782624009259e-05 4.788653829874742e-05 6.407628779041059e-07 2.81230340071441e-07 1.7691622570099376e-07 0.0 
1.5416567768073593e-05 4.766947284821488e-05 6.344639522281961e-07 2.782442352253311e-07 1.7501279122281584e-07 0.0 
1.532761205652081e-05 4.745888099104151e-05 6.283007159403347e-07 2.7532281849965246e-07 1.7315073344523455e-07 0.0 
1.5240859123486641e-05 4.725451477449298e-05 6.222652419213831e-07 2.724619805829955e-07 1.713273787243788e-07 0.0 
1.5156271694950248e-05 4.705628952074352e-05 6.163541057184827e-07 2.696599113411438e-07 1.6954154211011733e-07 0.0 
1.507381358244425e-05 4.686412337681998e-05 6.105639671980227e-07 2.6691484465786184e-07 1.6779206743310894e-07 0.0 
1.4993447450728859e-05 4.667793359075142e-05 6.04891353170073e-07 2.642249637990137e-07 1.6607776847961805e-07 0.0 
1.4915111356678434e-05 4.649759714868903e-05 5.993303393794674e-07 2.615873867907517e-07 1.6439679774546239e-07 0.0 
1.4838759330981474e-05 4.6323017977574226e-05 5.938764524295872e-07 2.589998482206314e-07 1.6274768911313425e-07 0.0 
1.47643535158143e-05 4.6154114326186876e-05 5.885259843522056e-07 2.5646041936375406e-07 1.6112918648953642e-07 0.0 
1.4692283685539631e-05 4.599182519640942e-05 5.833124985642137e-07 2.5398620120722264e-07 1.5955232010798116e-07 0.0 
1.462303080853174e-05 4.583729041637349e-05 5.782768783793927e-07 2.515973251419585e-07 1.5802997548484535e-07 0.0 
1.4556021637919139e-05 4.5689178976950945e-05 5.733665773415365e-07 2.4926722680598563e-07 1.565450763572065e-07 0.0 
1.4491236640465331e-05 4.554746886202857e-05 5.685780016144773e-07 2.469940680017346e-07 1.5509644447527802e-07 0.0 
1.4428705207533841e-05 4.5412247098242365e-05 5.639119334407758e-07 2.447780573095988e-07 1.5368419132755928e-07 0.0 
1.4368515482844619e-05 4.528378883827437e-05 5.593715232248098e-07 2.4262078692604156e-07 1.5230936383242212e-07 0.0 
1.4310764117384923e-05 4.516240105894229e-05 5.549601696775286e-07 2.405240069652185e-07 1.5097311784020373e-07 0.0 
1.4255469160141441e-05 4.504814996949189e-05 5.506773907703477e-07 2.3848728040706693e-07 1.4967514502124424e-07 0.0 
1.4202586258671502e-05 4.494100599141047e-05 5.465167573332084e-07 2.3650755121851394e-07 1.4841350260708748e-07 0.0 
1.4152016164645488e-05 4.4840874289793975e-05 5.424666693545719e-07 2.3457953020350095e-07 1.4718486202028989e-07 0.0 
1.4103722539357228e-05 4.474771503967001e-05 5.385243014175845e-07 2.3270179163940918e-07 1.459882980908563e-07 0.0 
1.4057693731365518e-05 4.4661523985447125e-05 5.346892540205029e-07 2.3087400986203063e-07 1.448235772805176e-07 0.0 
1.4013951630595532e-05 4.458237793382206e-05 5.309620996325523e-07 2.2909629966081768e-07 1.4369074841539414e-07 0.0 
1.3972503139820937e-05 4.45103350604481e-05 5.273416394201522e-07 2.2736797173499365e-07 1.4258935524572825e-07 0.0 
1.393331762218418e-05 4.444532171133265e-05 5.23825275199251e-07 2.2568756691069048e-07 1.4151843035067517e-07 0.0 
1.3896337717248966e-05 4.4387174970039095e-05 5.204094357376478e-07 2.2405309437254515e-07 1.4047665410914542e-07 0.0 
1.3861566062938188e-05 4.433594015757888e-05 5.170928298793267e-07 2.2246380514668062e-07 1.3946352977477103e-07 0.0 
1.3829014470491914e-05 4.42916872869934e-05 5.138743945982487e-07 2.2091908203607e-07 1.3847865207201065e-07 0.0 
1.3798886575063457e-05 4.425548686070439e-05 5.107567354905855e-07 2.1942082577986034e-07 1.3752340140520273e-07 0.0 
1.3771267919690843e-05 4.4227714212243954e-05 5.077416990770833e-07 2.1797005998439222e-07 1.365984568425183e-07 0.0 
1.3746094537472824e-05 4.420799687768431e-05 5.04827429562958e-07 2.1656547329094007e-07 1.3570289089304114e-07 0.0 
1.3723265173529287e-05 4.4195812110732774e-05 5.020113201562429e-07 2.1520528059464567e-07 1.3483546035728893e-07 0.0 
1.3702854523569006e-05 4.419140810258901e-05 4.992967977326462e-07 2.1389125979699284e-07 1.3399732910032532e-07 0.0 
1.3684901019811414e-05 4.419494061967468e-05 4.966840250126705e-07 2.1262345144113193e-07 1.3318852581455518e-07 0.0 
1.3669428562792293e-05 4.420652031439019e-05 4.941724263052252e-07 2.114014576436069e-07 1.3240878267542945e-07 0.0 
1.3656463236530824e-05 4.4226265547200385e-05 4.917614951930227e-07 2.1022491164812633e-07 1.3165785165698913e-07 0.0 
1.3646019519773169e-05 4.4254267905709e-05 4.894498179300632e-07 2.0909305989789e-07 1.3093524607570735e-07 0.0 
1.3638670998330909e-05 4.429181575735187e-05 4.8728790718952e-07 2.08029654051575e-07 1.3025599198189588e-07 0.0 
1.3634512325779892e-05 4.433916958758576e-05 4.852797088223261e-07 2.0703598571575925e-07 1.2962083423699362e-07 0.0 
1.3633009712507984e-05 4.439528253882417e-05 4.833732509584569e-07 2.0608784919421266e-07 1.2901449551943347e-07 0.0 
1.363418322273139e-05 4.4460268390945134e-05 4.815671568418406e-07 2.051844646330655e-07 1.2843646786764912e-07 0.0 
1.363808170632235e-05 4.45343249425807e-05 4.79862094313198e-07 2.0432599552594656e-07 1.2788683838464484e-07 0.0 
1.3644755347490339e-05 4.461765181016817e-05 4.782586909415061e-07 2.0351258244247008e-07 1.2736567880384372e-07 0.0 
1.3654198868972139e-05 4.471028145649059e-05 4.767548698062549e-07 2.0274304010836285e-07 1.2687220530502038e-07 0.0 
1.3666366924431618e-05 4.481211865127617e-05 4.753465401185124e-07 2.0201513292731865e-07 1.264049496476993e-07 0.0 
1.368130321785557e-05 4.492334535897599e-05 4.740337600926291e-07 2.0132870461971117e-07 1.2596379026627212e-07 0.0 
1.3699173955921367e-05 4.5044355410603174e-05 4.728261870054047e-07 2.0068777206741178e-07 1.2555120916438032e-07 0.0 
1.372015648834579e-05 4.5175639556523525e-05 4.717324716726379e-07 2.00096022819305e-07 1.2516951046456726e-07 0.0 
1.3744316777726349e-05 4.531753012043117e-05 4.707517313432208e-07 1.9955303053209883e-07 1.2481843973689463e-07 0.0 
1.3771702130121402e-05 4.547027834952949e-05 4.6988263303147833e-07 1.9905805584540992e-07 1.244975204468076e-07 0.0 
1.3802366651462192e-05 4.563416131591688e-05 4.691239286100145e-07 1.9861039731317885e-07 1.242063006215921e-07 0.0 
1.3836348544939871e-05 4.5809435875699576e-05 4.6847346406856227e-07 1.982089845266212e-07 1.2394410047036047e-07 0.0 
1.3873660753712146e-05 4.599631876641725e-05 4.67928309339379e-07 1.978524705464937e-07 1.2371007269520082e-07 0.0 
1.3914414669096965e-05 4.619524583792336e-05 4.6749062571594116e-07 1.9754172879137492e-07 1.2350476618544266e-07 0.0 
1.395879452224903e-05 4.64069138595905e-05 4.671649968754581e-07 1.9727895880612754e-07 1.233296151404764e-07 0.0 
1.400707976144174e-05 4.663223537663659e-05 4.669631367112832e-07 1.9706975897829243e-07 1.2318820826486264e-07 0.0 
1.4060280289512224e-05 4.687414436713381e-05 4.6694068115352637e-07 1.969411588190122e-07 1.2309787058096967e-07 0.0 
1.4117916730997166e-05 4.713133641950037e-05 4.670671846678312e-07 1.9687733203508888e-07 1.2304831588330492e-07 0.0 
1.4179816135410678e-05 4.7403457013309886e-05 4.6732754318662753e-07 1.9687069291602967e-07 1.2303466654995813e-07 0.0 
1.424617667916631e-05 4.769146503639892e-05 4.6772572465935355e-07 1.9692309870024e-07 1.2305813383727451e-07 0.0 
1.4317157103976062e-05 4.799612088899809e-05 4.682647787773005e-07 1.970358067087467e-07 1.2311951258566646e-07 0.0 
1.4392858370992539e-05 4.831766782137748e-05 4.6894711938048715e-07 1.9720940073467347e-07 1.2321909195769057e-07 0.0 
1.4473423225010353e-05 4.8656376393686275e-05 4.697778628725898e-07 1.9744583964004203e-07 1.2335805490493805e-07 0.0 
1.4559044027668219e-05 4.901301469944433e-05 4.7076084649040874e-07 1.9774681734389443e-07 1.2353748667343333e-07 0.0 
1.4649901705803667e-05 4.93882831106408e-05 4.718994774299879e-07 1.981136028366038e-07 1.2375816640838374e-07 0.0 
1.4746181336621968e-05 4.978288248573807e-05 4.7319731844019867e-07 1.9854748787826962e-07 1.2402087951132659e-07 0.0 
1.4848090134997857e-05 5.019757327636189e-05 4.746589937241488e-07 1.9905021033130714e-07 1.2432668893175427e-07 0.0 
1.4955849477166884e-05 5.0633165647142624e-05 4.762895931877198e-07 1.9962370097534688e-07 1.2467677759429863e-07 0.0 
1.5069694614411905e-05 5.1090522429355785e-05 4.78095379986746e-07 2.002704400389607e-07 1.2507267539572838e-07 0.0 
1.5189869853070874e-05 5.157055616926833e-05 4.800819785587507e-07 2.0099259078533737e-07 1.2551571186271958e-07 0.0 
1.531664645506458e-05 5.207428775646252e-05 4.822552351610055e-07 2.0179245284781157e-07 1.2600731402775576e-07 0.0 
1.545038674117263e-05 5.260308310106082e-05 4.846238436468105e-07 2.0267393729676905e-07 1.265499899454955e-07 0.0 
1.5591372532506183e-05 5.3158088010095856e-05 4.871927606956749e-07 2.0363906039389737e-07 1.2714500949641345e-07 0.0 
1.5739918183043417e-05 5.3740520609091865e-05 4.899682211957434e-07 2.0469025731138945e-07 1.2779388425832196e-07 0.0 
1.5896426814254683e-05 5.435181542572079e-05 4.929624790927911e-07 2.058326068035961e-07 1.2849977699661174e-07 0.0 
1.606138786576915e-05 5.4993624417657324e-05 4.961933025796293e-07 2.0707357614959877e-07 1.292673382224836e-07 0.0 
1.6235273961971232e-05 5.5667647418668495e-05 4.996727017030465e-07 2.0841801541969687e-07 1.3009958303222778e-07 0.0 
1.6418574653845096e-05 5.63756493867877e-05 5.034132403200136e-07 2.0987097677460835e-07 1.3099964849902527e-07 0.0 
1.661179988648676e-05 5.7119475381369184e-05 5.074281306755828e-07 2.1143775804545363e-07 1.3197082132534416e-07 0.0 
1.6815490448999712e-05 5.790109854491174e-05 5.117311780085253e-07 2.1312389025756456e-07 1.3301653289648988e-07 0.0 
1.7030229143688102e-05 5.8722647530029363e-05 5.163372699731892e-07 2.1493534837781857e-07 1.3414049180727906e-07 0.0 
1.725653281361347e-05 5.958628657201511e-05 5.212534674818806e-07 2.1687495166957777e-07 1.3534448773427567e-07 0.0 
1.7494826368452422e-05 6.0493897861128604e-05 5.264820226954531e-07 2.1894323403411577e-07 1.3662884993788851e-07 0.0 
1.7745689314129543e-05 6.1447680067795e-05 5.320351854271994e-07 2.2114476594677378e-07 1.3799637809263124e-07 0.0 
1.8009849149776234e-05 6.245037600841169e-05 5.379298972687747e-07 2.2348631443574323e-07 1.3945127805940822e-07 0.0 
1.8288092382250248e-05 6.350494792744697e-05 5.441844897654805e-07 2.2597520223357733e-07 1.409981009715994e-07 0.0 
1.8581270429063905e-05 6.461460648005266e-05 5.508188270984254e-07 2.286193714846205e-07 1.4264178405108564e-07 0.0 
1.8890538579276077e-05 6.578343932683765e-05 5.578693467501978e-07 2.3143433587745655e-07 1.4439204498767227e-07 0.0 
1.9218063922903864e-05 6.701825615840367e-05 5.654326674695696e-07 2.3446292274354506e-07 1.4627580695400078e-07 0.0 
1.9564230728668164e-05 6.832155479345916e-05 5.734885437235448e-07 2.3769447557486087e-07 1.482862790708645e-07 0.0 
1.992986458388387e-05 6.969716679725779e-05 5.820391676471824e-07 2.4112913381082125e-07 1.504235722203404e-07 0.0 
2.0316310313196444e-05 7.115006681866884e-05 5.91117221595761e-07 2.44780153308555e-07 1.5269594514668463e-07 0.0 
2.0725002637567616e-05 7.268546221845938e-05 6.007575954131296e-07 2.4866149309917286e-07 1.5511206286322833e-07 0.0 
2.1157577081431565e-05 7.430937392051232e-05 6.110022978762878e-07 2.5279021318809267e-07 1.5768254463914013e-07 0.0 
2.1615856637097685e-05 7.602834833104677e-05 6.219000472889967e-07 2.571860126531387e-07 1.6041962992189621e-07 0.0 
2.2101750242826557e-05 7.784954083826634e-05 6.334975592151286e-07 2.6186780952554693e-07 1.6333510237082946e-07 0.0 
2.2617349969396176e-05 7.97807706086305e-05 6.458458523998493e-07 2.6685623973379524e-07 1.664418105247686e-07 0.0 
2.3164971195274796e-05 8.183068028334011e-05 6.590017305080368e-07 2.72174336626317e-07 1.6975410220096653e-07 0.0 
2.3748393046261123e-05 8.401301683220032e-05 6.730766030040223e-07 2.7787204410557894e-07 1.7330370226485678e-07 0.0 
2.4370384088974874e-05 8.633812699287519e-05 6.881379722887161e-07 2.8397607850810404e-07 1.7710714297088784e-07 0.0 
2.5033076506340253e-05 8.881429437075705e-05 7.042229612926606e-07 2.9049814380152907e-07 1.8117131086797365e-07 0.0 
2.573992202236248e-05 9.145442572924752e-05 7.214158081823767e-07 2.974723797878263e-07 1.8551747320190605e-07 0.0 
2.649479033135382e-05 9.427298335643493e-05 7.39811394864803e-07 3.0493733051093147e-07 1.9016965096977598e-07 0.0 
2.7301993553611737e-05 9.728608717968936e-05 7.595153818296985e-07 3.129359167748244e-07 1.951545929202253e-07 0.0 
2.8166347968939413e-05 0.00010051174661161087 7.806457013228591e-07 3.2151604174667163e-07 2.0050215293163478e-07 0.0 
2.909324593359043e-05 0.00010397013071547006 8.03334295313334e-07 3.3073129575468283e-07 2.0624572919763177e-07 0.0 
3.0088730593755738e-05 0.00010768386930865308 8.27728829894046e-07 3.4064168964757876e-07 2.124227264292346e-07 0.0 
3.115964921743872e-05 0.00011167871427250942 8.539960633089287e-07 3.513153632682324e-07 2.1907568155176124e-07 0.0 
3.231382282546072e-05 0.00011598396956497857 8.823281921885919e-07 3.628309729589879e-07 2.2625370494600369e-07 0.0 
3.356010229086267e-05 0.00012063278621439934 9.12943243215806e-07 3.752777743554844e-07 2.3401252040412667e-07 0.0 
3.490844682356497e-05 0.00012566258127846188 9.460835440693654e-07 3.8875467999045486e-07 2.4241385925888994e-07 0.0 
3.637015191104966e-05 0.0001311158044942397 9.820237491008487e-07 4.033737244946569e-07 2.515276337482798e-07 0.0 
3.795812714934651e-05 0.00013704093860147004 1.0210781981092928e-06 4.1926297677141033e-07 2.6143373163691056e-07 0.0 
3.9687536921678174e-05 0.0001434945268726187 1.063627465628364e-06 4.365781299056117e-07 2.72229299008364e-07 0.0 
4.1575486233950084e-05 0.0001505408043836254 1.110088880223458e-06 4.554894572433597e-07 2.8402058517012797e-07 0.0 
4.3641642903864156e-05 0.00015825375005185682 1.1609390792760668e-06 4.7619118348320845e-07 2.9692876636109917e-07 0.0 
4.5908785373258345e-05 0.00016671908456759415 1.2167294343337752e-06 4.989079796307318e-07 3.110940170543441e-07 0.0 
4.840339534650984e-05 0.00017603655724436493 1.2781001895422782e-06 5.239007669176431e-07 3.266791405453362e-07 0.0 
5.115638740130761e-05 0.00018632268352495706 1.3457990154777217e-06 5.514742512859472e-07 3.438742631978703e-07 0.0 
5.420459978518555e-05 0.00019771445911074732 1.420746500665868e-06 5.820026931568626e-07 3.629125949511866e-07 0.0 
5.7591003859496915e-05 0.00021037282165839663 1.5039938465814564e-06 6.159137405285186e-07 3.8406078245294355e-07 0.0 
6.136593198767236e-05 0.0002244873945355851 1.5967533016776048e-06 6.537007305000586e-07 4.0762656960695205e-07 0.0 
6.558873600963305e-05 0.0002402825047703276 1.7004492462703909e-06 6.959433544698756e-07 4.3397160041041636e-07 0.0 
7.0330479292181e-05 0.0002580264535392795 1.81678652302657e-06 7.433353637891922e-07 4.6352867218628004e-07 0.0 
7.567626528058439e-05 0.00027804130196631006 1.947800675847633e-06 7.967058173114383e-07 4.968151484960543e-07 0.0 
8.172814193982307e-05 0.0003007136606146664 2.095930628925019e-06 8.570480142643418e-07 5.344508850515512e-07 0.0 
8.860978509104754e-05 0.0003265108757114219 2.2641369236350272e-06 9.255662205057956e-07 5.771871379608998e-07 0.0 
9.647127992492019e-05 0.00035600046405194865 2.4560058512857123e-06 1.003719037589472e-06 6.259338339712609e-07 0.0 
0.00010549543784085009 0.0003898743311122847 2.675896621538322e-06 1.0932792683573869e-06 6.817969447221261e-07 0.0 
0.00011590569074344108 0.00042897873019878793 2.929125407684165e-06 1.1964084362832758e-06 7.461249524166159e-07 0.0 
0.00012797590858036094 0.000474351738508646 3.2221930683391068e-06 1.3157491291208817e-06 8.205664594855095e-07 0.0 
0.00014204319285726584 0.000527271053877445 3.563111800174635e-06 1.4545586943099119e-06 9.07153566958175e-07 0.0 
0.00015852212607670615 0.0005893083501880658 3.96174004897919e-06 1.6168449939676765e-06 1.0083865329080947e-06 0.0 
0.00017791857986053757 0.0006623844122977065 4.430032643686254e-06 1.8074647089580234e-06 1.127295121493894e-06 0.0 
0.0002008498588056146 0.0007488415815607572 4.982660582150404e-06 2.032391703251174e-06 1.2676073736834854e-06 0.0 
0.0002280385050685523 0.0008514248320080631 5.63674337739411e-06 2.2985935280580884e-06 1.4336712400868698e-06 0.0 
0.00026023912224065006 0.0009730239436766389 6.409607765589478e-06 2.6130801149964374e-06 1.6298588090641096e-06 0.0 
0.0002980825116020689 0.0011160781720516498 7.315453339281727e-06 2.981609175120362e-06 1.859764722479079e-06 0.0 
0.00034156078101696863 0.001280656172160688 8.352645753807444e-06 3.4035197755599455e-06 2.1229859209310633e-06 0.0 
0.00038884019109652857 0.0014599667641877162 9.4749594252142e-06 3.8599223787131956e-06 2.407740141875358e-06 0.0 
0.0004343925494731311 0.0016333029314420486 1.0547155761675555e-05 4.295721119845157e-06 2.6796625453077367e-06 0.0 
0.0004676951090015909 0.0017610518680707525 1.1315059867205219e-05 4.607462805807201e-06 2.874221324992446e-06 0.0 
0.00047636838014330596 0.001796371451530475 1.1483391999577955e-05 4.675051157390901e-06 2.9164933965739624e-06 0.0 
0.0004550364564310131 0.0017185602292781885 1.0929452544393326e-05 4.44870480615171e-06 2.775406597861956e-06 0.0 
0.00041067343044600427 0.0015534566355382765 9.828039895096253e-06 3.999706899065888e-06 2.495407811576633e-06 0.0 
0.00035653048581532095 0.0013508147274353059 8.50119171172283e-06 3.4591741635700293e-06 2.158279135860075e-06 0.0 
0.00030318309320549394 0.0011505528862951098 7.2027390574643886e-06 2.9303866679910005e-06 1.8284492239168396e-06 0.0 
0.00025575947663331207 0.0009721573918231158 6.053862263614093e-06 2.462613834360533e-06 1.5366596846107219e-06 0.0 
0.00021558537029384508 0.0008207769374839858 5.084259682029348e-06 2.0678979189762885e-06 1.2904295171963528e-06 0.0 
0.00018224403533005529 0.0006949551932129271 4.282223084068694e-06 1.7414417402238024e-06 1.0867715523690155e-06 0.0 
0.00015476460435961473 0.0005911113988173903 3.6232227188741087e-06 1.4732405384392908e-06 9.194484777484302e-07 0.0 
0.00013212594362055292 0.0005054487166547283 3.0819062694352037e-06 1.25296299142481e-06 7.820181354060839e-07 0.0 
0.00011342490028206143 0.00043459644593064244 2.636024877729816e-06 1.0715447726422844e-06 6.688277340360703e-07 0.0 
9.79108189075498e-05 0.00037574635636386603 2.2671664680509804e-06 9.214842820515915e-07 5.751985143793019e-07 0.0 
8.497636485261105e-05 0.00032662272411709755 1.9604878608392823e-06 7.967352793661896e-07 4.973592994855552e-07 0.0 
7.413527872925777e-05 0.0002854011298091783 1.704141335943752e-06 6.92472717782458e-07 4.32300530535686e-07 0.0 
6.499943554289719e-05 0.00025062355948521207 1.4886961642415235e-06 6.048564323220613e-07 3.776268848573576e-07 0.0 
5.725898257273382e-05 0.00022112448345816497 1.3066445708376474e-06 5.308295126033892e-07 3.314315056788961e-07 0.0 
5.066605530556271e-05 0.0001959702549946732 1.1519989430699658e-06 4.679541341062664e-07 2.9219362016044527e-07 0.0 
4.502146230175851e-05 0.00017441010654732416 1.0199514893293625e-06 4.142729999166156e-07 2.5869222202455015e-07 0.0 
4.0164553869027184e-05 0.00015583803016904065 9.06631552385301e-07 3.6821049558063683e-07 2.2994439215015811e-07 0.0 
3.596528692086167e-05 0.00013976300592918515 8.089127283449691e-07 3.2849405622576196e-07 2.0515623540321928e-07 0.0 
3.231792882561393e-05 0.00012578542494927423 7.242588326635497e-07 2.94091443793873e-07 1.8368376250951563e-07 0.0 
2.9136049831375337e-05 0.00011357837018904346 6.50600722168533e-07 2.641606118476919e-07 1.6500163066690744e-07 0.0 
2.634872938891069e-05 0.00010287330562625808 5.86246037776149e-07 2.3801309121510067e-07 1.486803105297267e-07 0.0 
2.3897461934492978e-05 9.344845917506493e-05 5.298017792387836e-07 2.1508217893530898e-07 1.3436622282114734e-07 0.0 
2.173358058557209e-05 8.51193797688595e-05 4.801074826486074e-07 1.948956377592243e-07 1.2176472104644345e-07 0.0 
1.9816535407881924e-05 7.773226617568273e-05 4.3619806694785176e-07 1.7706078654442764e-07 1.1063079239050063e-07 0.0 
1.8112382764167365e-05 7.115827588233386e-05 3.9726722504252217e-07 1.6124958650374052e-07 1.0075975381962332e-07 0.0 
1.6592580978347482e-05 6.528899078690566e-05 3.6263824305334365e-07 1.4718675515859246e-07 9.197983707542676e-08 0.0 
1.5233025828230915e-05 6.0032782752751956e-05 3.31740674173216e-07 1.3464026593152324e-07 8.414626180967697e-08 0.0 
1.4013285692650658e-05 5.53119117045687e-05 3.040921718730058e-07 1.2341395035803514e-07 7.713661871234224e-08 0.0 
1.291597004703041e-05 5.1060151816679395e-05 2.792832555117263e-07 1.1334129930267413e-07 7.084700315080832e-08 0.0 
1.1926191098780408e-05 4.7220815231884724e-05 2.569632971440418e-07 1.0427975972169661e-07 6.518846366269384e-08 0.0 
1.1031354235771641e-05 4.374626684234801e-05 2.368358118866977e-07 9.610945811604975e-08 6.008629562557668e-08 0.0 
1.0220594573960049e-05 4.0595333671905346e-05 2.1864562260812142e-07 8.872708771139995e-08 5.54760925015956e-08 0.0 
9.48406779947064e-06 3.772983818295543e-05 2.0216264971711708e-07 8.203801935503205e-08 5.129864319616265e-08 0.0 
8.813824560534853e-06 3.51193896322739e-05 1.8720367254460824e-07 7.596835303790413e-08 4.7507888181927644e-08 0.0 
8.202821978892605e-06 3.2737092002353e-05 1.7360514509824425e-07 7.04517781354717e-08 4.406245871861718e-08 0.0 
7.644342193959522e-06 3.05572144593208e-05 1.612068871666846e-07 6.542237831776904e-08 4.092113372365212e-08 0.0 
7.1329116831941485e-06 2.855875179089876e-05 1.4988190267918816e-07 6.082848782287049e-08 3.805165935676219e-08 0.0 
6.6637365328096765e-06 2.6723367730424803e-05 1.3951892560034952e-07 5.662495039061065e-08 3.5425859641254545e-08 0.0 
6.23259789711734e-06 2.503492041162704e-05 1.300202255224613e-07 5.277211794560214e-08 3.301899615017477e-08 0.0 
5.835889015149663e-06 2.347944636636694e-05 1.2130499057284423e-07 4.923720331236199e-08 3.0810593368405754e-08 0.0 
5.470416795732921e-06 2.2044548604489617e-05 1.1330171808128325e-07 4.599111225867932e-08 2.878247123183425e-08 0.0 
5.133208612723573e-06 2.071886644790948e-05 1.059406227069833e-07 4.30055093194664e-08 2.691695156862452e-08 0.0 
4.821631351384395e-06 1.9492325852469206e-05 9.916015080274785e-08 4.025543461374156e-08 2.519846511968512e-08 0.0 
4.5333301827187615e-06 1.8355942649796023e-05 9.290522884372013e-08 3.771855060888902e-08 2.3613078597636573e-08 0.0 
4.266198518880514e-06 1.7301665211914137e-05 8.712667411387189e-08 3.537489866369195e-08 2.2148340264529667e-08 0.0 
4.018324847609453e-06 1.6322220014165073e-05 8.17798840042338e-08 3.3206429102970944e-08 2.07929955105066e-08 0.0 
3.7879772380005173e-06 1.541100909070437e-05 7.682426059622259e-08 3.1196694169852684e-08 1.9536788080658762e-08 0.0 
3.573667598748132e-06 1.4562309214041806e-05 7.222574172020093e-08 2.933189577297837e-08 1.837110933266264e-08 0.0 
3.374058683633919e-06 1.3770954142159476e-05 6.795392389062924e-08 2.7599687417125542e-08 1.728825068866493e-08 0.0 
3.187941368466105e-06 1.3032267186662431e-05 6.398134947779328e-08 2.598891070333208e-08 1.6281244009713652e-08 0.0 
3.0142232474480097e-06 1.2342020794342895e-05 6.028324774293294e-08 2.4489500403042505e-08 1.5343803755989007e-08 0.0 
2.8519156993840893e-06 1.1696386948326946e-05 5.683723435961903e-08 2.309236210225502e-08 1.4470250587851602e-08 0.0 
2.700122567568079e-06 1.1091893741762348e-05 5.362304867408043e-08 2.178926522303408e-08 1.3655444568334926e-08 0.0 
2.558030230826413e-06 1.0525387273597971e-05 5.062232349419214e-08 2.0572749297848175e-08 1.2894726640381447e-08 0.0 
2.424902795300517e-06 9.994006284164855e-06 4.781859337183301e-08 1.9436124013276844e-08 1.2183917520173602e-08 0.0 
2.3000835940897607e-06 9.495173486220894e-06 4.5197363923656856e-08 1.8373488324013712e-08 1.151932835160955e-08 0.0 
2.1829618825478504e-06 9.02651226944784e-06 4.2744914861420254e-08 1.737926812107706e-08 1.0897477563491212e-08 0.0 
2.0729746778435608e-06 8.585834861304595e-06 4.0448561938688546e-08 1.64483120716221e-08 1.0315148119459383e-08 0.0 
1.969606712430294e-06 8.171137458557124e-06 3.829671419727596e-08 1.557591259298117e-08 9.769399951578367e-09 0.0 
1.8723836381229212e-06 7.780577101834695e-06 3.627869791972519e-08 1.4757736775129641e-08 9.257527351723333e-09 0.0 
1.7808724022743288e-06 7.4124725696095305e-06 3.43847933980178e-08 1.398984118104386e-08 8.777068010255752e-09 0.0 
1.6946842531682315e-06 7.065305335799429e-06 3.260628637611316e-08 1.3268688251157458e-08 8.325812502198894e-09 0.0 
1.613457002107822e-06 6.737664169604029e-06 3.093507838977514e-08 1.2590991215122373e-08 7.901708059732393e-09 0.0 
1.536850525162358e-06 6.428231196091052e-06 2.936357001061223e-08 1.1953669474879426e-08 7.5028311650896e-09 0.0 
1.464545163017662e-06 6.135807500770054e-06 2.7884570097002534e-08 1.1353843751737452e-08 7.127389340370337e-09 0.0 
1.3962709244932568e-06 5.8594283922297524e-06 2.649200226803091e-08 1.0789139674842225e-08 6.773913021559482e-09 0.0 
1.3317392205694243e-06 5.597891706902773e-06 2.517947074027928e-08 1.0256877976153426e-08 6.440716366207723e-09 0.0 
1.2707112116378352e-06 5.350230540096128e-06 2.3941833838394104e-08 9.75495308337068e-09 6.1264803087443825e-09 0.0 
1.2129674359850832e-06 5.115586730909988e-06 2.2774293771802333e-08 9.281424871357335e-09 5.829993374081512e-09 0.0 
1.1582988516714588e-06 4.89314579328078e-06 2.167221601598455e-08 8.834414362741101e-09 5.5500821390819924e-09 0.0 
1.1065127140305422e-06 4.682155736531667e-06 2.0631352428628226e-08 8.412199964548495e-09 5.285671414684529e-09 0.0 
1.057433159950691e-06 4.481923979360904e-06 1.9647919669955623e-08 8.013248613773793e-09 5.035803061476418e-09 0.0 
1.0108988159301374e-06 4.291824125741651e-06 1.8718369455703518e-08 7.636134775196934e-09 4.7995881731243496e-09 0.0 
9.667960343385811e-07 4.111457259406939e-06 1.7840269262172965e-08 7.279961956716714e-09 4.576477805427027e-09 0.0 
9.249500691089021e-07 3.940107350915333e-06 1.7009699675799898e-08 6.94307203504141e-09 4.36542779406895e-09 0.0 
8.852046691505112e-07 3.7771389971214147e-06 1.622317557325965e-08 6.624011148167854e-09 4.1655251749948974e-09 0.0 
8.474359961839715e-07 3.622067068801681e-06 1.5477977578032986e-08 6.321678079921584e-09 3.976082185702408e-09 0.0 
8.115286772145001e-07 3.474439163158723e-06 1.4771579071718137e-08 6.035049746281322e-09 3.796459827880522e-09 0.0 
7.773751434556599e-07 3.3338330720341535e-06 1.4101630730894864e-08 5.76317492185242e-09 3.626063953644331e-09 0.0 
7.448750274134815e-07 3.199854471352016e-06 1.3465946451788758e-08 5.505168529841509e-09 3.464341703213519e-09 0.0 
7.139346124405382e-07 3.0721348102573e-06 1.286249052490816e-08 5.26020643953243e-09 3.31077825911571e-09 0.0 
6.844674467695413e-07 2.9503318766624886e-06 1.2289414193394159e-08 5.027539149688619e-09 3.1649051076575427e-09 0.0 
6.563930306059656e-07 2.8341261913776106e-06 1.1745002650184812e-08 4.8064713595135935e-09 3.026287554184602e-09 0.0 
6.296349469652432e-07 2.7232180743474095e-06 1.1227602958685866e-08 4.596336101639951e-09 2.8945092130387817e-09 0.0 
6.041227762123144e-07 2.6173329933794115e-06 1.0735699852043059e-08 4.396525852698716e-09 2.7691912869939514e-09 0.0 
5.797926908110573e-07 2.516218696237756e-06 1.0267957577176917e-08 4.20650558111736e-09 2.6499999346374872e-09 0.0 
5.565870386476511e-07 2.4196453084825467e-06 9.823198542471319e-09 4.0258028475558e-09 2.5366400337294314e-09 0.0 
5.344466566187876e-07 2.327378191709564e-06 9.400156022832397e-09 3.853903234831216e-09 2.428789899268469e-09 0.0 
5.133157779101654e-07 2.2391961947522737e-06 8.997636971536663e-09 3.6903223278966377e-09 2.326146624460932e-09 0.0 
4.931419769144145e-07 2.154891294510642e-06 8.614522427877113e-09 3.5346059224210655e-09 2.2284261961320844e-09 0.0 
4.7387593896246976e-07 2.0742675802369354e-06 8.24976206870397e-09 3.3863276455889563e-09 2.1353619799135332e-09 0.0 
4.554712445834161e-07 1.9971398597862157e-06 7.902374222694948e-09 3.2450886944951544e-09 2.0467044963557923e-09 0.0 
4.378804181048981e-07 1.923319487152005e-06 7.571346584802679e-09 3.1104777356972857e-09 1.9621965134091174e-09 0.0 
4.2105608713375665e-07 1.8526204356390402e-06 7.255639774649064e-09 2.9820736008097632e-09 1.8815750280105235e-09 0.0 
4.049595940203296e-07 1.7848886158690877e-06 6.954439473342864e-09 2.8595464672573937e-09 1.8046338243329057e-09 0.0 
3.8955448780745117e-07 1.719978578730422e-06 6.666980864353565e-09 2.7425865742078326e-09 1.7311792137287927e-09 0.0 
3.7481217627461365e-07 1.65777528028011e-06 6.392753839127262e-09 2.6309894226772604e-09 1.6610831440645792e-09 0.0 
3.607105725409529e-07 1.5981963742902689e-06 6.1314185607482276e-09 2.5246264671280454e-09 1.5942659100627014e-09 0.0 
3.4721470659068506e-07 1.5410870614565185e-06 5.882199629789763e-09 2.4231696393217777e-09 1.530520488241707e-09 0.0 
3.3429222871333207e-07 1.4863158236146797e-06 5.644379623047343e-09 2.32632548289862e-09 1.469663201880259e-09 0.0 
3.219135003846327e-07 1.4337668369054627e-06 5.417304559326581e-09 2.2338302409784965e-09 1.4115294878431077e-09 0.0 
3.100502287063185e-07 1.3833296513676598e-06 5.200352443562334e-09 2.1454334106935506e-09 1.3559630772157733e-09 0.0 
2.986738586425238e-07 1.3348949199884532e-06 4.992897952419762e-09 2.060885809125974e-09 1.302808835713713e-09 0.0 
2.8776101167269715e-07 1.288369157204521e-06 4.794457402729744e-09 1.9799919267371472e-09 1.2519445123521308e-09 0.0 
2.772902592089548e-07 1.2436657342096204e-06 4.604593126405384e-09 1.9025741359262358e-09 1.2032589110652167e-09 0.0 
2.672413015921448e-07 1.2007025390025076e-06 4.422891339215547e-09 1.8284645374202258e-09 1.156646924366578e-09 0.0 
2.5759490067770376e-07 1.159401708295492e-06 4.248960680759382e-09 1.7575043634519791e-09 1.1120091597824723e-09 0.0 
2.4833281694439875e-07 1.11968937734138e-06 4.0824308538967674e-09 1.6895434217139007e-09 1.069251591812942e-09 0.0 
2.3943820402115097e-07 1.0814965664903238e-06 3.922965148917011e-09 1.6244446872714885e-09 1.028288346610949e-09 0.0 
2.3090203464558692e-07 1.0447973005588873e-06 3.770405262878066e-09 1.562157291033703e-09 9.890891767338164e-10 0.0 
2.2271114079999005e-07 1.009541433287014e-06 3.624494057756598e-09 1.5025808261420281e-09 9.515916248939297e-10 0.0 
2.1484442913231188e-07 9.756285180209174e-07 3.4847994395453664e-09 1.4455245632542727e-09 9.156742938744824e-10 0.0 
2.072869180570682e-07 9.429972488909958e-07 3.351015224615834e-09 1.3908636192507945e-09 8.812589274594884e-10 0.0 
2.000248095457117e-07 9.115921760414382e-07 3.22286031575464e-09 1.3384843592617172e-09 8.482744423156547e-10 0.0 
1.930450023172186e-07 8.813605847569166e-07 3.100068557074905e-09 1.288279189641069e-09 8.166535289640287e-10 0.0 
1.8633505224975636e-07 8.522523440655599e-07 2.9823878555682447e-09 1.240146205827984e-09 7.863324326435534e-10 0.0 
1.7988313529483595e-07 8.242197615878059e-07 2.8695793461339767e-09 1.1939888490923856e-09 7.572507380423062e-10 0.0 
1.7367803165631166e-07 7.972180554147123e-07 2.7614174302629724e-09 1.1497165387661722e-09 7.293518466670606e-10 0.0 
1.677093253011762e-07 7.712054498710384e-07 2.657701065471063e-09 1.1072486911449169e-09 7.025853677023222e-10 0.0 
1.619668997326953e-07 7.461406413034303e-07 2.558230212305992e-09 1.06650412190534e-09 6.769004311306462e-10 0.0 
1.5644096818295428e-07 7.219838600840567e-07 2.462807729877182e-09 1.0274029539773465e-09 6.52247028020834e-10 0.0 
1.511224471935172e-07 6.986979123630682e-07 2.3712542256590104e-09 9.898724352866803e-10 6.285795760114071e-10 0.0 
1.460026868765646e-07 6.762475026125083e-07 2.2834048863781705e-09 9.538462621015318e-10 6.058565515933949e-10 0.0 
1.4107285638598562e-07 6.545971374692526e-07 2.1990805419021413e-09 9.192524326468004e-10 5.840329556975185e-10 0.0 
1.3632504455944647e-07 6.33714871115789e-07 2.1181219740242465e-09 8.86027111882344e-10 5.630689047382993e-10 0.0 
1.3175143083162102e-07 6.135688055621141e-07 2.0403720301654487e-09 8.54106612223976e-10 5.429245217603504e-10 0.0 
1.2734462351700277e-07 5.941303252330652e-07 1.965684523678331e-09 8.234331390220866e-10 5.235638532961639e-10 0.0 
1.2309800593894566e-07 5.753736335313398e-07 1.8939320939225607e-09 7.939564546568464e-10 5.049556394306917e-10 0.0 
1.1900723164414445e-07 5.572768713961123e-07 1.8250416322845822e-09 7.656444637098958e-10 4.870792473892751e-10 0.0 
1.1506649467380203e-07 5.398156245870248e-07 1.758899598433737e-09 7.384507018557064e-10 4.699054878482227e-10 0.0 
1.1127011273756187e-07 5.22966145493495e-07 1.6953935794230278e-09 7.123292581053205e-10 4.5340555455233506e-10 0.0 
1.0761243882313279e-07 5.067051440418856e-07 1.6344117393134867e-09 6.872346421430794e-10 4.375509303395142e-10 0.0 
1.0408804162416004e-07 4.910101745607442e-07 1.5758469149752546e-09 6.631232761878542e-10 4.2231429655041183e-10 0.0 
1.0069168429674335e-07 4.7585971223524475e-07 1.5195959629132424e-09 6.399532762946853e-10 4.076694022341763e-10 0.0 
9.741783728231154e-08 4.6123074021716415e-07 1.4655488269911855e-09 6.176796972506036e-10 3.9358805996081653e-10 0.0 
9.426023600387402e-08 4.470966603829195e-07 1.4135787475490963e-09 5.962503481182288e-10 3.800375104952144e-10 0.0 
9.121351979906218e-08 4.334362859510556e-07 1.3635802893538293e-09 5.756231031961533e-10 3.669914389743874e-10 0.0 
8.827223669788297e-08 4.202286124596254e-07 1.3154466371339085e-09 5.557556813310759e-10 3.544234803360281e-10 0.0 
8.543227470164015e-08 4.0745651031094173e-07 1.2690995158896984e-09 5.366162886979469e-10 3.423136881706489e-10 0.0 
8.26897160430817e-08 3.9510362146252884e-07 1.2244646117192564e-09 5.181747278500417e-10 3.3064311396883725e-10 0.0 
8.00408131601769e-08 3.8315428307377044e-07 1.181471059082194e-09 5.004022038864099e-10 3.1939368774085096e-10 0.0 
7.7481980444464e-08 3.715934943875815e-07 1.1400512644516607e-09 4.832712526064963e-10 3.085481730657284e-10 0.0 
7.50100313239504e-08 3.6040881589074527e-07 1.1001468653130384e-09 4.667590447808592e-10 2.980923529405718e-10 0.0 
7.262282250688141e-08 3.4959711524691643e-07 1.0617216925656901e-09 4.5085585390670667e-10 2.8802079494088526e-10 0.0 
7.03165391152709e-08 3.3913818306921236e-07 1.0247036692614584e-09 4.355288685842821e-10 2.783124101918874e-10 0.0 
6.808790723141073e-08 3.2901519784557596e-07 9.890339411142084e-10 4.207517866592248e-10 2.6895033644530676e-10 0.0 
6.593424180516108e-08 3.192168248470461e-07 9.546640779551035e-10 4.065049258293836e-10 2.5992220394178595e-10 0.0 
6.385485012445072e-08 3.0973870502829983e-07 9.215975937563878e-10 3.9278903637832256e-10 2.512282636966333e-10 0.0 
6.184744622853874e-08 3.00571560712031e-07 8.897946036724895e-10 3.7958831490548657e-10 2.4285862302835034e-10 0.0 
5.990923370020148e-08 2.9170479059080147e-07 8.59199180994722e-10 3.6688096533387154e-10 2.3479975156681137e-10 0.0 
5.803721320303992e-08 2.831261597790053e-07 8.297507222871128e-10 3.54642498485028e-10 2.2703633147060614e-10 0.0 
5.622858803046578e-08 2.748240442203152e-07 8.013937489218597e-10 3.42850357590186e-10 2.1955422857746339e-10 0.0 
5.4480312068538944e-08 2.667860348390479e-07 7.740684153332139e-10 3.314805343081882e-10 2.123384332499166e-10 0.0 
5.278977466906253e-08 2.5900129018542954e-07 7.477250621941658e-10 3.20513019984962e-10 2.0537640872689627e-10 0.0 
5.115490512770928e-08 2.514611685765318e-07 7.223261169248038e-10 3.0993273741390226e-10 1.986587206148873e-10 0.0 
4.957371308872408e-08 2.441572028161531e-07 6.978351892652986e-10 2.997248557655837e-10 1.921760477233018e-10 0.0 
4.804428275188826e-08 2.3708099796666576e-07 6.742167959131734e-10 2.8987457891143216e-10 1.8591903213590712e-10 0.0 
4.6564776639566324e-08 2.3022469850213476e-07 6.514374522252644e-10 2.8036822397677276e-10 1.7987906627374609e-10 0.0 
4.51334291268031e-08 2.2358076078938132e-07 6.294650916590854e-10 2.711927031378441e-10 1.7404791877912518e-10 0.0 
4.374854772024835e-08 2.171420769808804e-07 6.082692342089341e-10 2.623357468395702e-10 1.6841789236588225e-10 0.0 
4.2408499878997306e-08 2.1090178813023202e-07 5.878204898929442e-10 2.537855206945607e-10 1.62981562272794e-10 0.0 
4.111169601250107e-08 2.048530506683906e-07 5.680901059829327e-10 2.4553024696380994e-10 1.5773151455911985e-10 0.0 
3.985676218041653e-08 1.9898975102728548e-07 5.490531516070088e-10 2.37559611791194e-10 1.5266124252301604e-10 0.0 
3.8642576140245734e-08 1.9330661547736215e-07 5.306890917719839e-10 2.2986497423677087e-10 1.4776527507582986e-10 0.0 
3.746765628683693e-08 1.8779733798085984e-07 5.129716764663563e-10 2.2243562640664181e-10 1.4303687416676685e-10 0.0 
3.633054107951396e-08 1.8245574199541786e-07 4.95875230161831e-10 2.1526112518983339e-10 1.384694708773342e-10 0.0 
3.523007424738244e-08 1.7727732141797297e-07 4.793797430033798e-10 2.083337331984971e-10 1.3405824386927118e-10 0.0 
3.4165261510703364e-08 1.7225815202022225e-07 4.6346896379564074e-10 2.0164717833239664e-10 1.2979927631633388e-10 0.0 
3.313494542629199e-08 1.6739322603470243e-07 4.4812267962941605e-10 1.9519320272969216e-10 1.2568736383317288e-10 0.0 
3.2137937060432707e-08 1.6267743172453086e-07 4.3331953227810585e-10 1.8896307122092995e-10 1.2171700761471147e-10 0.0 
