4.526650182168606e-05 0.00012072278988592249 2.9491574333965475e-06 1.445218400039905e-06 9.307124227930667e-07 0.0 
4.45902962125644e-05 0.00011908509593639167 2.892097689498956e-06 1.4155544701652032e-06 9.113527534418265e-07 0.0 
4.3927059283448615e-05 0.00011747708185430636 2.8363429629447573e-06 1.386599934286559e-06 8.924610005414254e-07 0.0 
4.327669521444351e-05 0.00011589852288746688 2.781877446924085e-06 1.3583468102610852e-06 8.740320420293323e-07 0.0 
4.263891986386054e-05 0.00011434879042792386 2.7286674308822336e-06 1.3307759143691733e-06 8.560530446529441e-07 0.0 
4.201322346411506e-05 0.00011282678858397542 2.6766583648719165e-06 1.3038560635190092e-06 8.385031855777171e-07 0.0 
4.1399482797131634e-05 0.0001113323819839698 2.6258201431785514e-06 1.2775703270164603e-06 8.213714683747455e-07 0.0 
4.079743639898222e-05 0.00010986503767663542 2.5761174062521312e-06 1.2518983005090547e-06 8.046442576498235e-07 0.0 
4.0206815585475126e-05 0.00010842419995129993 2.527515230874621e-06 1.2268198361177177e-06 7.883080721462204e-07 0.0 
3.962735966517429e-05 0.00010700927734513172 2.479983790208452e-06 1.2023177382668085e-06 7.723513653200694e-07 0.0 
3.9058839774652145e-05 0.00010561967536254511 2.4335140745850576e-06 1.1783873972824759e-06 7.567709781603652e-07 0.0 
3.850104803817164e-05 0.00010425488258078304 2.3880988560207054e-06 1.1550262942743102e-06 7.41565342754481e-07 0.0 
3.7953811661352435e-05 0.00010291454977714687 2.3437169612399493e-06 1.1322225026804061e-06 7.267265229459259e-07 0.0 
3.74169775468222e-05 0.00010159836416099467 2.3003529253927457e-06 1.1099672488742023e-06 7.122486598782829e-07 0.0 
3.6890124258766905e-05 0.00010030541184479307 2.257953869016744e-06 1.0882303788692164e-06 6.981116976461508e-07 0.0 
3.637292691209521e-05 9.903498051515564e-05 2.216479824903698e-06 1.0669892115381603e-06 6.843005478013777e-07 0.0 
3.5865167626576244e-05 9.778657455808147e-05 2.175906250025746e-06 1.0462299096477445e-06 6.708059825066122e-07 0.0 
3.5366634148480364e-05 9.655971063754287e-05 2.1362093272549273e-06 1.0259390640095832e-06 6.576190632959623e-07 0.0 
3.4877312407187235e-05 9.535456033027574e-05 2.0973724483572705e-06 1.0061077928831562e-06 6.447341319505099e-07 0.0 
3.439811410858597e-05 9.417258861599712e-05 2.0595879114950455e-06 9.868446439567543e-07 6.322225291925764e-07 0.0 
3.39288050930255e-05 9.301319816288847e-05 2.0228275885827977e-06 9.681316018551728e-07 6.200719649314865e-07 0.0 
3.346799405155708e-05 9.187419599804494e-05 1.9868212122626175e-06 9.49819665959109e-07 6.081849486176203e-07 0.0 
3.3015474369886425e-05 9.075513740185173e-05 1.951542721909277e-06 9.318943372269114e-07 5.965518540362424e-07 0.0 
3.2571055290289684e-05 8.965555744937837e-05 1.916974216513947e-06 9.14345593200371e-07 5.851659724965375e-07 0.0 
3.2134541613484314e-05 8.857497425290277e-05 1.8830980939708323e-06 8.97163597596415e-07 5.740207231482826e-07 0.0 
3.170582277790924e-05 8.751315445348245e-05 1.8499008187171539e-06 8.803410788768153e-07 5.631113679535759e-07 0.0 
3.1284781056763436e-05 8.64698315732979e-05 1.817370056690959e-06 8.638713328632374e-07 5.524335009120453e-07 0.0 
3.087141286318481e-05 8.544496520943913e-05 1.7855093612474303e-06 8.477569001832853e-07 5.419888845749802e-07 0.0 
3.0465651991248897e-05 8.443839532520459e-05 1.7543128878300992e-06 8.319949281350148e-07 5.317756749815853e-07 0.0 
3.0067294810980385e-05 8.344963464118007e-05 1.723761130750495e-06 8.16574391274096e-07 5.217864862178436e-07 0.0 
2.9676143245398567e-05 8.247820840000962e-05 1.693835205734347e-06 8.014846326412329e-07 5.120141825985075e-07 0.0 
2.929201047506915e-05 8.152366086768017e-05 1.6645181192378658e-06 7.867160376872986e-07 5.024523152097791e-07 0.0 
2.8915418816005822e-05 8.058636701747559e-05 1.635942882917813e-06 7.723381523290044e-07 4.931456912343162e-07 0.0 
2.8546822229567033e-05 7.966770331884835e-05 1.6081171800038487e-06 7.583569589694042e-07 4.840990097214828e-07 0.0 
2.818637745807223e-05 7.876911812888915e-05 1.5809644576838511e-06 7.447370311020588e-07 4.752905879892464e-07 0.0 
2.7833341741194702e-05 7.788852799872655e-05 1.5544421552423732e-06 7.314512564966535e-07 4.6670134567830957e-07 0.0 
2.7486620619660417e-05 7.702300347261851e-05 1.5284737003241614e-06 7.184548336132812e-07 4.583010050551746e-07 0.0 
2.714607334193371e-05 7.617225889275413e-05 1.5030434030214128e-06 7.057390861170347e-07 4.5008384607235e-07 0.0 
2.6811639403431706e-05 7.533623980213217e-05 1.4781405316203746e-06 6.932982447606959e-07 4.4204612495590107e-07 0.0 
2.6483097768510864e-05 7.451437078500269e-05 1.4537479877425252e-06 6.81122675580497e-07 4.3418139517208593e-07 0.0 
2.6160382354509318e-05 7.370647708965984e-05 1.4298637550545324e-06 6.692115955343844e-07 4.2648915385620727e-07 0.0 
2.5843486153033127e-05 7.29125560301849e-05 1.406489565471458e-06 6.575664104900135e-07 4.189703757363524e-07 0.0 
2.5532244403969145e-05 7.213222494341843e-05 1.3836088164996124e-06 6.461778642299129e-07 4.116189062190498e-07 0.0 
2.5226525727761935e-05 7.136522332355581e-05 1.361205244263648e-06 6.350376047755928e-07 4.0442934035388567e-07 0.0 
2.492629570616685e-05 7.061149777604864e-05 1.3392728465253557e-06 6.241428795096318e-07 3.9739997846123064e-07 0.0 
2.4631463532743024e-05 6.987083258298736e-05 1.3178030358328312e-06 6.134890023688379e-07 3.905277084420215e-07 0.0 
2.4341946320425273e-05 6.914302929564089e-05 1.2967884030292148e-06 6.030720192718232e-07 3.83809911881992e-07 0.0 
2.4057621968469116e-05 6.842781273717828e-05 1.276215287314508e-06 5.928843505776004e-07 3.772415696772732e-07 0.0 
2.377842747108525e-05 6.772515364787683e-05 1.2560715834016938e-06 5.829194353330421e-07 3.708184037114989e-07 0.0 
2.350434862228983e-05 6.70351548043086e-05 1.2363494268199877e-06 5.731729322706148e-07 3.645376016004385e-07 0.0 
2.3235276797056525e-05 6.635754088283422e-05 1.2170382577434842e-06 5.636388620728732e-07 3.583951785374766e-07 0.0 
2.2971144763956428e-05 6.569207601455292e-05 1.1981355665542351e-06 5.543153340421876e-07 3.5238978174691365e-07 0.0 
2.2711914340169408e-05 6.503856520328249e-05 1.1796429040366273e-06 5.452024646485619e-07 3.465213433251295e-07 0.0 
2.245748426076032e-05 6.439672814444066e-05 1.161550800591072e-06 5.362947891558012e-07 3.407862058629562e-07 0.0 
2.2207762218305863e-05 6.376632192382917e-05 1.1438500032250069e-06 5.275869902473981e-07 3.351808152689673e-07 0.0 
2.1962530750757394e-05 6.314683294795239e-05 1.1265191484971579e-06 5.190675252442678e-07 3.2969758383773937e-07 0.0 
2.1721682403256e-05 6.253799170866177e-05 1.1095491150861584e-06 5.107319018491245e-07 3.243336273250969e-07 0.0 
2.1485128114469247e-05 6.193961892980471e-05 1.0929298984381138e-06 5.025749809729912e-07 3.190856089139654e-07 0.0 
2.125269045979763e-05 6.135150269968596e-05 1.0766373428969127e-06 4.945849758707088e-07 3.139460099481786e-07 0.0 
2.1024295861191477e-05 6.0773491671773454e-05 1.0606633817931817e-06 4.867576138987549e-07 3.0891203553395565e-07 0.0 
2.0799877718563393e-05 6.020542505987612e-05 1.0450015314346119e-06 4.790893475949886e-07 3.0398134015970583e-07 0.0 
2.0579371449890493e-05 5.964714564077665e-05 1.0296454906831843e-06 4.7157673109917257e-07 2.9915164604184133e-07 0.0 
2.0362719680805743e-05 5.909850636286568e-05 1.0145894724494924e-06 4.642165774523275e-07 2.9442084490424336e-07 0.0 
2.0149861906421665e-05 5.8559358576499866e-05 9.99827540299375e-07 4.570056425274906e-07 2.8978679333636956e-07 0.0 
1.994073720457511e-05 5.802955519373116e-05 9.853537755546997e-07 4.4994070411511954e-07 2.852473639523461e-07 0.0 
1.9735338774041124e-05 5.7509101565268526e-05 9.711655076338051e-07 4.4302045362582755e-07 2.8080173039708757e-07 0.0 
1.9533667961441032e-05 5.6998050053339923e-05 9.57259162587722e-07 4.3624335438775457e-07 2.764489794253115e-07 0.0 
1.933554542296154e-05 5.649597138931738e-05 9.436194359521914e-07 4.2960131123465166e-07 2.721838091470147e-07 0.0 
1.9140960064152055e-05 5.6002957891776265e-05 9.302403507942454e-07 4.2309134726176534e-07 2.6800434372229633e-07 0.0 
1.895057516501234e-05 5.55212268092502e-05 9.171448370154146e-07 4.1672788263337354e-07 2.639207148867931e-07 0.0 
1.8765107460931647e-05 5.50522077313901e-05 9.044298686511769e-07 4.1056205668851167e-07 2.5996595939557357e-07 0.0 
1.8583904125346105e-05 5.459392671892505e-05 8.920581756433928e-07 4.0457151351049126e-07 2.5612485491416854e-07 0.0 
1.8405915219946e-05 5.414388310034153e-05 8.79920081988842e-07 3.986981553847035e-07 2.523595856200213e-07 0.0 
1.8231183081034395e-05 5.37019934247312e-05 8.68021944372692e-07 3.9294438740221995e-07 2.486715817834284e-07 0.0 
1.8059628047685006e-05 5.326807576945717e-05 8.563563822821499e-07 3.873063133785591e-07 2.4505828681180027e-07 0.0 
1.7891163743223023e-05 5.2841939064526265e-05 8.449153398215349e-07 3.817797351854833e-07 2.41516955311092e-07 0.0 
1.7725711241198377e-05 5.2423402498034606e-05 8.33691515866061e-07 3.763608264483862e-07 2.380450822970521e-07 0.0 
1.7563173904174956e-05 5.201229554798579e-05 8.226760229606059e-07 3.7104508913264933e-07 2.346397485763362e-07 0.0 
1.7403451903256795e-05 5.1608528342383445e-05 8.118610317693721e-07 3.6582879576111454e-07 2.3129856820766257e-07 0.0 
1.7246500596972374e-05 5.121197518608551e-05 8.012450342517371e-07 3.6071109319953126e-07 2.2802095363706654e-07 0.0 
1.7092264866082e-05 5.082248610108799e-05 7.9082366668649e-07 3.556895977904319e-07 2.2480532613155147e-07 0.0 
1.69406784310195e-05 5.0439894539447605e-05 7.805920154308703e-07 3.50761721120717e-07 2.2164998248150103e-07 0.0 
1.679173697848827e-05 5.0064201493854466e-05 7.705485777572229e-07 3.4592684036122265e-07 2.1855455198074088e-07 0.0 
1.6645589723580482e-05 4.969581943658198e-05 7.607023479316221e-07 3.411903098531795e-07 2.1552266947449879e-07 0.0 
1.6502222989132132e-05 4.9334720304878364e-05 7.510511151013234e-07 3.365509799176368e-07 2.1255358679002333e-07 0.0 
1.6361594706854005e-05 4.8980801898085784e-05 7.415905496224445e-07 3.320064976765469e-07 2.096457520660202e-07 0.0 
1.6223664625382718e-05 4.863396447376781e-05 7.323164552122612e-07 3.2755458278405927e-07 2.0679766153258384e-07 0.0 
1.6088393332703138e-05 4.829411065190724e-05 7.232247365226284e-07 3.2319301173882135e-07 2.040078492083724e-07 0.0 
1.595574176425453e-05 4.796114587902875e-05 7.143113796259501e-07 3.189196085243165e-07 2.012748807735998e-07 0.0 
1.582568298518342e-05 4.763502930256859e-05 7.055726824808531e-07 3.1473240261101753e-07 1.9859747005628664e-07 0.0 
1.569840869787e-05 4.7316108855100354e-05 6.970346169092611e-07 3.106441796524808e-07 1.95983764920052e-07 0.0 
1.5574394629555952e-05 4.7005160853211035e-05 6.887622353900358e-07 3.0668649170509583e-07 1.934538059837094e-07 0.0 
1.545306847870252e-05 4.670123182548206e-05 6.806763494062458e-07 3.028203422668468e-07 1.909827149305794e-07 0.0 
1.5334293876767447e-05 4.640410701194159e-05 6.727585838347118e-07 2.990369478914407e-07 1.8856491960171568e-07 0.0 
1.5218023114433564e-05 4.6113666533414695e-05 6.650049391219868e-07 2.9533410652215553e-07 1.8619896238493074e-07 0.0 
1.5104100968739412e-05 4.582950146557472e-05 6.574041092535907e-07 2.917058795742458e-07 1.8388096055908507e-07 0.0 
1.4992456581889099e-05 4.555144236702929e-05 6.49949910058368e-07 2.881490402514277e-07 1.8160880969785514e-07 0.0 
1.4883016492905333e-05 4.527933351573315e-05 6.426365440055993e-07 2.846606149516649e-07 1.7938057298974335e-07 0.0 
1.4775745225431603e-05 4.5013140984369786e-05 6.354600194856188e-07 2.8123854074227307e-07 1.7719491315546508e-07 0.0 
1.4670672485557334e-05 4.475298143333367e-05 6.284211868608783e-07 2.7788348589452755e-07 1.7505231280813165e-07 0.0 
1.4567801746882435e-05 4.4498880683678795e-05 6.215193311308378e-07 2.7459512483897267e-07 1.729525715673576e-07 0.0 
1.4467139708763032e-05 4.425085481227072e-05 6.147536210855856e-07 2.713729079774779e-07 1.7089531833401626e-07 0.0 
1.4368792665792984e-05 4.400917480672299e-05 6.081312064838136e-07 2.682203510767043e-07 1.6888282401263565e-07 0.0 
1.4273142577363197e-05 4.377527628922583e-05 6.016649557382346e-07 2.6514502812176917e-07 1.6692028500808767e-07 0.0 
1.4180288026208285e-05 4.3549598439814894e-05 5.953557397563741e-07 2.621476462722884e-07 1.6500821881531867e-07 0.0 
1.4089989992257331e-05 4.333123826417967e-05 5.891964322166409e-07 2.5922372820215255e-07 1.631434930214706e-07 0.0 
1.400196547950473e-05 4.3119170781926556e-05 5.831768957799641e-07 2.5636734614034994e-07 1.6132209524388553e-07 0.0 
1.3916177650629113e-05 4.29133149534828e-05 5.772939319822625e-07 2.535767876772908e-07 1.5954290114271933e-07 0.0 
1.383259809687272e-05 4.271360977882102e-05 5.715446657848355e-07 2.508505193847112e-07 1.578049050234172e-07 0.0 
1.375119779312736e-05 4.251999275658673e-05 5.659261796109526e-07 2.4818698759296523e-07 1.5610708846726468e-07 0.0 
1.3671851494859619e-05 4.2332150019787026e-05 5.604287250208545e-07 2.4558115600740605e-07 1.5444617890639756e-07 0.0 
1.359447002064086e-05 4.214986040070523e-05 5.550452312199994e-07 2.4302935922372134e-07 1.5281979151649832e-07 0.0 
1.3519020122964895e-05 4.197304836881134e-05 5.497726436809919e-07 2.405299826468846e-07 1.512268693513084e-07 0.0 
1.34454695226123e-05 4.1801640913274596e-05 5.446079830871251e-07 2.3808145094482117e-07 1.4966638113632245e-07 0.0 
1.3373784917471098e-05 4.163556422138013e-05 5.395481514387381e-07 2.3568214363554006e-07 1.4813726879817796e-07 0.0 
1.3303911055802678e-05 4.147470856781215e-05 5.345878644465005e-07 2.3332949006952858e-07 1.4663788440876134e-07 0.0 
1.3235806934116199e-05 4.131898825777455e-05 5.297231319510824e-07 2.3102146955482246e-07 1.4516692022745616e-07 0.0 
1.3169438784167699e-05 4.116833037119758e-05 5.249506465363811e-07 2.2875636171643508e-07 1.437232558502346e-07 0.0 
1.310515427506467e-05 4.102357247457509e-05 5.203003459415361e-07 2.2654942021261545e-07 1.4231672997285976e-07 0.0 
1.3043382418721198e-05 4.088573126645663e-05 5.15808697072977e-07 2.2441860174699407e-07 1.409588361577787e-07 0.0 
1.2983611893082197e-05 4.075361951956427e-05 5.114288297892101e-07 2.2234021156459853e-07 1.3963434280010088e-07 0.0 
1.2925825274982976e-05 4.0627217596068675e-05 5.071575384771111e-07 2.2031261003858456e-07 1.3834219893010916e-07 0.0 
1.2870048780794073e-05 4.050660312158037e-05 5.029955208777291e-07 2.1833598321751242e-07 1.3708250399279208e-07 0.0 
1.2816361032537337e-05 4.0392021525497844e-05 4.989455870739814e-07 2.1641175130131475e-07 1.3585619181348764e-07 0.0 
1.2764848240506926e-05 4.028374662356273e-05 4.950107686321161e-07 2.1454147534860553e-07 1.3466429338215704e-07 0.0 
1.2715526503953328e-05 4.018183747278751e-05 4.911906355945387e-07 2.1272476554827902e-07 1.3350653367635674e-07 0.0 
1.2668356261592795e-05 4.0086267689869215e-05 4.874794533003003e-07 2.1095889599429182e-07 1.3238117979459347e-07 0.0 
1.2623248986365882e-05 3.999695268441502e-05 4.838668748255289e-07 2.0923914885435737e-07 1.3128526272797463e-07 0.0 
1.2580172265043953e-05 3.99138569335328e-05 4.803503799681543e-07 2.075642524191029e-07 1.302179572477083e-07 0.0 
1.2539115704829112e-05 3.9836976641340164e-05 4.769296123824859e-07 2.0593391620409527e-07 1.2917905504342471e-07 0.0 
1.250009883099415e-05 3.97663803175141e-05 4.736050826969368e-07 2.043482425986924e-07 1.2816859966681762e-07 0.0 
1.2463127800642752e-05 3.970211985330097e-05 4.7037572158155577e-07 2.0280661676362088e-07 1.271861841543687e-07 0.0 
1.242817528645441e-05 3.964412955115783e-05 4.672392115203194e-07 2.0130773715181964e-07 1.2623094559057151e-07 0.0 
1.239519012433627e-05 3.959226409364598e-05 4.641923670622846e-07 1.9984982800514071e-07 1.253017069059971e-07 0.0 
1.2364174667250436e-05 3.9546563905988565e-05 4.6123403652816516e-07 1.9843222125737866e-07 1.243980250151507e-07 0.0 
1.233513945053138e-05 3.950709143808981e-05 4.5836327172498105e-07 1.9705436638402535e-07 1.2351953842225646e-07 0.0 
1.2308266111707837e-05 3.947480155167767e-05 4.55582396780183e-07 1.9571795879746809e-07 1.2266747841389999e-07 0.0 
1.2283630953057568e-05 3.945002903499534e-05 4.528930587446824e-07 1.9442391152928811e-07 1.2184245070212271e-07 0.0 
1.2261176917684094e-05 3.943244165941594e-05 4.50293602295354e-07 1.931710548798819e-07 1.210436279879287e-07 0.0 
1.2240813688734465e-05 3.942157314815366e-05 4.4778170223813043e-07 1.9195779657979178e-07 1.2026990136807562e-07 0.0 
1.2222607892936557e-05 3.94176448816303e-05 4.4536041526152665e-07 1.907857224732436e-07 1.1952230898146288e-07 0.0 
1.2206593810881164e-05 3.942079579964808e-05 4.430298865082151e-07 1.896548687237255e-07 1.1880087642100753e-07 0.0 
1.2192792761256095e-05 3.943112460141593e-05 4.407896024759572e-07 1.8856488042901966e-07 1.1810536479382456e-07 0.0 
1.2181228010362368e-05 3.944873686154602e-05 4.38639111453036e-07 1.8751543045156956e-07 1.1743555286688231e-07 0.0 
1.2171912472884082e-05 3.947371427391944e-05 4.3657715241292713e-07 1.8650584663731538e-07 1.1679100653049201e-07 0.0 
1.2165357773202573e-05 3.950720603047748e-05 4.3464878141287437e-07 1.855573148793371e-07 1.1618512865051825e-07 0.0 
1.2161648339970328e-05 3.9549444477815695e-05 4.3285751805448224e-07 1.8467098725881013e-07 1.1561858362497283e-07 0.0 
1.2160308046033354e-05 3.95994958448154e-05 4.311570047129447e-07 1.8382527289236875e-07 1.1507774446023541e-07 0.0 
1.2161354788177076e-05 3.965746162031836e-05 4.2954601335583904e-07 1.8301947616961714e-07 1.1456215806713142e-07 0.0 
1.2164832139281353e-05 3.9723518235820447e-05 4.280251396805993e-07 1.8225374292283525e-07 1.1407190213939e-07 0.0 
1.2170784862421932e-05 3.9797843744254916e-05 4.2659494346325666e-07 1.8152819853664772e-07 1.136070406614532e-07 0.0 
1.2179208250410338e-05 3.988046710162276e-05 4.252535721419988e-07 1.808417857756694e-07 1.1316687448503369e-07 0.0 
1.2190061855434383e-05 3.997130336487288e-05 4.2399737683410547e-07 1.8019251054319487e-07 1.1275009397588003e-07 0.0 
1.2203384660371164e-05 4.007051484180267e-05 4.22826409465339e-07 1.79580233441656e-07 1.1235659070047122e-07 0.0 
1.2219324917473075e-05 4.01784528199516e-05 4.217492840881542e-07 1.7900853743050007e-07 1.1198857854477137e-07 0.0 
1.2238040818308432e-05 4.029555503652872e-05 4.2077371701664326e-07 1.784807117122814e-07 1.1164811272919734e-07 0.0 
1.2259591199885534e-05 4.0422117916063605e-05 4.1989892085861336e-07 1.7799637599931035e-07 1.1133496630852645e-07 0.0 
1.2284018258040394e-05 4.05583655648581e-05 4.191237066237569e-07 1.7755487080038105e-07 1.1104871422570187e-07 0.0 
1.2311370253927718e-05 4.0704545124382675e-05 4.184469610132539e-07 1.7715557044292793e-07 1.1078895333222267e-07 0.0 
1.2341681263850687e-05 4.086088570394193e-05 4.1786676270313113e-07 1.7679752014874534e-07 1.1055507727140186e-07 0.0 
1.2374962832786448e-05 4.1027580628069725e-05 4.173804981453103e-07 1.7647951848128595e-07 1.1034633027442293e-07 0.0 
1.241131431904021e-05 4.120501866407358e-05 4.16990095160207e-07 1.76202344508356e-07 1.1016320193701535e-07 0.0 
1.2450900052252993e-05 4.1393821313029775e-05 4.1669964227471395e-07 1.7596796016966297e-07 1.100069715296225e-07 0.0 
1.2493969293384774e-05 4.159480254274063e-05 4.1651958799247206e-07 1.7578135908866218e-07 1.0988084008810287e-07 0.0 
1.2541422850830362e-05 4.181057938920267e-05 4.16499558189411e-07 1.7566665092189672e-07 1.0980026110463032e-07 0.0 
1.2592833133512892e-05 4.203998834949261e-05 4.1661239620062757e-07 1.756097190066072e-07 1.0975605953788626e-07 0.0 
1.26480458738694e-05 4.228271320014371e-05 4.168446295707879e-07 1.756037970763353e-07 1.0974388466956144e-07 0.0 
1.270723784036749e-05 4.2539609245429904e-05 4.1719979761281866e-07 1.7565054174188087e-07 1.0976481691040855e-07 0.0 
1.2770550626694695e-05 4.281135474358167e-05 4.176806205760487e-07 1.757510745025549e-07 1.0981956523844929e-07 0.0 
1.283807428770632e-05 4.30981666678336e-05 4.1828925154617527e-07 1.7590591608740935e-07 1.0990838757954509e-07 0.0 
1.2909936148234544e-05 4.340028635115848e-05 4.190302542289461e-07 1.7611681375300046e-07 1.1003233909730585e-07 0.0 
1.298630779011147e-05 4.371839891401055e-05 4.1990705134484003e-07 1.763852784332885e-07 1.1019238780438947e-07 0.0 
1.3067350595608833e-05 4.405312907091111e-05 4.2092268202860004e-07 1.7671244203635332e-07 1.1038922867908309e-07 0.0 
1.3153229649023924e-05 4.4405101970303355e-05 4.2208032416425117e-07 1.770994567803084e-07 1.106235622801647e-07 0.0 
1.3244129780908582e-05 4.477499591626108e-05 4.233841024267875e-07 1.7754787279551784e-07 1.1089633673233643e-07 0.0 
1.3340248453398848e-05 4.516353355563031e-05 4.2483855688657736e-07 1.7805941228973848e-07 1.1120860717516145e-07 0.0 
1.3441795504830368e-05 4.55714845126044e-05 4.2644927412397997e-07 1.786362875656164e-07 1.1156173823878235e-07 0.0 
1.3548988850424351e-05 4.5999662755921444e-05 4.282212709983918e-07 1.792804282005015e-07 1.1195691582816661e-07 0.0 
1.3662070449116251e-05 4.6448978893881684e-05 4.3015976222694603e-07 1.7999388541054784e-07 1.1239541282105367e-07 0.0 
1.3781363482095348e-05 4.692065128458822e-05 4.322725025121244e-07 1.807801477739702e-07 1.1287946634027232e-07 0.0 
1.3907119326834224e-05 4.741570195962254e-05 4.345639130896607e-07 1.8164101374640856e-07 1.1341020908785042e-07 0.0 
1.40396183793196e-05 4.793521745687518e-05 4.370395553258328e-07 1.825786554413321e-07 1.1398898935387357e-07 0.0 
1.4179220213949392e-05 4.8480477339608985e-05 4.3971035943770596e-07 1.835976029822198e-07 1.1461862824697776e-07 0.0 
1.4326361398787918e-05 4.9052955113280705e-05 4.425921742145455e-07 1.8470451699763612e-07 1.1530327390832636e-07 0.0 
1.4481463503116326e-05 4.9654166987639464e-05 4.456957123215445e-07 1.8590372363053198e-07 1.1604561572936366e-07 0.0 
1.464496319432478e-05 5.028568726167173e-05 4.49032180408901e-07 1.8719972928352411e-07 1.1684845190190837e-07 0.0 
1.4817315330847756e-05 5.094916168276447e-05 4.5261336347297345e-07 1.8859725949116067e-07 1.1771471408340882e-07 0.0 
1.499900228321271e-05 5.164635024530708e-05 4.564515754458762e-07 1.9010124779146956e-07 1.1864746298483214e-07 0.0 
1.5190543896684762e-05 5.237915165487191e-05 4.605600957476904e-07 1.9171702370737508e-07 1.1965000658118415e-07 0.0 
1.5392401182513247e-05 5.314949635590233e-05 4.649452225378505e-07 1.9344710195218536e-07 1.2072394121977065e-07 0.0 
1.560495314963812e-05 5.395906321563631e-05 4.6960896468822807e-07 1.9529195875265265e-07 1.2186956059274623e-07 0.0 
1.5828716703035307e-05 5.48098133938048e-05 4.7456224872981675e-07 1.9725567085993106e-07 1.2308936194064953e-07 0.0 
1.6064340753967066e-05 5.570419341491048e-05 4.79820186144061e-07 1.9934427429607965e-07 1.2438709678755857e-07 0.0 
1.6312526847130625e-05 5.664484552787711e-05 4.853991282167402e-07 2.0156430075772785e-07 1.257668246320748e-07 0.0 
1.657403442592428e-05 5.763463355782475e-05 4.913167933069291e-07 2.039228344415284e-07 1.2723294935420918e-07 0.0 
1.6849893979662918e-05 5.867720359708662e-05 4.97605682749405e-07 2.064337131746451e-07 1.2879413889332497e-07 0.0 
1.7142038499133392e-05 5.977862972153909e-05 5.043519780824245e-07 2.0913513787927326e-07 1.304744080546489e-07 0.0 
1.7450810742546608e-05 6.094113992379541e-05 5.115376207904458e-07 2.1201760321337885e-07 1.322676995416044e-07 0.0 
1.7776947113402598e-05 6.216815186545526e-05 5.191645662038137e-07 2.1508123355347932e-07 1.3417411225826662e-07 0.0 
1.8121647162079532e-05 6.34641028104793e-05 5.272619661764656e-07 2.1833785279682838e-07 1.3620101280059215e-07 0.0 
1.848619062425014e-05 6.48336375960949e-05 5.358609415876373e-07 2.21799912054509e-07 1.3835613014652163e-07 0.0 
1.8872036347326317e-05 6.628212673774092e-05 5.449989632291584e-07 2.2548262843011982e-07 1.4064893642194913e-07 0.0 
1.92808103954359e-05 6.781540946812507e-05 5.547194866250625e-07 2.2940357301468246e-07 1.4309034891181483e-07 0.0 
1.971421549437307e-05 6.943986821684871e-05 5.650641809048524e-07 2.335796202249476e-07 1.4569087834928916e-07 0.0 
2.0174117719615733e-05 7.116247748732784e-05 5.76078553529496e-07 2.3802917679958901e-07 1.4846198531375953e-07 0.0 
2.0662582331587712e-05 7.299094630211511e-05 5.878132719655022e-07 2.427727879166839e-07 1.514164677039486e-07 0.0 
2.1182980217189716e-05 7.493753661884539e-05 6.003677107042052e-07 2.4785500230405044e-07 1.5458262331649265e-07 0.0 
2.1737780869486834e-05 7.701147747203995e-05 6.138020802204906e-07 2.5329965027420397e-07 1.579751985141561e-07 0.0 
2.2328886143001043e-05 7.92201576331753e-05 6.281494932517868e-07 2.591171714772897e-07 1.616003359285321e-07 0.0 
2.295937489031714e-05 8.157508961652016e-05 6.434850881626758e-07 2.653380177737092e-07 1.6547700541774965e-07 0.0 
2.3632698783213754e-05 8.408917342595585e-05 6.598934972713827e-07 2.719965694989485e-07 1.6962663311810268e-07 0.0 
2.4352704126524045e-05 8.677678763867353e-05 6.774689671258733e-07 2.7913111095038345e-07 1.74073078252917e-07 0.0 
2.5123686922912022e-05 8.965399620603561e-05 6.963166903774884e-07 2.867843705703338e-07 1.7884296974457542e-07 0.0 
2.5950457021011222e-05 9.27387894344779e-05 7.165543560047951e-07 2.9500414960834367e-07 1.8396609795714702e-07 0.0 
2.6838404758010514e-05 9.605135256234792e-05 7.38313678516603e-07 3.038439762597231e-07 1.894758269692864e-07 0.0 
2.7793637727900588e-05 9.961465563196057e-05 7.61743402149013e-07 3.133646295818494e-07 1.954100986680832e-07 0.0 
2.8823132088142444e-05 0.00010345483705024325 7.870149615509359e-07 3.2363626908996143e-07 2.0181271830060206e-07 0.0 
2.99347825989485e-05 0.00010760146671593031 8.143228311400246e-07 3.34738508607207e-07 2.0873339011355732e-07 0.0 
3.113747262966135e-05 0.00011208791972060341 8.438831612223665e-07 3.4675957567049827e-07 2.1622717693154068e-07 0.0 
3.244127747621404e-05 0.00011695206018159037 8.759409366979796e-07 3.5979940240418446e-07 2.2435643874460758e-07 0.0 
3.385771217950972e-05 0.00012223713350563222 9.107765409061278e-07 3.73972223107832e-07 2.3319243346625667e-07 0.0 
3.540030299495367e-05 0.0001279935748956383 9.487294369339423e-07 3.8941691216889463e-07 2.428218130043741e-07 0.0 
3.7084307165467865e-05 0.0001342786804532954 9.90171871557344e-07 4.062853492078117e-07 2.533393491177995e-07 0.0 
3.89272678988171e-05 0.00014115843754625512 1.0355289935518e-06 4.2475077786002215e-07 2.648531280196224e-07 0.0 
4.094950300269029e-05 0.00014870930691368743 1.0852926127236458e-06 4.450135991150659e-07 2.7748818187872045e-07 0.0 
4.317463350352263e-05 0.00015702026248031324 1.1400338110423413e-06 4.6730654826913253e-07 2.913897272148215e-07 0.0 
4.563023444128981e-05 0.0001661952331441749 1.2004194922008075e-06 4.919014154988853e-07 3.0672735204995215e-07 0.0 
4.834916462320564e-05 0.00017635641568829004 1.2672707984334442e-06 5.191320318590534e-07 3.2370907389164506e-07 0.0 
5.136975344257598e-05 0.00018764736252863153 1.3415253755001251e-06 5.493798488047586e-07 3.4257273496574297e-07 0.0 
5.473689612480656e-05 0.00020023721302711155 1.424264519088976e-06 5.830849108472753e-07 3.635928352358303e-07 0.0 
5.850353304562951e-05 0.00021432606135377995 1.516758741272048e-06 6.207642884005988e-07 3.8709195221793326e-07 0.0 
6.273305097358124e-05 0.00023015322553349304 1.6205287196132064e-06 6.630367905403597e-07 4.1345613043776223e-07 0.0 
6.750136008052127e-05 0.0002480059761366163 1.737390109012242e-06 7.106419172932277e-07 4.431468454177771e-07 0.0 
7.289948463150887e-05 0.0002682291602396255 1.869518369627563e-06 7.64465667044429e-07 4.7671699314783424e-07 0.0 
7.903774040528634e-05 0.0002912396391376572 2.019554231267046e-06 8.255822152042444e-07 5.148366755268522e-07 0.0 
8.604999968611716e-05 0.0003175436237994234 2.190696577227072e-06 8.952925983436964e-07 5.583175247459702e-07 0.0 
9.409932572841268e-05 0.0003477582768254637 2.3868337148906664e-06 9.751781128249536e-07 6.081460401996737e-07 0.0 
0.0001033850142742422 0.00038263843526990647 2.6127075395701374e-06 1.0671667842156376e-06 6.655250347172898e-07 0.0 
0.00011415135055470463 0.0004231100383611074 2.8741166566358075e-06 1.1736157355430086e-06 7.319250209608398e-07 0.0 
0.00012669902078935133 0.0004703127610203137 3.1782077476866347e-06 1.297430440294952e-06 8.091585828731865e-07 0.0 
0.00014139782233385227 0.000525648497544293 3.5337743029474878e-06 1.4421858125205512e-06 8.994558889211082e-07 0.0 
0.00015869898018424484 0.0005908305405988799 3.951479734646069e-06 1.612213891632312e-06 1.0055194139251092e-06 0.0 
0.0001791531147988353 0.000667948200836602 4.444410210621809e-06 1.8128432167888565e-06 1.1306744783781706e-06 0.0 
0.00020340471594077657 0.0007594499273158345 5.027835913786726e-06 2.0502886716320596e-06 1.2787993468676092e-06 0.0 
0.00023212687138132043 0.0008679133324770026 5.71721186498568e-06 2.330802942080157e-06 1.4537938142578023e-06 0.0 
0.00026588224028703067 0.0009955141719843422 6.525203750161785e-06 2.659521764227733e-06 1.6588642123347346e-06 0.0 
0.0003046637830676049 0.0011423136844272805 7.450353774229476e-06 3.035855602274149e-06 1.8936510220650553e-06 0.0 
0.0003468358494657305 0.001302254305093364 8.451429857675617e-06 3.4429554550867732e-06 2.147644756178947e-06 0.0 
0.0003874674283880705 0.0014568658863788654 9.407802515815549e-06 3.831677171713735e-06 2.390192825907212e-06 0.0 
0.00041717248920203614 0.001570814783556937 1.0092754017352802e-05 4.109743058266297e-06 2.5637344534654857e-06 0.0 
0.00042490883290560304 0.0016023189799145288 1.0242902123080344e-05 4.17003019903077e-06 2.601440097561342e-06 0.0 
0.0004058812836684035 0.0015329132909302347 9.748801806573078e-06 3.968134842524213e-06 2.4755941567348913e-06 0.0 
0.0003663105598731335 0.0013856449619461782 8.76636891877412e-06 3.567639795771733e-06 2.225842152918664e-06 0.0 
0.0003180163901253945 0.0012048933834222328 7.5828531008885735e-06 3.0854979421967237e-06 1.925131698344326e-06 0.0 
0.00027043183313699945 0.0010262647658619965 6.424665393849403e-06 2.6138325526216025e-06 1.6309315608394048e-06 0.0 
0.0002281311381081088 0.0008671403896200009 5.399895661063186e-06 2.196590734969736e-06 1.3706624964583295e-06 0.0 
0.00019229682720654686 0.0007321127621384932 4.535034099094081e-06 1.844513884518974e-06 1.1510312668819318e-06 0.0 
0.0001625571796616851 0.0006198828729584446 3.819637257085963e-06 1.5533230337181436e-06 9.693733908476714e-07 0.0 
0.00013804620574052066 0.0005272567724019318 3.2318252029463525e-06 1.314094183978256e-06 8.201253397200496e-07 0.0 
0.00011785307934055498 0.00045084777504079184 2.748984295885104e-06 1.1176120509931173e-06 6.97540867692464e-07 0.0 
0.00010117221043677701 0.0003876492989936905 2.3512691039009793e-06 9.557914793012972e-07 5.965778244951368e-07 0.0 
8.733403291445027e-05 0.0003351564721887572 2.02225651008251e-06 8.219412268916973e-07 5.130628723938832e-07 0.0 
7.579681926668084e-05 0.0002913394051538311 1.748706764760966e-06 7.106681967186083e-07 4.436322146645845e-07 0.0 
6.612683812578859e-05 0.00025457076084831 1.5200519940979763e-06 6.176685661701547e-07 3.8560139915065826e-07 0.0 
5.797789157992993e-05 0.00022355002682477256 1.3278802205734579e-06 5.395170029045551e-07 3.3683385717214954e-07 0.0 
5.1073598652839754e-05 0.0001972375793808942 1.1654946943582722e-06 4.7348681834067727e-07 2.956287195716083e-07 0.0 
4.519287031885068e-05 0.0001748006286835202 1.0275546128000622e-06 4.174035331997255e-07 2.6062949452582936e-07 0.0 
4.015803273212414e-05 0.00015556950861782932 9.097715444944002e-07 3.695212869626602e-07 2.3074707458362672e-07 0.0 
3.582579033379277e-05 0.00013900367505818747 8.086929587634318e-07 3.2843467044075347e-07 2.0510472015862862e-07 0.0 
3.208014790163278e-05 0.00012466515035041524 7.215301805299261e-07 2.9300858718902844e-07 1.8299429639361236e-07 0.0 
2.8826794538896364e-05 0.00011219749324179101 6.460209958017463e-07 2.623223063470041e-07 1.6384138075694447e-07 0.0 
2.5988637040949013e-05 0.00010130910180442462 5.803197799589699e-07 2.356247432838982e-07 1.47177380440544e-07 0.0 
2.3502416028997503e-05 9.176044853700179e-05 5.22916990485516e-07 2.1230180049742018e-07 1.3261916587373756e-07 0.0 
2.1315945984779234e-05 8.335371821479559e-05 4.725701055555819e-07 1.9184799293921087e-07 1.1985135307194943e-07 0.0 
1.9385817250710917e-05 7.592438504074197e-05 4.282440200168136e-07 1.7384209664325872e-07 1.0861112463710546e-07 0.0 
1.767586028666011e-05 6.933526211349478e-05 3.890779053948431e-07 1.5793384972635674e-07 9.867993518782311e-08 0.0 
1.6155798206309775e-05 6.347142509257558e-05 3.5435255567064484e-07 1.43830649690065e-07 8.987521251194793e-08 0.0 
1.4800172539328472e-05 5.823616770807329e-05 3.2346435877288976e-07 1.3128695136059644e-07 8.204374356419239e-08 0.0 
1.358748291468745e-05 5.3547759924522574e-05 2.9590449023475114e-07 1.2009579275990812e-07 7.505638784875503e-08 0.0 
1.2499504830790242e-05 4.933685951426035e-05 2.7124270886203296e-07 1.1008219646133382e-07 6.880395928353972e-08 0.0 
1.152072636911046e-05 4.554439467598873e-05 2.4911376803360783e-07 1.0109764042738536e-07 6.31937775018013e-08 0.0 
1.0637867986257827e-05 4.211980124078605e-05 2.2920491627971633e-07 9.30149708628714e-08 5.814649999542754e-08 0.0 
9.83969559919138e-06 3.902058986863762e-05 2.1125169640511016e-07 8.572726356647646e-08 5.3595492085776746e-08 0.0 
9.116517999612493e-06 3.6210035281421726e-05 1.950264967090961e-07 7.914237144627959e-08 4.948330473136153e-08 0.0 
8.459554302614247e-06 3.365408405825347e-05 1.8032409187730506e-07 7.317588763458106e-08 4.5757123097811785e-08 0.0 
7.861713882699296e-06 3.132562840656529e-05 1.6698105359688833e-07 6.77618951480071e-08 4.237586322400338e-08 0.0 
7.316714666357918e-06 2.9200677742839553e-05 1.5485150288084148e-07 6.28412465467634e-08 3.930262521506286e-08 0.0 
6.818564487821923e-06 2.7256280798591706e-05 1.4379256293571557e-07 5.835514609208413e-08 3.650064088313414e-08 0.0 
6.362381100133048e-06 2.5473701443116503e-05 1.3369095640211545e-07 5.4257509200029564e-08 3.3941140599087283e-08 0.0 
5.943888450561717e-06 2.383658417929867e-05 1.2444743672376853e-07 5.05080576015015e-08 3.159899208741537e-08 0.0 
5.55932343292257e-06 2.2330530860988318e-05 1.1597483079009665e-07 4.707142619221917e-08 2.9452129282100332e-08 0.0 
5.205468905488433e-06 2.0943086419382863e-05 1.0820105640602463e-07 4.391836962121176e-08 2.748228852922612e-08 0.0 
4.879476709774116e-06 1.9663193045362666e-05 1.0106233495521874e-07 4.1022936551723224e-08 2.5673253660494136e-08 0.0 
4.578695336657757e-06 1.848071729458592e-05 9.449641963678456e-08 3.8359852448536364e-08 2.400925618312497e-08 0.0 
4.300776112808918e-06 1.738667336840618e-05 8.844840611726588e-08 3.590685371410899e-08 2.2476408702435192e-08 0.0 
4.0436185889065495e-06 1.6373047610466206e-05 8.286917017233063e-08 3.36440158208918e-08 2.10622830701141e-08 0.0 
3.8053437406063867e-06 1.5432658167417252e-05 7.771484203366976e-08 3.1553536153725214e-08 1.9755772643361323e-08 0.0 
3.5842465461701617e-06 1.4559017234857119e-05 7.294563727538144e-08 2.9619314848020382e-08 1.854683858807533e-08 0.0 
3.3787821659942885e-06 1.3746239590165326e-05 6.852534355650722e-08 2.782668091076368e-08 1.7426332578118482e-08 0.0 
3.1876232593771926e-06 1.2989220255734814e-05 6.44235782627719e-08 2.616332678515664e-08 1.6386575917097223e-08 0.0 
3.0095770357105033e-06 1.2283351071247195e-05 6.061322223577731e-08 2.4618239702312586e-08 1.542069274390176e-08 0.0 
2.8435649860700746e-06 1.1624460546127907e-05 5.7069783947784745e-08 2.3181466645873373e-08 1.4522467650639634e-08 0.0 
2.6886127114582563e-06 1.1008777807299685e-05 5.377116851144326e-08 2.184402968049163e-08 1.3686294090990195e-08 0.0 
2.5438383861790185e-06 1.0432888358229897e-05 5.069740966027751e-08 2.0597816813431188e-08 1.2907106234225658e-08 0.0 
2.408442660577701e-06 9.89369534373247e-06 4.783043539138656e-08 1.9435486572397686e-08 1.2180319383483934e-08 0.0 
2.2816998046568925e-06 9.388385561943874e-06 4.515386262290596e-08 1.8350384404562102e-08 1.1501777774908149e-08 0.0 
2.1629534192649676e-06 8.914406839887783e-06 4.265300458166587e-08 1.7336542715546327e-08 1.0867753590525208e-08 0.0 
2.051617773740557e-06 8.469460300980977e-06 4.031493263560748e-08 1.6388697918641878e-08 1.0274956461775189e-08 0.0 
1.9471480989392873e-06 8.051426067501318e-06 3.8127408626390346e-08 1.550187804626935e-08 9.720280913114067e-09 0.0 
1.8490422280765081e-06 7.6583527003612e-06 3.6079118519385747e-08 1.4671488236724647e-08 9.20085742754248e-09 0.0 
1.7568405552233182e-06 7.288452856552494e-06 3.4159723466088764e-08 1.389332944250481e-08 8.714063537056015e-09 0.0 
1.6701199735108778e-06 6.9400826618216875e-06 3.235970277407588e-08 1.3163536814853294e-08 8.257485816814938e-09 0.0 
1.5884942106706196e-06 6.611742508077637e-06 3.067038670378747e-08 1.2478592905313808e-08 7.828927947419484e-09 0.0 
1.5116165097704306e-06 6.302077907549486e-06 2.9084002354002182e-08 1.1835342298100322e-08 7.4264191763440765e-09 0.0 
1.4391638074356816e-06 6.009830077208535e-06 2.7593326094583387e-08 1.1230853275217183e-08 7.048128485378588e-09 0.0 
1.3708327215182752e-06 5.733823505155297e-06 2.6191579423046088e-08 1.0662378019259735e-08 6.6923401441694244e-09 0.0 
1.3063381238027924e-06 5.472988789267113e-06 2.4872348018622613e-08 1.0127348284728776e-08 6.357455306688353e-09 0.0 
1.245439188822689e-06 5.226465448624691e-06 2.36302118995708e-08 9.623646191448771e-09 6.042163158119414e-09 0.0 
1.1878785022980362e-06 4.993181183008952e-06 2.245946618500219e-08 9.148881898482536e-09 5.7449599686235546e-09 0.0 
1.133443025195478e-06 4.772273537307969e-06 2.1355524627456464e-08 8.701177287327548e-09 5.464669164281256e-09 0.0 
1.081937003085461e-06 4.562977053188228e-06 2.031410771620641e-08 8.278801814266259e-09 5.200210139227032e-09 0.0 
1.0331739757192951e-06 4.364565229191806e-06 1.9331081569813356e-08 7.880079477877093e-09 4.9505362289959745e-09 0.0 
9.869820196136628e-07 4.176367308202634e-06 1.8402656950227043e-08 7.503474659736153e-09 4.714688391493301e-09 0.0 
9.432042692152774e-07 3.997765524800312e-06 1.7525459211781385e-08 7.147619905495763e-09 4.491811990020633e-09 0.0 
9.01696783345092e-07 3.828201149195484e-06 1.669632337252565e-08 6.811243672938011e-09 4.281114142076968e-09 0.0 
8.623581911229935e-07 3.667318357927793e-06 1.5913079681382678e-08 6.493546313244223e-09 4.0821052029889255e-09 0.0 
8.250326233718295e-07 3.514478470415222e-06 1.5172232118228938e-08 6.193048821379529e-09 3.893853803968909e-09 0.0 
7.895807079768454e-07 3.3691147227410144e-06 1.4470672039111242e-08 5.908454388334911e-09 3.715545603621993e-09 0.0 
7.558919842505177e-07 3.230794391616314e-06 1.3805973827319565e-08 5.638780756473266e-09 3.546567134777765e-09 0.0 
7.238635423302173e-07 3.0991139449162663e-06 1.3175883801625128e-08 5.3831153601089566e-09 3.3863484267205877e-09 0.0 
6.933994335144619e-07 2.9736967833884877e-06 1.2578306423545116e-08 5.140609729677006e-09 3.234359514207444e-09 0.0 
6.644101324768404e-07 2.854191179693621e-06 1.2011291742490592e-08 4.9104743985314645e-09 3.090107259965147e-09 0.0 
6.368120462818382e-07 2.7402683955690148e-06 1.1473023955859453e-08 4.691974262422446e-09 2.9531324595198774e-09 0.0 
6.105280620876463e-07 2.631623186282281e-06 1.0961854018181829e-08 4.484440784753117e-09 2.8230172102254e-09 0.0 
5.854863760651975e-07 2.527970584284351e-06 1.047625236389942e-08 4.28725377438095e-09 2.69937377518318e-09 0.0 
5.616188261510966e-07 2.4290432823654376e-06 1.0014744614383371e-08 4.0998183128825525e-09 2.5818307486673084e-09 0.0 
5.388625997696262e-07 2.3345964045884255e-06 9.575979189013724e-09 3.921592504413361e-09 2.470050252905099e-09 0.0 
5.171607643345543e-07 2.244404948187381e-06 9.158764629025092e-09 3.752099114021348e-09 2.3637345095994863e-09 0.0 
4.964618955838616e-07 2.1582638708378254e-06 8.762050551772254e-09 3.5909167374803286e-09 2.2626202769994e-09 0.0 
4.767132214902149e-07 2.0759638808767413e-06 8.384707069748646e-09 3.437586527364882e-09 2.166420620026507e-09 0.0 
4.578649994322156e-07 1.9973077169240947e-06 8.02567001473486e-09 3.2916763974139754e-09 2.07486535330003e-09 0.0 
4.3987046706254865e-07 1.9221098275110374e-06 7.683941301408904e-09 3.1527812085792848e-09 1.9877011440807795e-09 0.0 
4.2268563691405494e-07 1.850195465087885e-06 7.3585840674550856e-09 3.0205206468370607e-09 1.904690161095712e-09 0.0 
4.0626910396483736e-07 1.7813994428340006e-06 7.048722686292716e-09 2.894538989842902e-09 1.8256098748358773e-09 0.0 
3.905785210873938e-07 1.7155534931695344e-06 6.7534542068147334e-09 2.7744693383225776e-09 1.7502308406643061e-09 0.0 
3.7557163327671514e-07 1.6524916848755648e-06 6.4718515273875925e-09 2.659936020475373e-09 1.6783184663427205e-09 0.0 
3.612139588638128e-07 1.592076574031378e-06 6.203188295666933e-09 2.55064484270798e-09 1.6096888124450918e-09 0.0 
3.4747298449491807e-07 1.5341784236206533e-06 5.946782314191911e-09 2.44631950600637e-09 1.5441691134803116e-09 0.0 
3.343232066153192e-07 1.4786946172868894e-06 5.7021785787277165e-09 2.346777602326323e-09 1.4816451501069866e-09 0.0 
3.217449242726402e-07 1.4255517042280483e-06 5.469073963136531e-09 2.2519044722222392e-09 1.4220458271855574e-09 0.0 
3.097069450762593e-07 1.3746116072868335e-06 5.246776830275437e-09 2.161407486925907e-09 1.3651864848822644e-09 0.0 
2.9818041388318834e-07 1.3257570155081572e-06 5.034647256360136e-09 2.0750248906101894e-09 1.310903288096898e-09 0.0 
2.871388938616011e-07 1.278884616869379e-06 4.832101906312904e-09 1.992521418650571e-09 1.2590494505761052e-09 0.0 
2.765571484448333e-07 1.2338958927322637e-06 4.638585975893568e-09 1.9136736286741853e-09 1.2094855843066614e-09 0.0 
2.6640970724595503e-07 1.1906933082613058e-06 4.4535416921275096e-09 1.8382592556710103e-09 1.1620733133372314e-09 0.0 
2.566757172018809e-07 1.1491934766423042e-06 4.27653762157067e-09 1.7661039099599878e-09 1.1167035928079195e-09 0.0 
2.473360645413208e-07 1.1093191271190752e-06 4.1071833750961566e-09 1.6970491521070447e-09 1.0732772385736043e-09 0.0 
2.3837264246953647e-07 1.070997017813966e-06 3.94510986738671e-09 1.630945220106313e-09 1.0317004973516704e-09 0.0 
2.2976829103659393e-07 1.0341576965969059e-06 3.789968014627968e-09 1.5676504970296976e-09 9.91884713509674e-10 0.0 
2.2150674103991117e-07 9.98735277937219e-07 3.6414275209140925e-09 1.5070310150472758e-09 9.537460186232728e-10 0.0 
2.1357296593244635e-07 9.646682336904427e-07 3.4991880494969617e-09 1.4489645513008022e-09 9.172078153412482e-10 0.0 
2.0595891361905736e-07 9.319333946343152e-07 3.3631083980609897e-09 1.3934057318170983e-09 8.822431236915843e-10 0.0 
1.9865283855307757e-07 9.004860315430462e-07 3.2329592058384477e-09 1.3402649961575505e-09 8.48796233315882e-10 0.0 
1.91635925985303e-07 8.702365484816205e-07 3.1083550556438615e-09 1.289372218458286e-09 8.167588608942153e-10 0.0 
1.8489481271139742e-07 8.411302621280796e-07 2.989022839240668e-09 1.2406160060601235e-09 7.860612038141732e-10 0.0 
1.7841719123058855e-07 8.131177125801716e-07 2.8747118248552207e-09 1.1938949994649269e-09 7.566398574976062e-10 0.0 
1.721913755236918e-07 7.861518796134221e-07 2.765184608008172e-09 1.149113227797127e-09 7.284347835512481e-10 0.0 
1.6620626574129508e-07 7.601880476387249e-07 2.660216327960563e-09 1.106179794704592e-09 7.013891143024289e-10 0.0 
1.6045131512409744e-07 7.351836762310987e-07 2.5595939229404914e-09 1.0650085721842575e-09 6.754489607846494e-10 0.0 
1.5491651589096944e-07 7.110988210334937e-07 2.463116164648146e-09 1.0255187645167398e-09 6.505638385394469e-10 0.0 
1.495925771976541e-07 6.878962191750932e-07 2.3706037281516603e-09 9.876384930274103e-10 6.266888002036146e-10 0.0 
1.444704753788548e-07 6.655390288169489e-07 2.2818781831988623e-09 9.512953433044543e-10 6.037784709776444e-10 0.0 
1.395414808792401e-07 6.439917764330014e-07 2.1967636849830427e-09 9.164180669736204e-10 5.817882441296946e-10 0.0 
1.3479749147816812e-07 6.232212860275523e-07 2.1151002198007847e-09 8.829417709810207e-10 5.606774613188168e-10 0.0 
1.302307916892814e-07 6.03196074861157e-07 2.0367407782817617e-09 8.508073140350081e-10 5.404090846002818e-10 0.0 
1.258335046158947e-07 5.838844837302904e-07 1.9615255450917247e-09 8.199504723300165e-10 5.209429759153787e-10 0.0 
1.2159857369654337e-07 5.652580177545156e-07 1.8893125015216264e-09 7.903143065864114e-10 5.022435600906432e-10 0.0 
1.17519023180057e-07 5.472882247143552e-07 1.819961471351281e-09 7.618420090516328e-10 4.842752678664854e-10 0.0 
1.1358825986547474e-07 5.299495802233202e-07 1.7533420597007334e-09 7.344820283252559e-10 4.670060296376277e-10 0.0 
1.0980038184060277e-07 5.132190743535718e-07 1.6893406640235187e-09 7.081895536908296e-10 4.5040796233169684e-10 0.0 
1.0615151217641273e-07 4.970772093625818e-07 1.627892073241494e-09 6.829359568276545e-10 4.3446266202314944e-10 0.0 
1.0263647210101473e-07 4.815022083507719e-07 1.56889501218318e-09 6.586797927046269e-10 4.191440925559765e-10 0.0 
9.925019315171419e-08 4.66472889035864e-07 1.512249211275479e-09 6.353801098532028e-10 4.0442655946180543e-10 0.0 
9.59876383329796e-08 4.519684772472378e-07 1.4578549156222151e-09 6.12996332035031e-10 3.9028462613617165e-10 0.0 
9.284396305364892e-08 4.3796895200017005e-07 1.4056165383575579e-09 5.914895889453392e-10 3.7669392500947264e-10 0.0 
8.981449617826794e-08 4.24455113691314e-07 1.3554420780306401e-09 5.708225211393951e-10 3.6363104088171906e-10 0.0 
8.689430547712362e-08 4.1140643186037173e-07 1.3072333672853475e-09 5.509550385969891e-10 3.510708312613458e-10 0.0 
8.407780310222096e-08 3.987991816378507e-07 1.2608773396348424e-09 5.318405882906422e-10 3.389840757194968e-10 0.0 
8.136020747508946e-08 3.866144649378246e-07 1.2162799494544953e-09 5.134415951348409e-10 3.2734730204814203e-10 0.0 
7.873665557311172e-08 3.7483354629886353e-07 1.1733459201595664e-09 4.957203453848177e-10 3.1613699326269175e-10 0.0 
7.620347959498146e-08 3.634411465427846e-07 1.1320054323830958e-09 4.786484797336627e-10 3.053353576583874e-10 0.0 
7.375718498904511e-08 3.5242267469960145e-07 1.09219219995946e-09 4.6219906280451215e-10 2.949254936326974e-10 0.0 
7.139442902250353e-08 3.417641599022211e-07 1.053843012576401e-09 4.463464102567055e-10 2.8489128320094423e-10 0.0 
6.911201342114226e-08 3.3145222184571303e-07 1.016897578476944e-09 4.31066024701474e-10 2.752173519012204e-10 0.0 
6.690709584142487e-08 3.2147576479143654e-07 9.813038397390992e-10 4.1633754302984025e-10 2.6589101851797926e-10 0.0 
6.477776452002691e-08 3.1183199477271225e-07 9.470295344181617e-10 4.021522894414759e-10 2.569074374627031e-10 0.0 
6.272061667997938e-08 3.0250288551543956e-07 9.140103716560548e-10 3.8848099697795524e-10 2.4824779797980095e-10 0.0 
6.07327320675238e-08 2.9347343264620827e-07 8.821938548827354e-10 3.7530020476702486e-10 2.398970593601654e-10 0.0 
5.8811715684233204e-08 2.847335258666551e-07 8.515367855834104e-10 3.6259235668114795e-10 2.3184418808387693e-10 0.0 
5.695694964804405e-08 2.7627927701598373e-07 8.220422981345564e-10 3.503581219547384e-10 2.2408940805039194e-10 0.0 
5.516639493841882e-08 2.6810241063511386e-07 7.936748162387331e-10 3.3858340434470876e-10 2.1662389523207796e-10 0.0 
5.343755722024145e-08 2.60193470619573e-07 7.663844546526997e-10 3.2724876228854617e-10 2.0943558087286565e-10 0.0 
5.176776115950167e-08 2.525415437534956e-07 7.401171566079496e-10 3.1633235204374405e-10 2.0251080183643593e-10 0.0 
5.0154512162977224e-08 2.4513626166565167e-07 7.148234365383257e-10 3.058140535295175e-10 1.9583695079903386e-10 0.0 
4.859509317224613e-08 2.3796655576692878e-07 6.904499136768483e-10 2.9567245189835327e-10 1.8940063953464798e-10 0.0 
4.7087175553577386e-08 2.310227557518183e-07 6.669522931299816e-10 2.858896999248583e-10 1.8319068556195383e-10 0.0 
4.562891228983951e-08 2.24297153452524e-07 6.442970610841613e-10 2.7645234911301763e-10 1.7719867363488404e-10 0.0 
4.42185280328434e-08 2.1778219633909946e-07 6.224517583261458e-10 2.6734717072917793e-10 1.7141628948158715e-10 0.0 
4.2854313936097864e-08 2.114703963344642e-07 6.013847346262564e-10 2.585609669919873e-10 1.6583518607184308e-10 0.0 
4.153463101492181e-08 2.0535474650344762e-07 5.810661225095723e-10 2.5008153311508466e-10 1.6044768565775502e-10 0.0 
4.0257904375450906e-08 1.9942851811151615e-07 5.614673194119621e-10 2.418971950828301e-10 1.5524644607150367e-10 0.0 
3.902262435540669e-08 1.9368537113418042e-07 5.425611379209317e-10 2.3399700875504865e-10 1.5022460152388883e-10 0.0 
3.782733476861179e-08 1.8811918756060818e-07 5.243213628983364e-10 2.263704181503951e-10 1.4537552931122672e-10 0.0 
3.6670617739545715e-08 1.8272386309618802e-07 5.067223476205791e-10 2.190069178164849e-10 1.4069261638143722e-10 0.0 
3.555124774734682e-08 1.7749394458915273e-07 4.897418543655115e-10 2.1189730804831821e-10 1.361700589171347e-10 0.0 
3.4468223779416706e-08 1.724247280029558e-07 4.733615664262452e-10 2.0503388134082364e-10 1.3180297684232958e-10 0.0 
3.342022428054283e-08 1.6751058850761886e-07 4.575580694406698e-10 1.9840708651703568e-10 1.2758535998208524e-10 0.0 
3.2405945592529416e-08 1.6274601677986363e-07 4.4230846147150986e-10 1.9200760857982066e-10 1.2351134902330126e-10 0.0 
3.1424356350288674e-08 1.581269934870192e-07 4.275948942221506e-10 1.8582854597026456e-10 1.1957664345129436e-10 0.0 
3.047456968084346e-08 1.5365001831433407e-07 4.1340287202759334e-10 1.7986430412982304e-10 1.1577774955376694e-10 0.0 
2.955555317345181e-08 1.4931062445687956e-07 3.9971436547191715e-10 1.7410751724963286e-10 1.1211002514749068e-10 0.0 
2.866624632859584e-08 1.4510425237157232e-07 3.8651032354435997e-10 1.6855039377422445e-10 1.0856856543410998e-10 0.0 
