4.009766251332743e-05 0.00010693783463943304 2.612402432351267e-06 1.2801934616270432e-06 8.24437301851297e-07 0.0 
3.949867069348263e-05 0.0001054871438052466 2.5618581609402504e-06 1.2539167624992791e-06 8.072882521837628e-07 0.0 
3.891116670090947e-05 0.00010406274378789759 2.5124698910514096e-06 1.2282684539008962e-06 7.905536890609162e-07 0.0 
3.8335065657084876e-05 0.00010266443549893258 2.4642236208047264e-06 1.2032414651447661e-06 7.74229075292418e-07 0.0 
3.7770115865565005e-05 0.00010129166210916441 2.417089488947582e-06 1.1788188030398205e-06 7.583030430143722e-07 0.0 
3.721586576752058e-05 9.994345286331375e-05 2.3710191744194127e-06 1.1549728451933082e-06 7.427571470861437e-07 0.0 
3.667220621476017e-05 9.861968784739182e-05 2.3259860091823838e-06 1.13168859417375e-06 7.275816467264178e-07 0.0 
3.6138905599098415e-05 9.731989496615458e-05 2.2819586712821666e-06 1.1089479755374322e-06 7.127644635237192e-07 0.0 
3.5615725916545445e-05 9.604358196378131e-05 2.23890622527302e-06 1.0867331420281512e-06 6.982936556035724e-07 0.0 
3.510243624319935e-05 9.479022491471869e-05 2.196802250150048e-06 1.0650288615789023e-06 6.841589948855978e-07 0.0 
3.45988338488268e-05 9.355929720696033e-05 2.155638765030362e-06 1.0438310508799792e-06 6.703576830763089e-07 0.0 
3.410473459436659e-05 9.235034581550328e-05 2.115409367270935e-06 1.0231374786651313e-06 6.568883312980874e-07 0.0 
3.36199854162845e-05 9.116306139428926e-05 2.0760953013059764e-06 1.0029375802290103e-06 6.437439095991583e-07 0.0 
3.314445069891513e-05 8.999716686925481e-05 2.0376828681679667e-06 9.832235837778406e-07 6.30919228127475e-07 0.0 
3.267775712887308e-05 8.88518527068063e-05 2.0001252265338632e-06 9.639687785139078e-07 6.1839652109832e-07 0.0 
3.221961691867256e-05 8.772648793038007e-05 1.963386972925072e-06 9.451530731964327e-07 6.061624229659263e-07 0.0 
3.1769837067140205e-05 8.662063351857727e-05 1.927446366804814e-06 9.26764210622222e-07 5.942087595906324e-07 0.0 
3.132822955713141e-05 8.553386132598944e-05 1.8922823106479625e-06 9.087903127558935e-07 5.825276131618218e-07 0.0 
3.089478192470566e-05 8.446632333754523e-05 1.857880092662496e-06 8.912235120349075e-07 5.711139715547762e-07 0.0 
3.0470301770927357e-05 8.341931725154068e-05 1.8244100530890354e-06 8.741599614288198e-07 5.600310293193754e-07 0.0 
3.0054581674098706e-05 8.239231394359663e-05 1.7918472756996403e-06 8.575837026813979e-07 5.492678997316973e-07 0.0 
2.9646389194458844e-05 8.138337084947928e-05 1.759952354114983e-06 8.413627490848847e-07 5.387382243810058e-07 0.0 
2.9245541310349228e-05 8.039209403070602e-05 1.7287022034905703e-06 8.254842571975405e-07 5.284334762397162e-07 0.0 
2.8851869046069772e-05 7.94180716506604e-05 1.6980809668774057e-06 8.099393489940994e-07 5.183477126612924e-07 0.0 
2.8465199491529354e-05 7.846087684686186e-05 1.6680730520987306e-06 7.947193113656823e-07 5.084751042420774e-07 0.0 
2.8085434709843456e-05 7.752030290689102e-05 1.6386664691750568e-06 7.798177030881134e-07 4.988114539657971e-07 0.0 
2.7712470417063774e-05 7.659611378119123e-05 1.609850292432128e-06 7.652285855120714e-07 4.893528589393893e-07 0.0 
2.7346303435900723e-05 7.568827368033353e-05 1.5816276694786915e-06 7.50954209158896e-07 4.801008804539621e-07 0.0 
2.6986875120275818e-05 7.47966408417037e-05 1.5539934231297765e-06 7.369920470676945e-07 4.7105388510479485e-07 0.0 
2.6634005092079495e-05 7.392078362678919e-05 1.526930274990058e-06 7.23332332754908e-07 4.62205330352138e-07 0.0 
2.6287517892117765e-05 7.306028148928187e-05 1.5004214971210825e-06 7.099656261458667e-07 4.535488953121723e-07 0.0 
2.594724803327924e-05 7.22147307340004e-05 1.4744520364183175e-06 6.968834105465345e-07 4.4507886745226036e-07 0.0 
2.5613658189956707e-05 7.13844635172102e-05 1.4491397163562636e-06 6.841472906443771e-07 4.368349375639613e-07 0.0 
2.528715048709053e-05 7.057069913365112e-05 1.4244913428407787e-06 6.717625657306831e-07 4.2882126812698807e-07 0.0 
2.4967863769088194e-05 6.977472055707824e-05 1.4004391043843098e-06 6.596978545402321e-07 4.210186523364945e-07 0.0 
2.4655140089085948e-05 6.899468224108638e-05 1.3769453001454935e-06 6.479291407029177e-07 4.134101885593327e-07 0.0 
2.4348009960668047e-05 6.822798923526072e-05 1.3539421013252096e-06 6.364167384256056e-07 4.059690563810542e-07 0.0 
2.4046348704273437e-05 6.74743885001558e-05 1.3314156095968214e-06 6.251529620967508e-07 3.986901889083792e-07 0.0 
2.375010272414712e-05 6.673383179704444e-05 1.3093563186671823e-06 6.141327012413078e-07 3.9157026985713045e-07 0.0 
2.3459076224009608e-05 6.600580941508883e-05 1.2877490825677729e-06 6.033474219674983e-07 3.8460358880295487e-07 0.0 
2.3173210666970186e-05 6.529016655693047e-05 1.2665921152040133e-06 5.927964306463746e-07 3.777897003016921e-07 0.0 
2.2892499844901323e-05 6.458690084334711e-05 1.2458869507290414e-06 5.824809726139909e-07 3.711294677802983e-07 0.0 
2.2616797811128368e-05 6.389567330628064e-05 1.225618882435642e-06 5.723928485912034e-07 3.646174394189505e-07 0.0 
2.234598818791366e-05 6.321625318626399e-05 1.2057735035691831e-06 5.625246602856461e-07 3.582488274415044e-07 0.0 
2.2080040487123557e-05 6.254859318570399e-05 1.186345497268135e-06 5.528739693926145e-07 3.5202212624939443e-07 0.0 
2.1818874271218724e-05 6.189250221883998e-05 1.167327256654687e-06 5.43436624935718e-07 3.4593457910435156e-07 0.0 
2.1562416117746957e-05 6.124780449717666e-05 1.1487122186002725e-06 5.342091243376706e-07 3.399838665805882e-07 0.0 
2.1310557868263274e-05 6.0614256265458994e-05 1.1304882821886284e-06 5.251847534528224e-07 3.341655426899028e-07 0.0 
2.1063243711411154e-05 5.999183160503972e-05 1.1126447243973478e-06 5.163577005026255e-07 3.284758178205666e-07 0.0 
2.082046106334324e-05 5.938062155675777e-05 1.0951745787747976e-06 5.077241199352159e-07 3.2291220072564774e-07 0.0 
2.058211370258293e-05 5.878038223531336e-05 1.0780684912883453e-06 4.9927871519258e-07 3.174711616110516e-07 0.0 
2.034814207464654e-05 5.8190904704932636e-05 1.0613242388854124e-06 4.910198114698965e-07 3.121515021702765e-07 0.0 
2.011851235668985e-05 5.761201623543364e-05 1.0449431952711986e-06 4.829475119378261e-07 3.069531622534015e-07 0.0 
1.9893134846901865e-05 5.70434685293315e-05 1.028916972149876e-06 4.750569758611939e-07 3.0187290207929645e-07 0.0 
1.967192777815328e-05 5.6485046410035475e-05 1.0132373730989674e-06 4.673434930911205e-07 2.969075733870438e-07 0.0 
1.945469851970204e-05 5.5936294929674054e-05 9.978854741012882e-07 4.597968389707009e-07 2.9205045488740897e-07 0.0 
1.9241351886621222e-05 5.539697535438544e-05 9.828531953704372e-07 4.5241303416393005e-07 2.8729899167897846e-07 0.0 
1.9031808987211494e-05 5.4866928878996526e-05 9.681316747410268e-07 4.4518752639822074e-07 2.826502279653118e-07 0.0 
1.8825912656429733e-05 5.434596778934123e-05 9.53699514815258e-07 4.381098748197282e-07 2.7809750362191587e-07 0.0 
1.8623597717872038e-05 5.38339580206713e-05 9.395495700313302e-07 4.31176294664641e-07 2.736383428951302e-07 0.0 
1.842480517630529e-05 5.333075714646463e-05 9.256760970493446e-07 4.2438364354434914e-07 2.6927066809994683e-07 0.0 
1.8229477824124463e-05 5.283622589632806e-05 9.120735142383925e-07 4.1772886907054704e-07 2.649924615457137e-07 0.0 
1.8037564838360803e-05 5.235023401001245e-05 8.987366953185806e-07 4.1120914819306493e-07 2.60801855693724e-07 0.0 
1.784901262298942e-05 5.187264981170918e-05 8.856603817184773e-07 4.048216072215828e-07 2.566969518827357e-07 0.0 
1.7663767212357182e-05 5.140334300897983e-05 8.728393305951646e-07 3.9856339188052056e-07 2.526758656463689e-07 0.0 
1.7481822581849564e-05 5.0942318341552725e-05 8.602711763122977e-07 3.9243334300419263e-07 2.487378649884237e-07 0.0 
1.730317992432146e-05 5.04896221925779e-05 8.479527530188817e-07 3.864300993884608e-07 2.448821409442205e-07 0.0 
1.712768037466489e-05 5.004487431026038e-05 8.358705038192426e-07 3.805464902286186e-07 2.411039970298814e-07 0.0 
1.6955314105269636e-05 4.960815647160806e-05 8.24019134267566e-07 3.747798785432938e-07 2.3740177160175737e-07 0.0 
1.6786668658280836e-05 4.9181432744526054e-05 8.124189559721328e-07 3.6914303790361124e-07 2.3378443948449499e-07 0.0 
1.662237892733045e-05 4.876596947832475e-05 8.011558698086548e-07 3.636812682085083e-07 2.302812650701271e-07 0.0 
1.6461866630064363e-05 4.8360018131642934e-05 7.901968614695799e-07 3.583747662930303e-07 2.268787642146268e-07 0.0 
1.6304201717322382e-05 4.79613635767731e-05 7.794447785091461e-07 3.531720684376617e-07 2.235434391651395e-07 0.0 
1.614942169115847e-05 4.7569931891803366e-05 7.689052517626608e-07 3.4807530510369657e-07 2.2027655687390198e-07 0.0 
1.599745598687669e-05 4.7185561927270004e-05 7.585717434748451e-07 3.4308102499969225e-07 2.1707585267758085e-07 0.0 
1.5848228090882676e-05 4.680808443086061e-05 7.484371176273795e-07 3.381855093684556e-07 2.139388946700329e-07 0.0 
1.5701668089089202e-05 4.6437339237013354e-05 7.384949067879294e-07 3.3338536875704806e-07 2.1086346390327102e-07 0.0 
1.555769037878473e-05 4.6073175295101606e-05 7.287372383318856e-07 3.2867661874726037e-07 2.0784697451744635e-07 0.0 
1.541620653022054e-05 4.571551299532927e-05 7.191571769306544e-07 3.240559574908141e-07 2.048873130143999e-07 0.0 
1.5277176999394196e-05 4.53642409952868e-05 7.097533867420226e-07 3.195226292701727e-07 2.0198395893110377e-07 0.0 
1.5140552960958444e-05 4.501922644248623e-05 7.005220023243651e-07 3.150745226102094e-07 1.9913551380511127e-07 0.0 
1.5006275703602033e-05 4.468032180656951e-05 6.914586711083139e-07 3.1070934466056585e-07 1.96340468910949e-07 0.0 
1.4874341406550154e-05 4.434752796687451e-05 6.825620619579546e-07 3.0642654371097926e-07 1.9359849587221342e-07 0.0 
1.474488224649344e-05 4.402121029676465e-05 6.738401421124404e-07 3.022308627073148e-07 1.909128144826008e-07 0.0 
1.4617886108020166e-05 4.37013439378853e-05 6.652909531693381e-07 2.981212832488409e-07 1.8828276200085074e-07 0.0 
1.4493315726486594e-05 4.338783835955003e-05 6.569106598731691e-07 2.940957211252458e-07 1.8570696376782428e-07 0.0 
1.4371135446705777e-05 4.308060520859705e-05 6.486955451015186e-07 2.901521563761907e-07 1.8318408772436474e-07 0.0 
1.4251310356996533e-05 4.27795582245268e-05 6.406419811411514e-07 2.8628861939494195e-07 1.80712835284925e-07 0.0 
1.4133805853457291e-05 4.2484613650627534e-05 6.327464124022255e-07 2.8250318263745656e-07 1.7829193591017827e-07 0.0 
1.4018598076840658e-05 4.219573529916109e-05 6.25005559567814e-07 2.787941005827697e-07 1.7592025029207386e-07 0.0 
1.3905856839635705e-05 4.1913231373376055e-05 6.17442428819276e-07 2.751726989309174e-07 1.736049959153402e-07 0.0 
1.3796003547288316e-05 4.163778954471286e-05 6.101146444977482e-07 2.716669269083201e-07 1.7136392502363187e-07 0.0 
1.3688531247570398e-05 4.1368565215651905e-05 6.02952060373699e-07 2.682422409007361e-07 1.6917500007691462e-07 0.0 
1.358331914343414e-05 4.11053681489863e-05 5.959383995214055e-07 2.648908604159474e-07 1.670332851835266e-07 0.0 
1.3480324973339057e-05 4.084809215416669e-05 5.890701190838356e-07 2.616108348431549e-07 1.649374891714265e-07 0.0 
1.3379411238744945e-05 4.059637500064749e-05 5.823372040447029e-07 2.583969037059063e-07 1.6288417267517563e-07 0.0 
1.3280515172884455e-05 4.035006659501552e-05 5.757341763838829e-07 2.552462086656245e-07 1.6087147156626617e-07 0.0 
1.3183571703058008e-05 4.010902899663558e-05 5.692559005724332e-07 2.5215611566652683e-07 1.5889767019160644e-07 0.0 
1.3088549403842538e-05 3.987323215224449e-05 5.628988407900289e-07 2.4912479733571593e-07 1.5696158397162305e-07 0.0 
1.2995474589282622e-05 3.964277940115369e-05 5.566637502989086e-07 2.4615284563667466e-07 1.550636404113552e-07 0.0 
1.290435033633876e-05 3.9417693615992244e-05 5.505499957421951e-07 2.432399721756987e-07 1.5320366201122323e-07 0.0 
1.281518257938869e-05 3.919798903785915e-05 5.445568408232176e-07 2.4038569011153765e-07 1.5138132004674102e-07 0.0 
1.2728065475581336e-05 3.898390571114563e-05 5.386906188922364e-07 2.375931137565268e-07 1.4959862611499905e-07 0.0 
1.2643337369567372e-05 3.8776715328864396e-05 5.329627289584358e-07 2.3486895224627294e-07 1.4786018325975936e-07 0.0 
1.2561085587229485e-05 3.8576806922465794e-05 5.273739424831543e-07 2.3221383199206162e-07 1.4616644988484963e-07 0.0 
1.2481098401445935e-05 3.838338060771622e-05 5.219179468770245e-07 2.2962378691955375e-07 1.4451465125777325e-07 0.0 
1.2403125130633963e-05 3.819552844350586e-05 5.165857623518019e-07 2.2709356613124394e-07 1.4290123315721343e-07 0.0 
1.2327133143809846e-05 3.801317864391555e-05 5.113745556659484e-07 2.246216527522021e-07 1.4132519962815274e-07 0.0 
1.2253097276122529e-05 3.783627717431893e-05 5.062817800723801e-07 2.2220668845150877e-07 1.3978565981313084e-07 0.0 
1.2180991816749501e-05 3.766476867019446e-05 5.013048511432661e-07 2.198472969681628e-07 1.3828171158345938e-07 0.0 
1.211070582243619e-05 3.749837510403278e-05 4.964351335824864e-07 2.175390170861451e-07 1.3681045605549406e-07 0.0 
1.2042160295100558e-05 3.733690056256239e-05 4.916663639872655e-07 2.1527860194211985e-07 1.3536978072049673e-07 0.0 
1.1975325783664414e-05 3.7180278139846705e-05 4.869958366170728e-07 2.1306462130658282e-07 1.339587493215742e-07 0.0 
1.1910173694770751e-05 3.702844316193184e-05 4.82420912353993e-07 2.1089567972966847e-07 1.3257644834220943e-07 0.0 
1.1846674528970946e-05 3.688133024454433e-05 4.779388469491932e-07 2.0877034176712185e-07 1.3122194052710564e-07 0.0 
1.1784779343548385e-05 3.673884219155676e-05 4.7354495950970264e-07 2.066863303038037e-07 1.2989376611987156e-07 0.0 
1.1724451817071785e-05 3.660090309339198e-05 4.6923571549992055e-07 2.0464185538420246e-07 1.2859076670667396e-07 0.0 
1.1665662037186608e-05 3.646744835649336e-05 4.6500818516717496e-07 2.026353930775343e-07 1.2731194981889284e-07 0.0 
1.1608717973759706e-05 3.63392199082741e-05 4.608888877544404e-07 2.0068045527484258e-07 1.2606603070260236e-07 0.0 
1.1553999651185559e-05 3.621711835367781e-05 4.569101261269272e-07 1.9879294826031286e-07 1.2486319050654447e-07 0.0 
1.15010541336645e-05 3.6100092031171085e-05 4.5303038209701665e-07 1.9695188290843317e-07 1.236899368748298e-07 0.0 
1.1449865987528157e-05 3.598812354530652e-05 4.4924681609045107e-07 1.951558068161856e-07 1.2254533884466409e-07 0.0 
1.1400458435582294e-05 3.588128165787051e-05 4.4556004617542723e-07 1.9340488478783107e-07 1.2142948450572584e-07 0.0 
1.1352901122247605e-05 3.5779783773451344e-05 4.419725615603438e-07 1.9170037485514393e-07 1.203432010527778e-07 0.0 
1.1307270413736232e-05 3.568387244163342e-05 4.384870476464418e-07 1.9004365982437017e-07 1.1928740175028437e-07 0.0 
1.1263580570975954e-05 3.55935999758948e-05 4.351031235716328e-07 1.8843439439570725e-07 1.1826184297974846e-07 0.0 
1.1221796550061428e-05 3.550894300555888e-05 4.3181570949784325e-07 1.8687016392573937e-07 1.1726498971424187e-07 0.0 
1.1181839932559384e-05 3.542982659934339e-05 4.286156399838594e-07 1.8534678929659335e-07 1.162942119666488e-07 0.0 
1.1143682006405699e-05 3.535621929060344e-05 4.2550068260154843e-07 1.8386314401138508e-07 1.1534877873845419e-07 0.0 
1.110731356552337e-05 3.528811771689647e-05 4.224705216952123e-07 1.8241897075518465e-07 1.1442850550559409e-07 0.0 
1.107275190565572e-05 3.5225582564995195e-05 4.1952560958621377e-07 1.8101436022583105e-07 1.1353343084673119e-07 0.0 
1.1040002480846167e-05 3.516865980084786e-05 4.1666499904802153e-07 1.7964876779061216e-07 1.1266319426822979e-07 0.0 
1.100904108419491e-05 3.511729122870725e-05 4.1388663719446996e-07 1.7832104052202703e-07 1.118170313881878e-07 0.0 
1.0979822393875723e-05 3.5071348124475316e-05 4.111877023112277e-07 1.770296054301591e-07 1.1099389954302857e-07 0.0 
1.0952348494173389e-05 3.503086629734626e-05 4.0856717422564066e-07 1.7577387073317973e-07 1.1019340624179429e-07 0.0 
1.092662871742571e-05 3.49959010662664e-05 4.0602421301589994e-07 1.7455334876924042e-07 1.094152312667739e-07 0.0 
1.0902823960543961e-05 3.4967298260309624e-05 4.0356087742465997e-07 1.7336954135692677e-07 1.0866046530781442e-07 0.0 
1.0881001813089063e-05 3.4945354439303826e-05 4.0117862643127555e-07 1.7222325727161845e-07 1.0792964491260698e-07 0.0 
1.0861111733311854e-05 3.4929775310762914e-05 3.9887599372875645e-07 1.711134603780267e-07 1.0722203724882265e-07 0.0 
1.084307371735648e-05 3.4920147840578956e-05 3.9665091962962356e-07 1.7003874022292974e-07 1.0653666003538878e-07 0.0 
1.0826946784054518e-05 3.491666813044067e-05 3.945061117887575e-07 1.690005015679942e-07 1.0587443286939273e-07 0.0 
1.0812761299604075e-05 3.49194592550516e-05 3.9244169877544326e-07 1.6799877644731395e-07 1.0523537842137692e-07 0.0 
1.0800536148379106e-05 3.492860864346877e-05 3.90457225722647e-07 1.6703325048383744e-07 1.0461928507688249e-07 0.0 
1.079029193997497e-05 3.4944209815071915e-05 3.88552292498191e-07 1.6610363389481578e-07 1.040259568647816e-07 0.0 
1.0782040114388668e-05 3.4966335135374994e-05 3.8672578206819787e-07 1.6520933127734515e-07 1.034550092450032e-07 0.0 
1.077623387522442e-05 3.499600257371017e-05 3.8501760568060843e-07 1.6436910937408403e-07 1.0291831465236214e-07 0.0 
1.0772948010492742e-05 3.5033417945746765e-05 3.8343088104480074e-07 1.6358398871368643e-07 1.024164616193531e-07 0.0 
1.0771760760500127e-05 3.507775410474996e-05 3.8192454396717577e-07 1.628348438077729e-07 1.019373791758486e-07 0.0 
1.0772687978454423e-05 3.5129100950870244e-05 3.804975066404667e-07 1.6212105847550855e-07 1.0148066596950046e-07 0.0 
1.0775768261785561e-05 3.5187614769446464e-05 3.7915029674129197e-07 1.6144276189704424e-07 1.0104639082243539e-07 0.0 
1.0781041262214585e-05 3.525345328210818e-05 3.778834101266216e-07 1.6080006513972934e-07 1.0063461041291346e-07 0.0 
1.0788502810052054e-05 3.532664213846166e-05 3.7669520577284303e-07 1.601920316905583e-07 1.0024470542618891e-07 0.0 
1.0798117076094115e-05 3.540710609483547e-05 3.7558245145166415e-07 1.5961689515244937e-07 9.987551577102173e-08 0.0 
1.0809918591885877e-05 3.549498892561066e-05 3.7454519315960807e-07 1.5907453204520383e-07 9.952694539557304e-08 0.0 
1.0824038681221822e-05 3.5590601805908685e-05 3.7359106133760307e-07 1.585681162014117e-07 9.920095538913996e-08 0.0 
1.0840617472273207e-05 3.569433248910497e-05 3.727268911981336e-07 1.581005612399447e-07 9.88993662929914e-08 0.0 
1.0859707083635624e-05 3.580644355194559e-05 3.719519852588406e-07 1.5767153029696684e-07 9.862197707606493e-08 0.0 
1.0881344892935429e-05 3.592713351073935e-05 3.712652902964768e-07 1.5728043918649666e-07 9.836841121723067e-08 0.0 
1.0905573650538043e-05 3.605662128665038e-05 3.7066582013630745e-07 1.5692673367954872e-07 9.813831160224568e-08 0.0 
1.0932423541680885e-05 3.619510982771325e-05 3.7015187284429606e-07 1.5660956802103402e-07 9.793114111238354e-08 0.0 
1.0961904793056501e-05 3.634277038334204e-05 3.6972113330518813e-07 1.5632787796266155e-07 9.77462302776895e-08 0.0 
1.0994105417558106e-05 3.6499947328729544e-05 3.693753092076573e-07 1.5608235361293818e-07 9.758401278849794e-08 0.0 
1.1029170980542422e-05 3.666719119770113e-05 3.6911802222258404e-07 1.5587473288385375e-07 9.74456218393887e-08 0.0 
1.1067322280645334e-05 3.6845223013638735e-05 3.6895852777187814e-07 1.557094391927249e-07 9.733389295001496e-08 0.0 
1.1109357265787427e-05 3.703636098143906e-05 3.6894078510895926e-07 1.5560782919033062e-07 9.726251502693897e-08 0.0 
1.1154897170170594e-05 3.7239574454913854e-05 3.690407385029772e-07 1.555573981511815e-07 9.722336069791992e-08 0.0 
1.1203805341559054e-05 3.7454583319158415e-05 3.6924645387585377e-07 1.5555215242748028e-07 9.721257603947292e-08 0.0 
1.1256238363785726e-05 3.768214521394483e-05 3.695610663975144e-07 1.5559355946685618e-07 9.7231118093649e-08 0.0 
1.1312321662400842e-05 3.792286094933186e-05 3.6998698570058277e-07 1.5568261270814543e-07 9.727961488250181e-08 0.0 
1.1372135009179298e-05 3.817692272306364e-05 3.7052611901668096e-07 1.558197734199887e-07 9.735829488015062e-08 0.0 
1.1435791190131631e-05 3.844454431106072e-05 3.711825089363675e-07 1.5600658934521836e-07 9.746809276439542e-08 0.0 
1.150344219470081e-05 3.872633260203009e-05 3.7195918735044677e-07 1.562443988890029e-07 9.760986601357688e-08 0.0 
1.157523097742512e-05 3.902284097630877e-05 3.728588463644349e-07 1.5653420471040292e-07 9.778423024859956e-08 0.0 
1.1651303772145742e-05 3.933462319860782e-05 3.7388430098978637e-07 1.5687702745937352e-07 9.799180603364066e-08 0.0 
1.1731824304195822e-05 3.966228011959456e-05 3.7503920491784593e-07 1.5727424026177374e-07 9.823343323002801e-08 0.0 
1.1816967488131845e-05 4.0006451869347254e-05 3.7632757980264264e-07 1.5772736867187882e-07 9.85100464942606e-08 0.0 
1.1906919201510646e-05 4.036782019109594e-05 3.77754374310515e-07 1.5823837237646275e-07 9.882285463366182e-08 0.0 
1.200187247650044e-05 4.07471061090515e-05 3.7932403244148194e-07 1.5880896062051335e-07 9.917290813844517e-08 0.0 
1.2102041643507817e-05 4.114511625201978e-05 3.8104117346054753e-07 1.5944095039827067e-07 9.956133454044894e-08 0.0 
1.2207712980679613e-05 4.156292985762828e-05 3.829126665851342e-07 1.6013743193818801e-07 9.999011551249021e-08 0.0 
1.2319109161486372e-05 4.200145225489052e-05 3.849424282039899e-07 1.6089999833591877e-07 1.0046025441691934e-07 0.0 
1.243647856437999e-05 4.246164591335656e-05 3.871353846484881e-07 1.617305736781349e-07 1.0097294558682224e-07 0.0 
1.2560139705090116e-05 4.2944644286989287e-05 3.8950121804862457e-07 1.6263317080777943e-07 1.0153068799732285e-07 0.0 
1.2690479301348458e-05 4.345175262629711e-05 3.920539674703247e-07 1.6361368979721368e-07 1.0213715612640664e-07 0.0 
1.282787078476739e-05 4.398431400981215e-05 3.9480312233327105e-07 1.6467596280074798e-07 1.027947322723775e-07 0.0 
1.297270096106279e-05 4.454372297227667e-05 3.9775860963556616e-07 1.6582398164907322e-07 1.0350589511034092e-07 0.0 
1.3125372749816694e-05 4.5131437338365757e-05 4.0093086868194146e-07 1.670619322828274e-07 1.0427324154101263e-07 0.0 
1.3286313441184968e-05 4.5749016134251235e-05 4.043308073153777e-07 1.683941848948657e-07 1.0509948278241174e-07 0.0 
1.3455983520938754e-05 4.639814125829477e-05 4.0797018862079083e-07 1.6982546044667134e-07 1.0598754908229457e-07 0.0 
1.363479135890446e-05 4.708052272356746e-05 4.1185459159062173e-07 1.7135798650435774e-07 1.0693885450609437e-07 0.0 
1.3823072686184633e-05 4.7797647692743585e-05 4.159857957099876e-07 1.7299218491584458e-07 1.079536592101834e-07 0.0 
1.4021285384003587e-05 4.855125338689971e-05 4.2037347984371286e-07 1.7473166692090765e-07 1.0903417528306651e-07 0.0 
1.4230004266489859e-05 4.934350696960927e-05 4.250310299407599e-07 1.76581779307254e-07 1.101837258741003e-07 0.0 
1.444985077116068e-05 5.0176748979711194e-05 4.299729301850706e-07 1.7854830793764125e-07 1.1140590694052298e-07 0.0 
1.468149762296406e-05 5.1053516231152735e-05 4.3521487573208914e-07 1.8063752808661358e-07 1.1270461949715406e-07 0.0 
1.4925857642884791e-05 5.1977038480464265e-05 4.407856566915139e-07 1.8286169748342256e-07 1.1408754171865462e-07 0.0 
1.5184643099578363e-05 5.2952696223923827e-05 4.467616138031166e-07 1.8525465500724527e-07 1.1557594623525993e-07 0.0 
1.545815761277483e-05 5.398246304668382e-05 4.5312675059638076e-07 1.8780798070112447e-07 1.1716446741401622e-07 0.0 
1.5747053498377383e-05 5.5069366358327156e-05 4.5988279912863773e-07 1.9052178473941424e-07 1.1885319286545428e-07 0.0 
1.605239333388361e-05 5.6217336745614894e-05 4.6705558249541603e-07 1.934065408857717e-07 1.2064864801713342e-07 0.0 
1.637531072597936e-05 5.743048866643699e-05 4.7467266798074444e-07 1.964732784981117e-07 1.2255767929934095e-07 0.0 
1.6717097940884213e-05 5.871357939398503e-05 4.827672477047218e-07 1.9973547708688808e-07 1.245886772457404e-07 0.0 
1.7079195367583355e-05 6.0071781397370265e-05 4.91377815141924e-07 2.0320870135556654e-07 1.2675131253088093e-07 0.0 
1.7463111302974065e-05 6.151074831665486e-05 5.005412813551634e-07 2.069078988843827e-07 1.2905489570040834e-07 0.0 
1.7870498741251304e-05 6.303665825867097e-05 5.102979574517334e-07 2.1084937460448002e-07 1.315095786862368e-07 0.0 
1.8303187117254157e-05 6.465633997696004e-05 5.206927253396832e-07 2.1505132770474436e-07 1.3412669803533158e-07 0.0 
1.8764162406922368e-05 6.638065527482496e-05 5.318136122500916e-07 2.1955322003403763e-07 1.369313203080349e-07 0.0 
1.9255612119683843e-05 6.821777935239526e-05 5.43713953413306e-07 2.2437616079652654e-07 1.3993650802638045e-07 0.0 
1.9779220943281196e-05 7.017425728059818e-05 5.564230805275338e-07 2.295293975715783e-07 1.4314770241420134e-07 0.0 
2.0337716165817257e-05 7.226028699594864e-05 5.700075521440997e-07 2.3503990501754154e-07 1.4658170722125907e-07 0.0 
2.093415532353879e-05 7.44872954915041e-05 5.845423366833011e-07 2.409381376876496e-07 1.5025750200081052e-07 0.0 
2.157194552384137e-05 7.686801950000142e-05 6.001109189765512e-07 2.4725800831591034e-07 1.5419622156659772e-07 0.0 
2.2254892222371872e-05 7.941668868077891e-05 6.16806480057567e-07 2.540373663183577e-07 1.5842145416820525e-07 0.0 
2.298725604629367e-05 8.214923908382812e-05 6.347332703710291e-07 2.613185546703666e-07 1.6295958850183257e-07 0.0 
2.377381182716501e-05 8.508355105868885e-05 6.540079643607271e-07 2.691489893511734e-07 1.6784017890704942e-07 0.0 
2.4619969752050342e-05 8.823997177087157e-05 6.747623216268073e-07 2.775825092489738e-07 1.7309683480632964e-07 0.0 
2.5531909392956623e-05 9.164165496492127e-05 6.971482012354308e-07 2.8668126258487916e-07 1.787683594635091e-07 0.0 
2.6516624032286553e-05 9.531479404594514e-05 7.213378711828588e-07 2.965157723302592e-07 1.848987815538776e-07 0.0 
2.758198267540933e-05 9.928895310890815e-05 7.475228002523376e-07 3.0716419159739647e-07 1.915368764514686e-07 0.0 
2.873691015194042e-05 0.00010359767268680663 7.759199992895599e-07 3.187150415760249e-07 1.987378834554308e-07 0.0 
2.999160663652071e-05 0.0001082792601295566 8.067778355431441e-07 3.3126951251074393e-07 2.065649237624971e-07 0.0 
3.135805386404202e-05 0.00011337839160305676 8.403970098792005e-07 3.4495062115998944e-07 2.1509475477204053e-07 0.0 
3.284976690089889e-05 0.0001189458207475557 8.771072633864356e-07 3.5989290448858033e-07 2.2441132655417525e-07 0.0 
3.448228575120128e-05 0.00012504000004097328 9.172851984403487e-07 3.7624982398673233e-07 2.3461038329765867e-07 0.0 
3.6273608196154704e-05 0.0001317286594114324 9.61366466634094e-07 3.9419889748600966e-07 2.4580268014170387e-07 0.0 
3.824465805156329e-05 0.00013909061313135013 1.009856939885257e-06 4.1394628497196495e-07 2.5811685178890774e-07 0.0 
4.041986165041586e-05 0.00014721792278515132 1.0633473702540027e-06 4.357327417567977e-07 2.717031215390579e-07 0.0 
4.282832575619596e-05 0.00015621883188997313 1.1225651363285861e-06 4.598539797782616e-07 2.8674575403550545e-07 0.0 
4.5504003049479014e-05 0.00016622050106342439 1.1883408170520153e-06 4.866478937509282e-07 3.0345543304923903e-07 0.0 
4.848666231124727e-05 0.00017737275617626483 1.2616322383625523e-06 5.165042808889356e-07 3.220753142573445e-07 0.0 
5.18231988224261e-05 0.0001898528432753206 1.343564836559322e-06 5.498811689638519e-07 3.428911410650203e-07 0.0 
5.556976141604428e-05 0.00020387275341375157 1.4354856478234617e-06 5.873267071914601e-07 3.6624487678915956e-07 0.0 
5.9793592320461744e-05 0.0002196869546400475 1.5390030031388706e-06 6.294959544189144e-07 3.925453025154009e-07 0.0 
6.457532202652685e-05 0.0002376009170288723 1.656043953718533e-06 6.771737396656527e-07 4.2228218078147213e-07 0.0 
7.001266970156849e-05 0.000257983901796679 1.7889476927486631e-06 7.313115816342091e-07 4.56049096660464e-07 0.0 
7.622422117524554e-05 0.00028128431727561374 1.9405478331146375e-06 7.930619556262496e-07 4.945650046192679e-07 0.0 
8.335442002240018e-05 0.0003080488542121755 2.114288688622871e-06 8.638255947515153e-07 5.387037587927911e-07 0.0 
9.15798050318546e-05 0.000338946157194104 2.3143706924911946e-06 9.45310369409008e-07 5.895308266007828e-07 0.0 
0.00010111676727337164 0.0003747964353648565 2.545930325601268e-06 1.039604250169585e-06 6.483488074947234e-07 0.0 
0.00011223165855388908 0.00041660922775501826 2.815298212483664e-06 1.1492809436522753e-06 7.167633121644839e-07 0.0 
0.00012525205023344697 0.00046562635076587887 3.1302637424033087e-06 1.2775071557275463e-06 7.967498531619505e-07 0.0 
0.0001405776433465975 0.0005233654615685579 3.50027270612247e-06 1.4281202638680667e-06 8.907023182173977e-07 0.0 
0.00015869618473530038 0.0005916772990109684 3.936917003180561e-06 1.6058403581243851e-06 1.0015663199474449e-06 0.0 
0.0001801785719060164 0.0006727307314631606 4.453723162385469e-06 1.816172664144662e-06 1.132777276118021e-06 0.0 
0.00020562103485680984 0.0007688090419173438 5.064381444416385e-06 2.0646558933305193e-06 1.2877896762975678e-06 0.0 
0.00023552198447570865 0.0008818395433494516 5.780111280420124e-06 2.3558393482432513e-06 1.4694437313414953e-06 0.0 
0.0002698751850010615 0.0010118764817072107 6.599621336341675e-06 2.689200810318967e-06 1.6774209745628152e-06 0.0 
0.0003072317559281209 0.001153553986518689 7.486387693996393e-06 3.0498152128104256e-06 1.9024119639509007e-06 0.0 
0.00034322374279358497 0.0012905109581764342 8.333555169718956e-06 3.394150020618395e-06 2.11726423332957e-06 0.0 
0.0003695368762481701 0.0013914483895867671 8.940294216063377e-06 3.6404644391563017e-06 2.2709896888829207e-06 0.0 
0.0003763898312243403 0.0014193552209623508 9.073297382382579e-06 3.6938675811483633e-06 2.3043898442065874e-06 0.0 
0.0003595349779208001 0.0013578747490593079 8.635616825199673e-06 3.515026019675425e-06 2.1929138551008035e-06 0.0 
0.0003244827104758551 0.0012274225268450569 7.765364855384682e-06 3.1602622412372414e-06 1.971680246184006e-06 0.0 
0.0002817030999034635 0.0010673104019241922 6.716990982101986e-06 2.7331746477590326e-06 1.7053069715437627e-06 0.0 
0.00023955207364384715 0.0009090788237393462 5.691053082440993e-06 2.3153672438447394e-06 1.4447006213663908e-06 0.0 
0.00020208156178434537 0.0007681243589713496 4.783298578658046e-06 1.9457689555441253e-06 1.2141508619146436e-06 0.0 
0.0001703390580099516 0.0006485151110984574 4.017192835183683e-06 1.6338946520306471e-06 1.0195986308711927e-06 0.0 
0.00014399528717436464 0.0005491003995756462 3.383484905930817e-06 1.3759539675842378e-06 8.586836956989754e-07 0.0 
0.00012228314418537457 0.0004670509817816418 2.862793259357321e-06 1.164041906914995e-06 7.264778095790052e-07 0.0 
0.00010439580730512823 0.0003993668872333656 2.4350864351092963e-06 9.899954500146628e-07 6.17890872419622e-07 0.0 
8.961967429693743e-05 0.00034338484616742125 2.0827850885766447e-06 8.466526598655087e-07 5.284564812136853e-07 0.0 
7.736163469238493e-05 0.0002968860099665119 1.7913414068550954e-06 7.28086346312368e-07 4.544778385219172e-07 0.0 
6.71418191428038e-05 0.0002580722758456079 1.5490274456014064e-06 6.295192330794587e-07 3.929752489762409e-07 0.0 
5.857602269966043e-05 0.00022550212725663458 1.3464820432148155e-06 5.471389375071269e-07 3.4157078955906034e-07 0.0 
5.135757870056072e-05 0.0001980235531735008 1.17625375940071e-06 4.779112551680486e-07 2.9837185964038154e-07 0.0 
4.524166524265381e-05 0.00017471564125089576 1.032410525106289e-06 4.1942084946440624e-07 2.6187180695616487e-07 0.0 
4.003243875995079e-05 0.0001548406953044331 9.102213871170095e-07 3.69741538059272e-07 2.3086903321319133e-07 0.0 
3.5572513423611654e-05 0.00013780551628430555 8.058875965071503e-07 3.273268147489308e-07 2.043987927107556e-07 0.0 
3.1734956143428875e-05 0.00012313128309652597 7.163508562056697e-07 2.9093174959457755e-07 1.8168445799518654e-07 0.0 
2.8417016826359834e-05 0.00011043002937614628 6.391409211614562e-07 2.5955085924010823e-07 1.6209875389884008e-07 0.0 
2.5535153639991255e-05 9.938601477473517e-05 5.722538924749031e-07 2.3236854818281336e-07 1.4513284939023453e-07 0.0 
2.3021076409975595e-05 8.974093447035536e-05 5.140548915899519e-07 2.0871949578089243e-07 1.3037165879854404e-07 0.0 
2.0818749146793624e-05 8.128261185284588e-05 4.632067458972042e-07 1.8805972639217823e-07 1.1747580091237647e-07 0.0 
1.888194523219199e-05 7.383581959511301e-05 4.1860881322570564e-07 1.6994147471431818e-07 1.0616590445127695e-07 0.0 
1.7172211820698935e-05 6.725481858280255e-05 3.7934418382112193e-07 1.5399161501963385e-07 9.620916230830095e-08 0.0 
1.565750945807955e-05 6.141808685486041e-05 3.446503245020062e-07 1.3989988072646137e-07 8.741198411101273e-08 0.0 
1.431101848032976e-05 5.622382291937489e-05 3.1389015312001736e-07 1.2740708069431354e-07 7.96126449932826e-08 0.0 
1.3110187439681955e-05 5.158636309088845e-05 2.865289821656051e-07 1.162957077796286e-07 7.267542682502858e-08 0.0 
1.2035971024775041e-05 4.743330982933488e-05 2.621160882356274e-07 1.0638243234095661e-07 6.648593525702863e-08 0.0 
1.107222573246471e-05 4.370323887768396e-05 2.402703580231157e-07 9.751225707301543e-08 6.09474518220975e-08 0.0 
1.0205210901357366e-05 4.034382365762323e-05 2.206682512685244e-07 8.955361920211293e-08 5.5977879032737484e-08 0.0 
9.423163337307963e-06 3.731027376346447e-05 2.0303272860763783e-07 8.239388422455043e-08 5.1506934252005005e-08 0.0 
8.716131741844262e-06 3.456495157913916e-05 1.8712953037961287e-07 7.593833727687885e-08 4.747559160539392e-08 0.0 
8.075531515227686e-06 3.2075325370394344e-05 1.7275703514715774e-07 7.010535325345175e-08 4.383296197656937e-08 0.0 
7.4935844341496485e-06 2.9811230169248752e-05 1.5973345162833935e-07 6.482016344101296e-08 4.053226129079519e-08 0.0 
6.964009529311488e-06 2.7748653536611475e-05 1.479140128747521e-07 6.002437770896128e-08 3.753709683510331e-08 0.0 
6.4812420573966286e-06 2.5866344298155456e-05 1.3716949736157566e-07 5.566560247740972e-08 3.4814782197425924e-08 0.0 
6.039974079177897e-06 2.414397191847568e-05 1.2737334294651618e-07 5.1691755707866885e-08 3.23327476335029e-08 0.0 
5.635880836104018e-06 2.2564939686636045e-05 1.1842520705516093e-07 4.806201506992237e-08 3.006550862756518e-08 0.0 
5.265174544442208e-06 2.1114759688236876e-05 1.1023717578299208e-07 4.4740701543198574e-08 2.7990802679509764e-08 0.0 
4.924521795253208e-06 1.978067785610038e-05 1.0273203004243853e-07 4.169648825331521e-08 2.608908337791586e-08 0.0 
4.6110728020935616e-06 1.8551661326512154e-05 9.584591847730908e-08 3.890346928384154e-08 2.4344172537999592e-08 0.0 
4.3223046287272425e-06 1.7417914946757246e-05 8.952234515064355e-08 3.633865659945033e-08 2.2741705664659142e-08 0.0 
4.055868533509987e-06 1.6370462378595136e-05 8.370617102773995e-08 3.397966168451663e-08 2.1267714819653944e-08 0.0 
3.8096840307234674e-06 1.540134388343245e-05 7.834876112809702e-08 3.1806763151598266e-08 1.990989836617098e-08 0.0 
3.58189051474075e-06 1.4503460859098088e-05 7.340660056787763e-08 2.9802311592208615e-08 1.865724728702148e-08 0.0 
3.370823521090778e-06 1.3670451525463021e-05 6.884082892947908e-08 2.795053721575657e-08 1.749992317197406e-08 0.0 
3.1749727190988266e-06 1.2896568900081044e-05 6.461620464532055e-08 2.6237178550495566e-08 1.6429033489782986e-08 0.0 
2.992969669531271e-06 1.2176599775371355e-05 6.070065034763267e-08 2.4649239837908293e-08 1.5436474532866186e-08 0.0 
2.823638596541735e-06 1.1506022095045379e-05 5.7067252717195844e-08 2.3175818882353285e-08 1.4515444410992702e-08 0.0 
2.6659229105255662e-06 1.088075389010131e-05 5.369198924691694e-08 2.180716042834609e-08 1.3659852395982171e-08 0.0 
2.518867254096674e-06 1.0297099999338217e-05 5.055316501949094e-08 2.053444796312658e-08 1.2864192797798418e-08 0.0 
2.3816084918107734e-06 9.751720133801786e-06 4.7631208093181563e-08 1.9349728713515055e-08 1.2123499263991318e-08 0.0 
2.2533654908713782e-06 9.241589687566972e-06 4.490843208661258e-08 1.824581696968296e-08 1.1433284415092622e-08 0.0 
2.1334301768439116e-06 8.763965425590002e-06 4.2368828581989435e-08 1.7216209558940515e-08 1.07894870663387e-08 0.0 
2.0211596885542045e-06 8.31635537667e-06 3.999788522997896e-08 1.6255011790892374e-08 1.0188425987461888e-08 0.0 
1.9159725790028762e-06 7.896498792426548e-06 3.778259229379398e-08 1.5356937491971813e-08 9.626799028285317e-09 0.0 
1.8173500002684536e-06 7.5023592977547805e-06 3.571149742116095e-08 1.4517324107862698e-08 9.101691537074204e-09 0.0 
1.7248093886797829e-06 7.132059077094592e-06 3.377375989050491e-08 1.3731767404307797e-08 8.61035264275849e-09 0.0 
1.6379059182961453e-06 6.783869520043134e-06 3.1959357581185966e-08 1.2996197192392763e-08 8.15024048944939e-09 0.0 
1.556232464142455e-06 6.4562073746624145e-06 3.025913220525508e-08 1.2306893900627092e-08 7.719032060506359e-09 0.0 
1.4794142325909496e-06 6.147616475523709e-06 2.866465020817792e-08 1.1660433995164159e-08 7.3145895124727474e-09 0.0 
1.4071090585871229e-06 5.856768450061849e-06 2.7168231820656003e-08 1.1053701673911188e-08 6.934967316745284e-09 0.0 
1.3390097802810734e-06 5.582463475199545e-06 2.576299170458326e-08 1.0483901828075024e-08 6.578419754823814e-09 0.0 
1.2748302238876612e-06 5.323586504378492e-06 2.4442531073402567e-08 9.948437503306555e-09 6.243324886702136e-09 0.0 
1.2143016495109984e-06 5.079096253701572e-06 2.3200845440483725e-08 9.44487464681831e-09 5.928162895873255e-09 0.0 
1.15717148682877e-06 4.848045432707201e-06 2.203225291615014e-08 8.970938272977735e-09 5.6315175035024875e-09 0.0 
1.103226409476153e-06 4.629671816082772e-06 2.093195240930839e-08 8.5247523356778e-09 5.352227572590203e-09 0.0 
1.0522383964992982e-06 4.42302554619478e-06 1.9894890461455227e-08 8.104199882392834e-09 5.08896107947277e-09 0.0 
1.0040187351212533e-06 4.227342648964841e-06 1.891700451428669e-08 7.707617251058308e-09 4.840675799501736e-09 0.0 
9.583940234943867e-07 4.041945071336285e-06 1.799450372093024e-08 7.3334715032946785e-09 4.606414517792801e-09 0.0 
9.151990926786833e-07 3.866189268765059e-06 1.712372623485199e-08 6.9802780150053115e-09 4.3852500852005845e-09 0.0 
8.742816505920325e-07 3.69948107577811e-06 1.630131549916304e-08 6.646676515198803e-09 4.17633296962728e-09 0.0 
8.355027436647434e-07 3.5412732676431834e-06 1.552428220835999e-08 6.331455694833614e-09 3.978906122648037e-09 0.0 
7.987348669077629e-07 3.391070914166241e-06 1.4789822779815114e-08 6.033489205093874e-09 3.792267198518005e-09 0.0 
7.638882246625821e-07 3.2485588222474544e-06 1.4096015219494694e-08 5.7520687065415945e-09 3.6159824635472792e-09 0.0 
7.308247459625885e-07 3.113171240229401e-06 1.343976270680486e-08 5.485884077069758e-09 3.44922689901744e-09 0.0 
6.994209731559598e-07 2.9844061211823495e-06 1.2818311564057008e-08 5.2337865862066935e-09 3.291279150613251e-09 0.0 
6.695790587132609e-07 2.8618801531272552e-06 1.222951314807545e-08 4.994906137221991e-09 3.1415958010488136e-09 0.0 
6.412078437250368e-07 2.745235882001952e-06 1.167137111839457e-08 4.768434367432153e-09 2.9996719627697914e-09 0.0 
6.142223355699038e-07 2.6341397112368597e-06 1.1142029219472486e-08 4.553619691340183e-09 2.8650381855955208e-09 0.0 
5.885432315365779e-07 2.5282800761299884e-06 1.0639760159438028e-08 4.349762789010571e-09 2.7372576420452516e-09 0.0 
5.640964839036344e-07 2.4273657760057698e-06 1.0162955476470654e-08 4.156212495433032e-09 2.6159235627580914e-09 0.0 
5.408137851018593e-07 2.331126421066656e-06 9.710154424410193e-09 3.97237661209965e-09 2.5006657640750936e-09 0.0 
5.186315303553307e-07 2.239309583310704e-06 9.280002093973189e-09 3.797705765541602e-09 2.3911407835532646e-09 0.0 
4.974893408120444e-07 2.1516784784967172e-06 8.871192461183879e-09 3.631672969196997e-09 2.2870196251170615e-09 0.0 
4.773315762665205e-07 2.0680161922997826e-06 8.482528278157486e-09 3.4737982046014544e-09 2.1880029921927497e-09 0.0 
4.581078050852799e-07 1.988123414311314e-06 8.112954135053357e-09 3.3236587307593928e-09 2.0938271088493717e-09 0.0 
4.397724749808602e-07 1.9118185153442316e-06 7.761539589113134e-09 3.1808812622663104e-09 2.0042587920825124e-09 0.0 
4.222788397975604e-07 1.8389161020915074e-06 7.427283771126825e-09 3.045059346039479e-09 1.919043871026937e-09 0.0 
4.0558283686729136e-07 1.7692414378289562e-06 7.109244026893166e-09 2.915810234387466e-09 1.8379430119197482e-09 0.0 
3.8964304348793223e-07 1.7026301586256926e-06 6.80653623931031e-09 2.7927750498141768e-09 1.7607318092895476e-09 0.0 
3.74420494982692e-07 1.6389274708044937e-06 6.51833052342042e-09 2.6756169051567032e-09 1.6871995890674827e-09 0.0 
3.598785142387485e-07 1.5779870497076241e-06 6.243851237684895e-09 2.5640206968850577e-09 1.6171492316885267e-09 0.0 
3.4597958961374654e-07 1.5196598417003488e-06 5.982298536140387e-09 2.4576614207978555e-09 1.5503774920763391e-09 0.0 
3.3268629106864735e-07 1.4637988627271428e-06 5.732851179969632e-09 2.3562063018743794e-09 1.4866765653416481e-09 0.0 
3.1996807428766777e-07 1.4102823631558225e-06 5.494865756715347e-09 2.2593947395613954e-09 1.4258835155222966e-09 0.0 
3.0779613851452906e-07 1.3589954202314445e-06 5.26773796689664e-09 2.1669819845592715e-09 1.3678453046746009e-09 0.0 
2.9614789236512683e-07 1.3098471350361369e-06 5.051064761779563e-09 2.0788064574240087e-09 1.3124607558041122e-09 0.0 
2.8500588447680213e-07 1.2627724438836685e-06 4.844577628245506e-09 1.994766591311049e-09 1.2596668919013934e-09 0.0 
2.743424842198004e-07 1.2176490362125585e-06 4.6476639050190715e-09 1.914603171809797e-09 1.2093001388576453e-09 0.0 
2.641321313290524e-07 1.1743729964362904e-06 4.459756739197905e-09 1.8380843321668095e-09 1.1612153693868709e-09 0.0 
2.543514077113145e-07 1.132852809406785e-06 4.280339404900008e-09 1.7650016718842424e-09 1.1152825582957893e-09 0.0 
2.449779584840047e-07 1.0930012060188913e-06 4.108920449234438e-09 1.695157262770212e-09 1.0713782338494987e-09 0.0 
2.3598922164347552e-07 1.0547317886328524e-06 3.945005789566234e-09 1.6283542195563262e-09 1.0293798208108345e-09 0.0 
2.2736672527225448e-07 1.0179706921122135e-06 3.788213256477823e-09 1.5644380655700933e-09 9.89190725809091e-10 0.0 
2.1909353814040877e-07 9.826494690051323e-07 3.638197038147463e-09 1.5032684530775195e-09 9.50723090224369e-10 0.0 
2.1115362101107743e-07 9.487032406933398e-07 3.4946301939480865e-09 1.4447127209246235e-09 9.13893866166185e-10 0.0 
2.035317733749759e-07 9.160704855668089e-07 3.3572035008469186e-09 1.3886454229744034e-09 8.786245213096073e-10 0.0 
1.9621358375853715e-07 8.846928413561519e-07 3.225624378387567e-09 1.3349478887616e-09 8.448407639015836e-10 0.0 
1.8918574144881065e-07 8.545158056219837e-07 3.099626784329489e-09 1.2835118516712982e-09 8.124747430012439e-10 0.0 
1.8244111379404394e-07 8.255188547625765e-07 2.9790856398048908e-09 1.2342971188414448e-09 7.81502559394621e-10 0.0 
1.7596929643456006e-07 7.976623670415913e-07 2.8637977740299038e-09 1.1872243564578988e-09 7.518748641137221e-10 0.0 
1.6975362301812291e-07 7.708669772017124e-07 2.7534217793938704e-09 1.1421428647934987e-09 7.234957383699619e-10 0.0 
1.6378225624262185e-07 7.4508424603733e-07 2.647715733029796e-09 1.0989539707660587e-09 6.963033500914469e-10 0.0 
1.580442939620438e-07 7.202703613166916e-07 2.5464575334357653e-09 1.05756788879938e-09 6.702415346691597e-10 0.0 
1.5252938454693798e-07 6.96383671906699e-07 2.4494368846023927e-09 1.0178996066299796e-09 6.452571093049114e-10 0.0 
1.4722769560474577e-07 6.733845681505653e-07 2.3564546019304637e-09 9.798686070739632e-10 6.212996998665112e-10 0.0 
1.421298846774011e-07 6.512353671804884e-07 2.2673219525009187e-09 9.433985968137371e-10 5.983215707988589e-10 0.0 
1.3722708674078948e-07 6.299006857597722e-07 2.18186068563988e-09 9.084180059387037e-10 5.76278002304838e-10 0.0 
1.3251107184290462e-07 6.093475159474873e-07 2.0999119529647918e-09 8.748631633737616e-10 5.551291794191188e-10 0.0 
1.2797384670237645e-07 5.895432227582663e-07 2.0213176986121426e-09 8.426699234807615e-10 5.348349085476716e-10 0.0 
1.2360767856430944e-07 5.704563832762915e-07 1.9459221569399966e-09 8.117751735129647e-10 5.153556764609062e-10 0.0 
1.1940539037512478e-07 5.520576097683509e-07 1.8735835857058855e-09 7.821214303499694e-10 4.966554674658028e-10 0.0 
1.1536014765555727e-07 5.343190144098832e-07 1.8041717620765778e-09 7.53656305858e-10 4.787014728639167e-10 0.0 
1.1146497294695155e-07 5.17212553062125e-07 1.737545119527618e-09 7.263229097456201e-10 4.614581378350761e-10 0.0 
1.0771361545437752e-07 5.007129845853145e-07 1.6735778560191558e-09 7.000708044502466e-10 4.4489394942285346e-10 0.0 
1.040998959657252e-07 4.847951056293248e-07 1.6121458016122058e-09 6.74849668917709e-10 4.289773999094125e-10 0.0 
1.0061797413689101e-07 4.694363063569894e-07 1.5531334508075693e-09 6.506138382396729e-10 4.1368008161672214e-10 0.0 
9.726262197645092e-08 4.5461620427167594e-07 1.496440172975851e-09 6.273236184942986e-10 3.989772953526452e-10 0.0 
9.403040524969437e-08 4.4031752801668093e-07 1.4420082032865812e-09 6.04953650338683e-10 3.8485273867794527e-10 0.0 
9.091673653238676e-08 4.265209873280193e-07 1.3897478308612248e-09 5.834672212193233e-10 3.71283348423287e-10 0.0 
8.79171261136291e-08 4.1320781866152654e-07 1.3395702355935042e-09 5.628280557869194e-10 3.5824636409073403e-10 0.0 
8.502711215654935e-08 4.003596199837123e-07 1.2913870532847304e-09 5.430002110760133e-10 3.457192536015914e-10 0.0 
8.224240325859548e-08 3.8795865644305714e-07 1.2451136118322998e-09 5.239492552595391e-10 3.3368043184230083e-10 0.0 
7.955886166656264e-08 3.759879207784645e-07 1.2006684151413278e-09 5.056420948501219e-10 3.221091573208305e-10 0.0 
7.69721183465178e-08 3.644292268382532e-07 1.1579645052769863e-09 4.880432175807237e-10 3.109831584875589e-10 0.0 
7.447722350923379e-08 3.5326155882107193e-07 1.1169017264585466e-09 4.711113861674891e-10 3.0027655150239146e-10 0.0 
7.206994156962937e-08 3.4246817655392024e-07 1.0773967718351245e-09 4.548133161056025e-10 2.899685443748245e-10 0.0 
6.97459647983273e-08 3.320324839187163e-07 1.0393652441551865e-09 4.3911560006406004e-10 2.8003830545068904e-10 0.0 
6.750204420870333e-08 3.2194094641852176e-07 1.0027452965054407e-09 4.2399311699590846e-10 2.7047007460396936e-10 0.0 
6.533508428095337e-08 3.121806391802697e-07 9.674782117287952e-10 4.094220071901558e-10 2.6124888017290843e-10 0.0 
6.324212397841138e-08 3.027391866261888e-07 9.335079972995111e-10 3.9537951912012645e-10 2.523604446347462e-10 0.0 
6.122033022772456e-08 2.9360473630623747e-07 9.007812459864976e-10 3.818439526767378e-10 2.437911490889702e-10 0.0 
5.9267185243615146e-08 2.8476745946923086e-07 8.692518441979566e-10 3.6879726995030826e-10 2.3552976034810627e-10 0.0 
5.738099556099264e-08 2.762248811827487e-07 8.388912138790637e-10 3.5623178580282967e-10 2.2757198612613134e-10 0.0 
5.555874695527578e-08 2.679610335361677e-07 8.096424053423872e-10 3.4412157517770423e-10 2.1990116360840485e-10 0.0 
5.3797852627287496e-08 2.599626254582327e-07 7.814589164359181e-10 3.324458561258071e-10 2.1250396953703215e-10 0.0 
5.209619105592978e-08 2.5222070111371515e-07 7.543024813472419e-10 3.2118907719852527e-10 2.0537063027499126e-10 0.0 
5.045321491314624e-08 2.447318163186569e-07 7.281758765482565e-10 3.1035183121250156e-10 1.9850134415536444e-10 0.0 
4.886711800773429e-08 2.3748864056259206e-07 7.03047588086905e-10 2.999216315302611e-10 1.9188829473844978e-10 0.0 
4.733569082485053e-08 2.3048279750384288e-07 6.788734269587924e-10 2.8988125656009623e-10 1.8552079136143113e-10 0.0 
4.5856563518451266e-08 2.237046200723004e-07 6.556055089675947e-10 2.8021135682767634e-10 1.7938673103850347e-10 0.0 
4.44275263450594e-08 2.1714492382839713e-07 6.331999991481361e-10 2.708941097008876e-10 1.7347494603651433e-10 0.0 
4.304617249859865e-08 2.1079390407035876e-07 6.116096121151314e-10 2.619105456262228e-10 1.677735768888231e-10 0.0 
4.171043924469141e-08 2.046429947144133e-07 5.907951108694642e-10 2.5324485529676e-10 1.6227271800643653e-10 0.0 
4.041869047127651e-08 1.9868536776417334e-07 5.707268084344124e-10 2.4488512585789814e-10 1.5696491505373804e-10 0.0 
3.916935355158445e-08 1.9291433308930617e-07 5.513759520120877e-10 2.36819639123424e-10 1.51842803139399e-10 0.0 
3.796091476692404e-08 1.8732325765267422e-07 5.327145054128777e-10 2.2903670432508209e-10 1.4689898835429688e-10 0.0 
3.67919222831141e-08 1.819059346189707e-07 5.147160116347766e-10 2.2152551030263526e-10 1.4212666964839208e-10 0.0 
3.56609810384617e-08 1.7665640358667156e-07 4.973551341503885e-10 2.14275716059531e-10 1.3751934323288898e-10 0.0 
3.4566753754270285e-08 1.7156904847872032e-07 4.806077899922444e-10 2.0727762713249972e-10 1.3307092730143789e-10 0.0 
3.350795052167686e-08 1.6663844988067712e-07 4.6445075744627715e-10 2.0052189289446767e-10 1.287755553760347e-10 0.0 
3.248331536790208e-08 1.6185920052811104e-07 4.488613183075026e-10 1.9399920747757817e-10 1.2462736952819343e-10 0.0 
3.149176271045254e-08 1.5722646994748485e-07 4.3381977410924196e-10 1.8770142166217806e-10 1.206212286601607e-10 0.0 
3.053240583920648e-08 1.5273609124137253e-07 4.1930989967169097e-10 1.8162170803893016e-10 1.1675280993645812e-10 0.0 
2.9604074103179825e-08 1.4838308186142008e-07 4.053109542450225e-10 1.757516060496924e-10 1.1301678946509969e-10 0.0 
2.8705612704801118e-08 1.441625615766265e-07 3.9180265099206376e-10 1.700828643475228e-10 1.094079769894986e-10 0.0 
2.7836108047314532e-08 1.4007097000926263e-07 3.787691796569913e-10 1.6460936944078788e-10 1.0592256305720176e-10 0.0 
2.6994774526975515e-08 1.3610520653449652e-07 3.661976997891482e-10 1.5932616559596774e-10 1.025574528919181e-10 0.0 
2.6180697620773927e-08 1.322613143977895e-07 3.5407224069484717e-10 1.542267280827197e-10 9.930853438670453e-11 0.0 
2.5392937924292478e-08 1.2853525469592568e-07 3.423759267382565e-10 1.4930415503875943e-10 9.617146280668556e-11 0.0 
