3.524208619335418e-05 9.398833122606412e-05 2.296056825308732e-06 1.1251700346331438e-06 7.246030973302413e-07 0.0 
3.471562853919374e-05 9.271330998508004e-05 2.2516331492638927e-06 1.102075279540382e-06 7.095306903958856e-07 0.0 
3.419926760822119e-05 9.146139590733187e-05 2.2082254901819023e-06 1.0795328208113354e-06 6.948225782761956e-07 0.0 
3.369292880017224e-05 9.023241401273365e-05 2.1658215417229017e-06 1.0575364439748926e-06 6.804747732062275e-07 0.0 
3.319639089746927e-05 8.90258749006328e-05 2.124395058645336e-06 1.0360712136092183e-06 6.664772838993504e-07 0.0 
3.27092570222349e-05 8.784092536814685e-05 2.08390357126706e-06 1.0151128522206816e-06 6.528138988061808e-07 0.0 
3.2231431243441595e-05 8.667746002212171e-05 2.044323640882955e-06 9.946481784730224e-07 6.394760566931399e-07 0.0 
3.176270999920759e-05 8.553506393509676e-05 2.0056277384315895e-06 9.746613066246957e-07 6.264531417688931e-07 0.0 
3.130288410633874e-05 8.441330446035454e-05 1.967788674556365e-06 9.551365506106792e-07 6.137346582453269e-07 0.0 
3.085175060437443e-05 8.331172111645195e-05 1.9307832276709408e-06 9.360605228720827e-07 6.013116165986695e-07 0.0 
3.040913131244543e-05 8.222985106080497e-05 1.8946043833274667e-06 9.174296345624813e-07 5.891815573912876e-07 0.0 
2.9974864389579978e-05 8.116729612690712e-05 1.8592465142029689e-06 8.992419246080262e-07 5.77343259929959e-07 0.0 
2.9548815307281265e-05 8.012378442857452e-05 1.8246931359134573e-06 8.814881076231529e-07 5.657905455461353e-07 0.0 
2.9130864872093407e-05 7.9099072443681e-05 1.7909322083507521e-06 8.64161352929743e-07 5.545188528464142e-07 0.0 
2.8720684976548602e-05 7.809244866809151e-05 1.7579225623832765e-06 8.472381842407389e-07 5.435125673715704e-07 0.0 
2.8318022682427038e-05 7.710335853256061e-05 1.7256330816724265e-06 8.307009432390515e-07 5.327599420598958e-07 0.0 
2.792270835979121e-05 7.6131416178437e-05 1.6940446583245426e-06 8.145388569921876e-07 5.22253792608954e-07 0.0 
2.7534576759197497e-05 7.517624530604544e-05 1.6631387495929335e-06 7.987414858206095e-07 5.119871600055065e-07 0.0 
2.715361692601082e-05 7.423797949588936e-05 1.6329024251916457e-06 7.833019148744303e-07 5.019556390618156e-07 0.0 
2.6780538665854117e-05 7.331775930311191e-05 1.6034853982227857e-06 7.68304653599548e-07 4.922147718627319e-07 0.0 
2.6415159674500805e-05 7.241511967698922e-05 1.5748657696578858e-06 7.53735676184822e-07 4.827549899985623e-07 0.0 
2.6056396752942358e-05 7.152835328567511e-05 1.546833123733872e-06 7.39478978687887e-07 4.7350039252236833e-07 0.0 
2.570408904229912e-05 7.065711389417514e-05 1.5193671710366342e-06 7.255232729275255e-07 4.6444348497631313e-07 0.0 
2.535808802877225e-05 6.980103953671325e-05 1.4924539747945946e-06 7.11860755951845e-07 4.555790443312142e-07 0.0 
2.5018241740601966e-05 6.895975504118717e-05 1.4660798309461484e-06 6.98483769754994e-07 4.469019470877632e-07 0.0 
2.4684464100448345e-05 6.813307872675967e-05 1.440234201423389e-06 6.85386653104787e-07 4.3840850446212624e-07 0.0 
2.4356663452497464e-05 6.732080312800007e-05 1.4149074835829248e-06 6.725641864852194e-07 4.3009528617719756e-07 0.0 
2.4034837004209632e-05 6.652289678935564e-05 1.390102443877757e-06 6.600183478935604e-07 4.219636644614897e-07 0.0 
2.3718933211179904e-05 6.573923511477861e-05 1.3658145320476548e-06 6.477469163680908e-07 4.14012203705386e-07 0.0 
2.3408793537960497e-05 6.49694387344827e-05 1.3420285620029802e-06 6.357413080853679e-07 4.0623515362980866e-07 0.0 
2.3104263772369128e-05 6.421313802768912e-05 1.3187298314540752e-06 6.23993226104766e-07 3.9862695877046386e-07 0.0 
2.2805198466749324e-05 6.346997818418002e-05 1.295905110133286e-06 6.124951850506644e-07 3.911825983467135e-07 0.0 
2.251200426851662e-05 6.274025113817301e-05 1.2736579538287479e-06 6.013013296679095e-07 3.8393695684332554e-07 0.0 
2.2225034607794405e-05 6.202502853543555e-05 1.2519943442936526e-06 5.904163175367329e-07 3.768936926897354e-07 0.0 
2.1944411515800154e-05 6.132543798961955e-05 1.230854681587774e-06 5.798125674670005e-07 3.7003592490512213e-07 0.0 
2.1669556718923198e-05 6.0639857438454826e-05 1.2102058302059995e-06 5.694689713209235e-07 3.633487985384755e-07 0.0 
2.139961812949339e-05 5.996600616380337e-05 1.189988174992859e-06 5.593506490068797e-07 3.5680874095991053e-07 0.0 
2.1134486165865332e-05 5.930366176771511e-05 1.1701895006222053e-06 5.49450845592847e-07 3.5041129884525494e-07 0.0 
2.0874113722394908e-05 5.8652781852871074e-05 1.1508014519535778e-06 5.397650694503683e-07 3.4415355749161835e-07 0.0 
2.0618328712508437e-05 5.801291843123044e-05 1.1318107171005815e-06 5.302858200886218e-07 3.38030497971347e-07 0.0 
2.036707968776677e-05 5.738393545042717e-05 1.1132157262535276e-06 5.210124878727902e-07 3.32041728780784e-07 0.0 
2.0120361191807797e-05 5.676583081934806e-05 1.095017827789197e-06 5.119461673365149e-07 3.261880087912778e-07 0.0 
1.9878044951187024e-05 5.6158306616848177e-05 1.0772040958907013e-06 5.030796520821119e-07 3.2046454636431197e-07 0.0 
1.9640028680783495e-05 5.556116002698979e-05 1.0597618683713521e-06 4.944064397041807e-07 3.1486713349350944e-07 0.0 
1.9406285584385936e-05 5.49743494796226e-05 1.0426864722083217e-06 4.859243871614775e-07 3.0939444689888177e-07 0.0 
1.9176744964938313e-05 5.4397707028277295e-05 1.0259712216691589e-06 4.776298461349078e-07 3.040440636659337e-07 0.0 
1.8951342290988527e-05 5.383107817134667e-05 1.009610348379147e-06 4.69519738187406e-07 2.9881394523684474e-07 0.0 
1.8729982501403267e-05 5.327424867081353e-05 9.935932167673507e-07 4.615881622143942e-07 2.9370018400479714e-07 0.0 
1.851261654323245e-05 5.272719574661689e-05 9.779104023023571e-07 4.538300102073851e-07 2.886994492563572e-07 0.0 
1.8299233356453998e-05 5.2189999415119135e-05 9.625557821262882e-07 4.462419022868109e-07 2.8380955141902636e-07 0.0 
1.808974837141079e-05 5.1662445324005855e-05 9.475211349213979e-07 4.3881918327472853e-07 2.790273881347133e-07 0.0 
1.788410924529479e-05 5.1144349838319673e-05 9.328045068328815e-07 4.315603811747132e-07 2.743519062043444e-07 0.0 
1.7682286250996937e-05 5.063556114442407e-05 9.18407105218827e-07 4.244655866641049e-07 2.697830527617787e-07 0.0 
1.7484200549034848e-05 5.0135861012107796e-05 9.043215575536021e-07 4.175305451905026e-07 2.653179803431316e-07 0.0 
1.7289780273767534e-05 4.9645060321320235e-05 8.905406599502636e-07 4.107511169746177e-07 2.6095392192220643e-07 0.0 
1.7098856120831872e-05 4.916275921553381e-05 8.770477799718357e-07 4.0411831550159234e-07 2.5668497011588694e-07 0.0 
1.6911344431600667e-05 4.868874787006533e-05 8.638358162435481e-07 3.976286433081416e-07 2.52508879405352e-07 0.0 
1.6727175867666344e-05 4.822288671005555e-05 8.50896979752856e-07 3.912780993734362e-07 2.4842305192263704e-07 0.0 
1.6546212295690197e-05 4.776501075235066e-05 8.382124641930965e-07 3.850575071657765e-07 2.4442163404269937e-07 0.0 
1.6368396431723464e-05 4.731500216660561e-05 8.25775989285349e-07 3.789635402325946e-07 2.4050244981017315e-07 0.0 
1.6193676424487063e-05 4.6872735773259933e-05 8.13582507172276e-07 3.729934367089007e-07 2.3666367313471875e-07 0.0 
1.6022001993859383e-05 4.643808916669459e-05 8.016271121235867e-07 3.671445138315356e-07 2.329035306554125e-07 0.0 
1.5853328471215544e-05 4.601094786036253e-05 7.899052986198462e-07 3.6141429040406076e-07 2.2922038098081213e-07 0.0 
1.56876087506743e-05 4.559119612357251e-05 7.784124448697552e-07 3.5580024072209434e-07 2.2561255536568567e-07 0.0 
1.552479540148579e-05 4.5178719441486197e-05 7.671439429059071e-07 3.502998561449889e-07 2.220783975407539e-07 0.0 
1.5364883128578727e-05 4.477352197988032e-05 7.560977135557301e-07 3.449121178747787e-07 2.1861726414998172e-07 0.0 
1.5207872980360669e-05 4.4375644505195416e-05 7.452709743330012e-07 3.3963582954063937e-07 2.152284441892559e-07 0.0 
1.505362532929532e-05 4.3984752811752265e-05 7.346518099973811e-07 3.34464688677497e-07 2.119078098895439e-07 0.0 
1.490213153783463e-05 4.360091877387426e-05 7.24235567227353e-07 3.293963776259419e-07 2.0865390082185676e-07 0.0 
1.4753908000442139e-05 4.322586862311859e-05 7.140400980223815e-07 3.2444212315747103e-07 2.054746050156694e-07 0.0 
1.4609512729099038e-05 4.286071536180886e-05 7.041409011990123e-07 3.196417396363843e-07 2.0239564312804153e-07 0.0 
1.446843746783e-05 4.250392218601428e-05 6.945089602759979e-07 3.149778219372337e-07 1.9940516386051174e-07 0.0 
1.4329864790615374e-05 4.215354220614821e-05 6.850588873615544e-07 3.104051382752883e-07 1.96473725828736e-07 0.0 
1.4193827658244748e-05 4.180951045178032e-05 6.757956314320259e-07 3.0592556112629566e-07 1.9360244256495285e-07 0.0 
1.406026405096583e-05 4.147168528763963e-05 6.66713446413438e-07 3.015360571286358e-07 1.9078932364240496e-07 0.0 
1.3929106720502347e-05 4.1139917956811076e-05 6.578060604146887e-07 2.9723335784336913e-07 1.8803223164358356e-07 0.0 
1.380029421892605e-05 4.081406768878127e-05 6.490677891690786e-07 2.9301448425912396e-07 1.8532921632123417e-07 0.0 
1.3673751309478765e-05 4.049400172421035e-05 6.404917133776339e-07 2.888759344458341e-07 1.8267800494697447e-07 0.0 
1.3549400270701643e-05 4.017965009355111e-05 6.320717375367083e-07 2.8481480638841086e-07 1.8007673995406264e-07 0.0 
1.3427206347123813e-05 3.98709149372638e-05 6.23806687566231e-07 2.808304358819875e-07 1.7752496390429044e-07 0.0 
1.3307126625842378e-05 3.956767949046641e-05 6.156931661053991e-07 2.769209671378794e-07 1.7502144768027354e-07 0.0 
1.3189109505118974e-05 3.926981408780524e-05 6.077273476537913e-07 2.7308438495557543e-07 1.7256486525376355e-07 0.0 
1.3073151626850718e-05 3.89773195021358e-05 5.999080622677338e-07 2.693202044334776e-07 1.701549280126874e-07 0.0 
1.295936916195711e-05 3.869051686239081e-05 5.922423124035121e-07 2.6563259417635074e-07 1.6779446585384825e-07 0.0 
1.2847751462127099e-05 3.840938432040701e-05 5.847283768089885e-07 2.620206591054263e-07 1.6548289628981028e-07 0.0 
1.273826577523235e-05 3.813384230819826e-05 5.773628846541526e-07 2.584825673952354e-07 1.632190111240642e-07 0.0 
1.2630880763706254e-05 3.7863813171618515e-05 5.701425689368817e-07 2.550165436900112e-07 1.610016396014924e-07 0.0 
1.2525565743453991e-05 3.7599221095775494e-05 5.630642412373396e-07 2.5162085689008573e-07 1.5882964038714114e-07 0.0 
1.2422290300890205e-05 3.733999246637186e-05 5.561247765253936e-07 2.48293812864952e-07 1.567018967960551e-07 0.0 
1.2321033465973241e-05 3.708609547777831e-05 5.493212925888996e-07 2.45033877465325e-07 1.54617407483268e-07 0.0 
1.2221944487961066e-05 3.683780101175628e-05 5.426740097044416e-07 2.4185100491975126e-07 1.5258251594121692e-07 0.0 
1.2125393742733877e-05 3.659571346703278e-05 5.362335742655985e-07 2.3876975997801567e-07 1.506128247278013e-07 0.0 
1.2030935666809909e-05 3.635909052156905e-05 5.29938334312821e-07 2.357597820416627e-07 1.486889649113506e-07 0.0 
1.1938464090908905e-05 3.612776497469499e-05 5.237739839543603e-07 2.3281423278745384e-07 1.4680659830583397e-07 0.0 
1.1847941871098779e-05 3.590164349487302e-05 5.177374093510274e-07 2.2993139781136667e-07 1.4496459009207404e-07 0.0 
1.1759248159053167e-05 3.568040771541283e-05 5.118198082424146e-07 2.271066536477692e-07 1.431599173902911e-07 0.0 
1.1672327788667982e-05 3.546392571827539e-05 5.060163659623969e-07 2.2433748808502157e-07 1.4139094180628865e-07 0.0 
1.1587123567140821e-05 3.525207626657424e-05 5.003225688624907e-07 2.216215860350332e-07 1.396561554418416e-07 0.0 
1.1503607874470969e-05 3.5044832946308645e-05 4.947353092881111e-07 2.1895734140834406e-07 1.3795451716255924e-07 0.0 
1.1421803838236672e-05 3.484228658304523e-05 4.892552492861506e-07 2.1634527448535876e-07 1.3628640270529266e-07 0.0 
1.1341714162797727e-05 3.4644457279680676e-05 4.838818321952885e-07 2.1378513179504779e-07 1.3465165606455175e-07 0.0 
1.1263344063915849e-05 3.4451357552805884e-05 4.786144108797808e-07 2.1127648544959342e-07 1.3304998832233092e-07 0.0 
1.1186776296897649e-05 3.4263198378936576e-05 4.734585517607547e-07 2.0882207263757233e-07 1.3148316748388587e-07 0.0 
1.111230823497133e-05 3.4081097457009735e-05 4.684242734986251e-07 2.0642779006020076e-07 1.2995523919314789e-07 0.0 
1.1040016629400908e-05 3.390539670919845e-05 4.6351225413558475e-07 2.04094188274273e-07 1.284666063441062e-07 0.0 
1.0969715391895846e-05 3.37353931122506e-05 4.5871694549738463e-07 2.0181778147226405e-07 1.2701483020702731e-07 0.0 
1.090118419684624e-05 3.3570288671050075e-05 4.540304551920135e-07 1.995939546075386e-07 1.255967869545821e-07 0.0 
1.0834394364676635e-05 3.3410020292503884e-05 4.494502930657749e-07 1.9742137448924026e-07 1.242116012356811e-07 0.0 
1.0769323777842073e-05 3.3254540485241236e-05 4.4497422076673984e-07 1.9529884727183382e-07 1.2285849007013462e-07 0.0 
1.0705949838939986e-05 3.3103800589038095e-05 4.40599966825136e-07 1.9322516335092447e-07 1.2153666057139977e-07 0.0 
1.0644175039250562e-05 3.295755624377882e-05 4.363199416252321e-07 1.9119640173586976e-07 1.2024356489252402e-07 0.0 
1.058392994686572e-05 3.281563526006459e-05 4.321286402231825e-07 1.8920970873819124e-07 1.1897734633637407e-07 0.0 
1.0525188677048787e-05 3.267797883384968e-05 4.280236845267239e-07 1.8726382732023881e-07 1.177371820209148e-07 0.0 
1.0467926098919602e-05 3.254453012279163e-05 4.2400275499862635e-07 1.8535753101240403e-07 1.1652226905076999e-07 0.0 
1.0412116285228367e-05 3.2415231660244035e-05 4.200634397014394e-07 1.8348955819375934e-07 1.1533178366640149e-07 0.0 
1.0357716219915572e-05 3.228999801992293e-05 4.1620162456907426e-07 1.8165790749357733e-07 1.1416444287879339e-07 0.0 
1.0304693979848243e-05 3.2168762484426524e-05 4.1241420307610234e-07 1.7986100570877162e-07 1.1301922855078762e-07 0.0 
1.0253023274871027e-05 3.2051468282074225e-05 4.0869860024458717e-07 1.7809751344705154e-07 1.1189526839551125e-07 0.0 
1.0202974781624735e-05 3.193876749750654e-05 4.0507812400292597e-07 1.7637930639390456e-07 1.1080022229720913e-07 0.0 
1.0154882505924806e-05 3.183145167803712e-05 4.015811655412449e-07 1.7472036468191567e-07 1.0974303853114262e-07 0.0 
1.0108348359666067e-05 3.172859651177147e-05 3.981712342649561e-07 1.731022408374901e-07 1.087118585813934e-07 0.0 
1.0063358778100912e-05 3.163018670974205e-05 3.948458344544978e-07 1.7152365833453788e-07 1.0770586421894298e-07 0.0 
1.0019934171898501e-05 3.153628270711273e-05 3.916055093338716e-07 1.6998476202055453e-07 1.0672513286636053e-07 0.0 
9.97813575197543e-06 3.1447075582134964e-05 3.884524466838954e-07 1.6848665758752886e-07 1.0577039155029301e-07 0.0 
9.938030637072859e-06 3.1362778513154376e-05 3.8538900672050563e-07 1.6703056039251284e-07 1.0484244294458579e-07 0.0 
9.899631361209336e-06 3.12834374788138e-05 3.824148547016305e-07 1.6561616694935202e-07 1.0394107293141954e-07 0.0 
9.862907124077426e-06 3.1209031938479475e-05 3.795255259258389e-07 1.642413550128569e-07 1.0306493236603291e-07 0.0 
9.827789003226022e-06 3.113949603457915e-05 3.7671296482956363e-07 1.6290245153020907e-07 1.0221170973631243e-07 0.0 
9.794251763442511e-06 3.107480211088193e-05 3.739752093177675e-07 1.6159846641625649e-07 1.0138076256309462e-07 0.0 
9.762287313448272e-06 3.101494721211603e-05 3.713119819586827e-07 1.6032917351529898e-07 1.0057192866702596e-07 0.0 
9.731910854580229e-06 3.095998467626531e-05 3.687236803003831e-07 1.5909465254223456e-07 9.978524195513471e-08 0.0 
9.703127180431193e-06 3.090995490308897e-05 3.6620947181954973e-07 1.5789442481596775e-07 9.90203855873113e-08 0.0 
9.675915015405674e-06 3.086480674398098e-05 3.6376755222170176e-07 1.5672747702131276e-07 9.827668774352445e-08 0.0 
9.65023452586734e-06 3.0824427062527135e-05 3.613954414844775e-07 1.555924266476008e-07 9.755323202023985e-08 0.0 
9.626087543707073e-06 3.0788847331652004e-05 3.590922429717549e-07 1.5448875357408363e-07 9.6849673454702e-08 0.0 
9.603482271174946e-06 3.07581161715232e-05 3.568572184710059e-07 1.5341602919171522e-07 9.616573060556301e-08 0.0 
9.582560121571841e-06 3.073297698660024e-05 3.5469217742401756e-07 1.523755734582363e-07 9.550236208694627e-08 0.0 
9.563380499785308e-06 3.071369042516936e-05 3.5259840213686326e-07 1.513680972113834e-07 9.486003947397097e-08 0.0 
9.54589898435612e-06 3.069999783172523e-05 3.505746038631651e-07 1.5039268978537504e-07 9.423811867572301e-08 0.0 
9.530045259395334e-06 3.069153618800885e-05 3.4861897233072395e-07 1.494481115240594e-07 9.363573635922842e-08 0.0 
9.51587119692291e-06 3.068847784902012e-05 3.467338873143377e-07 1.4853559708124488e-07 9.305370076411477e-08 0.0 
9.503403485980142e-06 3.069093098588517e-05 3.4491946181435426e-07 1.47655174611897e-07 9.249203181566317e-08 0.0 
9.492658724161316e-06 3.0698972440548716e-05 3.4317529604529547e-07 1.4680656780806032e-07 9.19505435246038e-08 0.0 
9.483655025368627e-06 3.071268440777803e-05 3.415010383284879e-07 1.4598952197786543e-07 9.142906365068683e-08 0.0 
9.476402444286918e-06 3.073213049007568e-05 3.39895706895877e-07 1.452035138179791e-07 9.092725421924106e-08 0.0 
9.471299304396464e-06 3.075820538704994e-05 3.383943799927222e-07 1.444650375358161e-07 9.04555499874277e-08 0.0 
9.468411337347138e-06 3.0791089991379e-05 3.3699979779328163e-07 1.4377499008038837e-07 9.001446822013448e-08 0.0 
9.467367855908313e-06 3.0830057318627886e-05 3.356758687211504e-07 1.431165619404253e-07 8.959339966627317e-08 0.0 
9.468182793563462e-06 3.087518638260078e-05 3.344216366957223e-07 1.4248921155073992e-07 8.919199157475621e-08 0.0 
9.47089007383496e-06 3.0926614543458814e-05 3.332375654952761e-07 1.4189305244857403e-07 8.881030443378113e-08 0.0 
9.475524546868284e-06 3.098448042372789e-05 3.321240909316012e-07 1.4132818225171525e-07 8.844838805822476e-08 0.0 
9.48208254789731e-06 3.104880656700733e-05 3.310797706987879e-07 1.4079377785302962e-07 8.810569812848635e-08 0.0 
9.490532586410836e-06 3.1119526841163975e-05 3.3010176397118925e-07 1.4028828675508236e-07 8.778121503312456e-08 0.0 
9.500905012399686e-06 3.11967676104e-05 3.291901111754366e-07 1.3981160043035482e-07 8.74748543515778e-08 0.0 
9.513315247167616e-06 3.12808023684744e-05 3.2835151875375297e-07 1.3936650838014682e-07 8.718833969748633e-08 0.0 
9.527886450240122e-06 3.137197191425243e-05 3.2759199421710944e-07 1.389555714022951e-07 8.692327115594943e-08 0.0 
9.544664428976624e-06 3.147050702807716e-05 3.2691092454390307e-07 1.385784934250685e-07 8.667947203951005e-08 0.0 
9.563682034806526e-06 3.1576582187173264e-05 3.2630738404963746e-07 1.382347610037568e-07 8.645661142139407e-08 0.0 
9.584976841293194e-06 3.169038980272005e-05 3.257805059791764e-07 1.379238870230408e-07 8.62543754316612e-08 0.0 
9.60857537843046e-06 3.181210824701359e-05 3.25328794492057e-07 1.376451281434868e-07 8.60722919933058e-08 0.0 
9.634486634522312e-06 3.19418880322342e-05 3.249502148190131e-07 1.3739754899062065e-07 8.590977270500048e-08 0.0 
9.662787964650671e-06 3.2080031831891226e-05 3.246462678582924e-07 1.371817561051213e-07 8.57671987398908e-08 0.0 
9.693607307117378e-06 3.2227023513604477e-05 3.2442013671906777e-07 1.3699927694869944e-07 8.564556606977533e-08 0.0 
9.72713872322344e-06 3.238349678933092e-05 3.24279956049502e-07 1.3685399929048088e-07 8.554736685059904e-08 0.0 
9.764083534383485e-06 3.2551489143842916e-05 3.242643619121709e-07 1.3676469362431394e-07 8.548463234789549e-08 0.0 
9.804108840970241e-06 3.273009473576415e-05 3.2435221157488263e-07 1.3672036946881184e-07 8.545021936340616e-08 0.0 
9.847094538479634e-06 3.291906737035408e-05 3.245330161018246e-07 1.3671575896946514e-07 8.544074065969298e-08 0.0 
9.893178249421044e-06 3.311907294194369e-05 3.248095310134399e-07 1.3675215187516661e-07 8.545703738699618e-08 0.0 
9.942470211094486e-06 3.333063950624869e-05 3.251838741509028e-07 1.3683042132551837e-07 8.549966151782378e-08 0.0 
9.995040535411485e-06 3.3553935987067646e-05 3.256577217920049e-07 1.3695097273241194e-07 8.556881385950739e-08 0.0 
1.0050988350701633e-05 3.378915027339321e-05 3.2623462699485383e-07 1.3711516641669573e-07 8.566531590620696e-08 0.0 
1.0110447241436265e-05 3.403681576350299e-05 3.2691725450722817e-07 1.3732417871103773e-07 8.578992130099527e-08 0.0 
1.0173542851252549e-05 3.429741882683386e-05 3.277079704374913e-07 1.375788908587525e-07 8.594317111693309e-08 0.0 
1.0240403705987473e-05 3.4571446170651394e-05 3.2860924891680427e-07 1.3788019991546503e-07 8.61256107717545e-08 0.0 
1.0311173704859619e-05 3.485942588636241e-05 3.2962430119732574e-07 1.382293127300745e-07 8.633797842482931e-08 0.0 
1.0386006581365874e-05 3.516192058829349e-05 3.307566619359163e-07 1.3862757012176842e-07 8.658109555159622e-08 0.0 
1.0465065704452713e-05 3.5479529464830395e-05 3.3201068054635134e-07 1.3907669447150038e-07 8.685602458036685e-08 0.0 
1.054852073129921e-05 3.5812886228658535e-05 3.3339026288802124e-07 1.3957818804537307e-07 8.716368879355532e-08 0.0 
1.0636560038239278e-05 3.6162699830876745e-05 3.348994688618094e-07 1.401336478109802e-07 8.750507918594137e-08 0.0 
1.072943523692544e-05 3.652991882018111e-05 3.365443358658404e-07 1.40745789789423e-07 8.788193746214966e-08 0.0 
1.082734203646263e-05 3.691533889589988e-05 3.383283060386631e-07 1.4141601416242868e-07 8.829514548362054e-08 0.0 
1.0930498738224583e-05 3.7319805978536013e-05 3.402557091637106e-07 1.4214601202179813e-07 8.874575295716798e-08 0.0 
1.1039185287676843e-05 3.7744316267861634e-05 3.4233505492554923e-07 1.429393102802749e-07 8.923595624764696e-08 0.0 
1.115374157345078e-05 3.819001695670639e-05 3.445786823469644e-07 1.4380109454833247e-07 8.976898487672465e-08 0.0 
1.1274495806924465e-05 3.865808848518645e-05 3.469949317382266e-07 1.4473473293034492e-07 9.034693266126928e-08 0.0 
1.1401787954059075e-05 3.914975651860254e-05 3.4959252800000954e-07 1.457437338712557e-07 9.097197812432313e-08 0.0 
1.1535972143393572e-05 3.966630234817304e-05 3.523806463024877e-07 1.4683177642045382e-07 9.164640369815562e-08 0.0 
1.167742392291646e-05 4.020909621174424e-05 3.5536887361703097e-07 1.4800270156775303e-07 9.237259228922907e-08 0.0 
1.1826548016450068e-05 4.0779616340298145e-05 3.5856754859249215e-07 1.492606585957072e-07 9.31531193106104e-08 0.0 
1.198370334278712e-05 4.137936567501049e-05 3.619815746401945e-07 1.5060760532609568e-07 9.39892275932469e-08 0.0 
1.2149184978091958e-05 4.2009651292450415e-05 3.656125157607311e-07 1.5204391252369144e-07 9.488114579020029e-08 0.0 
1.232339535703441e-05 4.2672000047079874e-05 3.6946887876888843e-07 1.5357275412970401e-07 9.583081811988274e-08 0.0 
1.2506839687344604e-05 4.336831667250814e-05 3.735624286588711e-07 1.5519882946926613e-07 9.684116531903348e-08 0.0 
1.2700064154340435e-05 4.4100658282949284e-05 3.779058956704723e-07 1.569272237733175e-07 9.791534789694401e-08 0.0 
1.2903660020183249e-05 4.487125450003656e-05 3.825130743739065e-07 1.5876345241987513e-07 9.905679447992051e-08 0.0 
1.3118429568941703e-05 4.568294397697051e-05 3.8740926857652603e-07 1.6071828880378938e-07 1.0027225346366127e-07 0.0 
1.3345877724238797e-05 4.6540455665558045e-05 3.926615746316453e-07 1.628214741274617e-07 1.0158042149583382e-07 0.0 
1.3586271339352891e-05 4.7445524162124414e-05 3.982559331413503e-07 1.6506560803809767e-07 1.0297658268810033e-07 0.0 
1.3840183738808239e-05 4.840081027587344e-05 4.041938664216541e-07 1.6745078736862586e-07 1.0446081404190312e-07 0.0 
1.4108548828608632e-05 4.940976862407557e-05 4.1049807055261167e-07 1.6998621757538524e-07 1.0603885079630882e-07 0.0 
1.4392362942755288e-05 5.0476015429485634e-05 4.1719277459245084e-07 1.7268159242998086e-07 1.0771671032168639e-07 0.0 
1.4692761862105266e-05 5.160373188924459e-05 4.243071513029777e-07 1.7554875915839763e-07 1.0950176711051396e-07 0.0 
1.501101155354006e-05 5.2797464118782444e-05 4.3187503283958123e-07 1.786013976757908e-07 1.1140252077909447e-07 0.0 
1.534843766862955e-05 5.4062181137684894e-05 4.3992886056606163e-07 1.8185264550385177e-07 1.1342715442418698e-07 0.0 
1.57064930343029e-05 5.540331292266005e-05 4.485040641665625e-07 1.853168331484688e-07 1.1558459064220028e-07 0.0 
1.608678555227416e-05 5.682686130787506e-05 4.5764009063058074e-07 1.890099559904979e-07 1.1788479319511563e-07 0.0 
1.6491939615459104e-05 5.834237280013909e-05 4.6741430764168197e-07 1.9296669729554078e-07 1.2034979323948383e-07 0.0 
1.6923877839565887e-05 5.995703263394113e-05 4.778735918671638e-07 1.972056100750722e-07 1.2299107150756087e-07 0.0 
1.7384080907180737e-05 6.167659331302571e-05 4.890437231199031e-07 2.0173482208439496e-07 1.2581341032498158e-07 0.0 
1.787494584886282e-05 6.351001786753298e-05 5.009832001266504e-07 2.065780415193237e-07 1.2883157861243468e-07 0.0 
1.8399159952329032e-05 6.546734955307984e-05 5.137579131005574e-07 2.1176203507703578e-07 1.3206225761789986e-07 0.0 
1.8959717745563693e-05 6.755978276367312e-05 5.274412373817342e-07 2.1731660887140565e-07 1.3552402286126756e-07 0.0 
1.9559963867319032e-05 6.979982403584085e-05 5.42115070363096e-07 2.232750289907439e-07 1.3923760620252411e-07 0.0 
2.0203643009437785e-05 7.220147966352081e-05 5.578710384120372e-07 2.296745109407521e-07 1.432262008316887e-07 0.0 
2.089495180121923e-05 7.478046479767572e-05 5.748116874264204e-07 2.3655672892192962e-07 1.4751578224252386e-07 0.0 
2.1638645289887986e-05 7.755466268924259e-05 5.930528217423111e-07 2.4396900226960573e-07 1.521358899665007e-07 0.0 
2.2440154739903256e-05 8.05444233090128e-05 6.127279112420777e-07 2.519659534437413e-07 1.5712062843472465e-07 0.0 
2.330562659087685e-05 8.377276820444402e-05 6.339883633443096e-07 2.6060956552464184e-07 1.6250869472508764e-07 0.0 
2.4241976960808988e-05 8.726568144337624e-05 6.570024611592812e-07 2.699685277711492e-07 1.6834295781867348e-07 0.0 
2.525704993822889e-05 9.105264200988867e-05 6.819609368755892e-07 2.8012064201017826e-07 1.7467196788074973e-07 0.0 
2.6359810520379514e-05 9.516731847324302e-05 7.090820820203422e-07 2.91154844980146e-07 1.8155120252563238e-07 0.0 
2.7560789528943187e-05 9.964897699487403e-05 7.386301844641408e-07 3.03179256878897e-07 1.8904812431136385e-07 0.0 
2.887186544024312e-05 0.00010454222526640644 7.708950557107347e-07 3.163121230856665e-07 1.972365174792555e-07 0.0 
3.0306696461016775e-05 0.0001098984375360116 8.062076939417125e-07 3.306883218633389e-07 2.0620053219520753e-07 0.0 
3.188110095365159e-05 0.00011577714206082916 8.44950996065122e-07 3.4646387474356334e-07 2.1603751184329432e-07 0.0 
3.3613468990631756e-05 0.00012224760919747558 8.875695760710262e-07 3.6381997702614114e-07 2.2686051426759446e-07 0.0 
3.5525269028685827e-05 0.00012939075244788683 9.345826496373061e-07 3.829682300596854e-07 2.388015716651874e-07 0.0 
3.7642083184156574e-05 0.00013730170771579677 9.866295143512962e-07 4.041685369144876e-07 2.5202263538276834e-07 0.0 
3.999375268020618e-05 0.00014609223726277533 1.0444401712371223e-06 4.277178753670267e-07 2.667088767034327e-07 0.0 
4.261523054699469e-05 0.00015589402398304508 1.1088564594983372e-06 4.539588406250407e-07 2.830740066714944e-07 0.0 
4.554773334002296e-05 0.00016686285053494975 1.180867532132216e-06 4.832939961596358e-07 3.0136916695167794e-07 0.0 
4.884061061957013e-05 0.00017918503718005507 1.2616573076573384e-06 5.162051137424941e-07 3.218949112404724e-07 0.0 
5.255296200040585e-05 0.0001930842374766043 1.3526393582275226e-06 5.532679286884992e-07 3.450105197889264e-07 0.0 
5.675565412487708e-05 0.00020882893098240715 1.4555073811979282e-06 5.951722321280154e-07 3.711464479524659e-07 0.0 
6.15345729798941e-05 0.0002267436636884873 1.5723173080798787e-06 6.427543197956916e-07 4.008244013617359e-07 0.0 
6.699394439230566e-05 0.00024722254448051993 1.7055596189484102e-06 6.970271094371332e-07 4.346762735911534e-07 0.0 
7.326072072281253e-05 0.00027074606327241984 1.8582615427349452e-06 7.592217141370744e-07 4.734701005014762e-07 0.0 
8.049006301627842e-05 0.00029790189597138025 2.0341148664473385e-06 8.30839191863386e-07 5.181423280670941e-07 0.0 
8.887215873636174e-05 0.0003294109295198931 2.2376340752354883e-06 9.137146730006117e-07 5.698378190871584e-07 0.0 
9.864110615087897e-05 0.0003661604540815588 2.474383194565719e-06 1.010110204381883e-06 6.299677548320655e-07 0.0 
0.00011008480977549049 0.00040924190985282304 2.7512083673466584e-06 1.122809023588664e-06 7.0026842563062e-07 0.0 
0.0001235545693475954 0.00045998917520674023 3.0764115581154515e-06 1.2551838256652937e-06 7.828438343707598e-07 0.0 
0.00013947906861501013 0.0005200288760838594 3.4601809598266677e-06 1.4113831272577602e-06 8.802828983913088e-07 0.0 
0.00015836007296427226 0.0005912672444500434 3.914405123190354e-06 1.5962455055958928e-06 9.956050278381033e-07 0.0 
0.00018072161266711786 0.0006757110719976656 4.451116503881579e-06 1.8146389687475249e-06 1.1318463951834093e-06 0.0 
0.00020700174416810328 0.000775054286146979 5.080175930056755e-06 2.0705619271669186e-06 1.2915032794993604e-06 0.0 
0.00023719498681733917 0.0008893445640004773 5.800448440144053e-06 2.363555399694406e-06 1.4742957784243503e-06 0.0 
0.0002700279104837002 0.0010138658084636904 6.5798329341765195e-06 2.680501651884164e-06 1.6720417651912196e-06 0.0 
0.00030166149268967454 0.0011342381468347558 7.3244137233857935e-06 2.9831396665591357e-06 1.8608767675748175e-06 0.0 
0.00032478827013999307 0.0012229526861602443 7.857680463336947e-06 3.1996269484772194e-06 1.9959870312447532e-06 0.0 
0.00033081137509951766 0.00124748017467394 7.974577777484688e-06 3.2465633037436805e-06 2.0253426365096936e-06 0.0 
0.000315997539188203 0.0011934446036654073 7.589897600273145e-06 3.0893783376053534e-06 1.9273656929596905e-06 0.0 
0.0002851898822541696 0.001078789330234914 6.82502770492794e-06 2.777574235462419e-06 1.7329220913726612e-06 0.0 
0.00024759061514952844 0.0009380657829411844 5.903605355363072e-06 2.402204280256962e-06 1.498804955458384e-06 0.0 
0.00021054381472603744 0.0007989950599271592 5.001902123239155e-06 2.0349907416604153e-06 1.269756405497804e-06 0.0 
0.00017761074766202222 0.0006751092998771629 4.204071016398671e-06 1.710148496083704e-06 1.067124780979668e-06 0.0 
0.0001497120627040589 0.0005699839843638784 3.5307358902981584e-06 1.4360402215113106e-06 8.961316091641341e-07 0.0 
0.00012655835786809389 0.0004826077730645326 2.9737660306032586e-06 1.2093345418220832e-06 7.547024669229275e-07 0.0 
0.0001074754196941769 0.0004104940269565211 2.5161268881070206e-06 1.0230837072495066e-06 6.385058873252976e-07 0.0 
9.175412751427278e-05 0.00035100605323245014 2.140212687107779e-06 8.701131884894506e-07 5.430681495875582e-07 0.0 
7.87672918625426e-05 0.00030180308745183506 1.830572831756816e-06 7.441283143349196e-07 4.644637041917156e-07 0.0 
6.799362424135399e-05 0.00026093496969712934 1.5744211583687359e-06 6.399196403136052e-07 3.994434127634038e-07 0.0 
5.901136448097985e-05 0.00022682133619242895 1.3614499033606125e-06 5.532883884487424e-07 3.453884024205246e-07 0.0 
5.1482832450873465e-05 0.0001981952290341514 1.1834314832942712e-06 4.80883831793373e-07 3.00208701760893e-07 0.0 
4.513849690478973e-05 0.0001740441385313972 1.0338167807232796e-06 4.200391891125428e-07 2.622408922620539e-07 0.0 
3.976318234217622e-05 0.00015355866906817015 9.073920630816989e-07 3.6863160597457555e-07 2.3016076783256662e-07 0.0 
3.5184760628862976e-05 0.00013609045485741183 7.999992660208096e-07 3.2496814868490733e-07 2.029122362225314e-07 0.0 
3.126490437622119e-05 0.00012111812954675288 7.082996453676126e-07 2.876895832754274e-07 1.7964737640593753e-07 0.0 
2.7892051297935504e-05 0.00010822085428405595 6.296052447120144e-07 2.5570173304210906e-07 1.5968360565983188e-07 0.0 
2.497589369504281e-05 9.705764300637859e-05 5.617449502395607e-07 2.281208723790012e-07 1.4246960791890222e-07 0.0 
2.2443006128898555e-05 8.73509895481071e-05 5.029575226830205e-07 2.0423016930130087e-07 1.2755816840938588e-07 0.0 
2.023336793845509e-05 7.887386818683571e-05 4.5180605706148094e-07 1.8344486933867478e-07 1.1458446574090792e-07 0.0 
1.829772874229908e-05 7.143979557379027e-05 4.071153040112149e-07 1.652868688993754e-07 1.0325021564564341e-07 0.0 
1.6595459676731232e-05 6.489476331601727e-05 3.679179022491552e-07 1.493626242606312e-07 9.330987695913007e-08 0.0 
1.509276429553617e-05 5.911068039504126e-05 3.334079740615327e-07 1.353441928883502e-07 8.455883406003013e-08 0.0 
1.376148292214022e-05 5.398074039977963e-05 3.029153242693416e-07 1.229588795447414e-07 7.68269391600698e-08 0.0 
1.2578043586227332e-05 4.9415469362731814e-05 2.758800173906403e-07 1.1197887951648648e-07 6.997205126362728e-08 0.0 
1.1522625679407979e-05 4.533957693535115e-05 2.518321132314887e-07 1.0221302441568925e-07 6.387488685793527e-08 0.0 
1.0578490158493686e-05 4.168943246718885e-05 2.3037546817584417e-07 9.350018467466887e-08 5.8434904034497855e-08 0.0 
9.731448397674065e-06 3.841104979483936e-05 2.1117511935625376e-07 8.570413219307994e-08 5.3567096328015365e-08 0.0 
8.969423643771115e-06 3.54584387615829e-05 1.9394670521647658e-07 7.870923562685703e-08 4.919930774361692e-08 0.0 
8.28207715193083e-06 3.2792232799919906e-05 1.7844673412780676e-07 7.241649980673374e-08 4.5269766432426273e-08 0.0 
7.660662663730313e-06 3.0379351973852785e-05 1.6446931381020688e-07 6.674267924725681e-08 4.172659418442823e-08 0.0 
7.097635120805585e-06 2.819120393882314e-05 1.5183723792230646e-07 6.16160331329166e-08 3.852506423721914e-08 0.0 
6.586158194076842e-06 2.620127651594128e-05 1.403907289702202e-07 5.697084677432775e-08 3.5624057775112945e-08 0.0 
6.120711500371422e-06 2.4388465022412407e-05 1.3000255037820012e-07 5.275580072076674e-08 3.29915890152275e-08 0.0 
5.696404152008753e-06 2.2734091668300676e-05 1.205591285404475e-07 4.892484592741094e-08 3.059892966570638e-08 0.0 
5.308570968027447e-06 2.1220287818972767e-05 1.1194922719908649e-07 4.543220716511737e-08 2.8417453974758403e-08 0.0 
4.953410891107044e-06 1.9832466521457464e-05 1.0408465463832515e-07 4.2242005432548916e-08 2.642476344219595e-08 0.0 
4.627594814451158e-06 1.8557894257239438e-05 9.688814277802041e-08 3.9322882215701827e-08 2.4601291417537873e-08 0.0 
4.328192984109262e-06 1.7385361396963215e-05 9.0291823279487e-08 3.6647304128890345e-08 2.2929858437621348e-08 0.0 
4.052700704965043e-06 1.6305171087754817e-05 8.423957678669738e-08 3.419250230025139e-08 2.1396245394726205e-08 0.0 
3.7989005525923014e-06 1.5308714308673354e-05 7.868174866755773e-08 3.1938272401860606e-08 1.9987827244329338e-08 0.0 
3.564728203280259e-06 1.4388101699937127e-05 7.356987687984952e-08 2.98649370274072e-08 1.8692327478211444e-08 0.0 
3.348355105128049e-06 1.3536337397548052e-05 6.886121583524152e-08 2.795516292620941e-08 1.7498934110892434e-08 0.0 
3.1481459602213626e-06 1.2747182395691675e-05 6.451752003036117e-08 2.61934379228396e-08 1.6397971248358722e-08 0.0 
2.9626378603336915e-06 1.201504528605149e-05 6.050463480129994e-08 2.4565901849786057e-08 1.5380791850367815e-08 0.0 
2.790503366395451e-06 1.1334875009836855e-05 5.6791586114051256e-08 2.3060020210396475e-08 1.4439580215629578e-08 0.0 
2.6305397486114687e-06 1.070208964632247e-05 5.3350180969599034e-08 2.1664370951286606e-08 1.3567213944901925e-08 0.0 
2.481713610241759e-06 1.011271473197348e-05 5.015676508347289e-08 2.0369372064568304e-08 1.2757714814349047e-08 0.0 
2.34309630807911e-06 9.563162598721852e-06 4.719022492404806e-08 1.9166449595226078e-08 1.2005729644906204e-08 0.0 
2.213848172545903e-06 9.050185546293345e-06 4.443149269291192e-08 1.8047854655091715e-08 1.1306419451190018e-08 0.0 
2.0932105885055618e-06 8.570847773849222e-06 4.1863366488147794e-08 1.7006597502112845e-08 1.0655419274992368e-08 0.0 
1.980497013461173e-06 8.122490936338153e-06 3.947030163862436e-08 1.603636257101042e-08 1.0048785130452503e-08 0.0 
1.8750851163667187e-06 7.70270398733496e-06 3.72382282458892e-08 1.5131434182662554e-08 9.482947616899248e-09 0.0 
1.7764098825183423e-06 7.30929671777636e-06 3.515439131541118e-08 1.4286631456838999e-08 8.954671278042672e-09 0.0 
1.683960274514246e-06 6.940282141781142e-06 3.320735650821734e-08 1.3497308342553361e-08 8.461053833453883e-09 0.0 
1.5972802736734436e-06 6.5938704765422855e-06 3.138705828031722e-08 1.27593668916762e-08 7.999533577506634e-09 0.0 
1.5159457517693401e-06 6.268411298227663e-06 2.9683968653764082e-08 1.2068936195192395e-08 7.567692752424452e-09 0.0 
1.4395657485024714e-06 5.962385320350411e-06 2.808927912408923e-08 1.1422438938626442e-08 7.163297305180125e-09 0.0 
1.367782439187704e-06 5.6744010128868885e-06 2.659494041477496e-08 1.0816605967348028e-08 6.784305521929418e-09 0.0 
1.3002664153631394e-06 5.4031785429407585e-06 2.5193540222031356e-08 1.0248428316062245e-08 6.4288384386967505e-09 0.0 
1.2367169460238385e-06 5.147550395562171e-06 2.3878328748623448e-08 9.715167486835998e-09 6.095186118233162e-09 0.0 
1.1768640647001606e-06 4.906462038749599e-06 2.2643254427856357e-08 9.214366841081563e-09 5.781814237638115e-09 0.0 
1.1204562514637644e-06 4.678933451113909e-06 2.1482693326232727e-08 8.743743899390533e-09 5.487297263703046e-09 0.0 
1.0672573091405249e-06 4.464049441729896e-06 2.0391368062925153e-08 8.301159357555155e-09 5.210299420201108e-09 0.0 
1.017045252095599e-06 4.26097743109031e-06 1.936428478958507e-08 7.884613716484343e-09 4.949575930812731e-09 0.0 
9.696325864536504e-07 4.069047494603993e-06 1.839722379724368e-08 7.492458107529316e-09 4.70410626497186e-09 0.0 
9.248189031732111e-07 3.887424796460254e-06 1.7485743569638378e-08 7.122831927884318e-09 4.472719698755358e-09 0.0 
8.824383414151644e-07 3.7154378750667554e-06 1.6626273498884794e-08 6.774272974562962e-09 4.25450021440582e-09 0.0 
8.423384972118628e-07 3.5524907853541587e-06 1.5815481785973837e-08 6.4454339384425905e-09 4.0486065097788265e-09 0.0 
8.043742025496241e-07 3.398017912000539e-06 1.505015001110036e-08 6.135009974125764e-09 3.854223707695823e-09 0.0 
7.684116069656535e-07 3.2514970392581046e-06 1.4327328075436278e-08 5.841805530936452e-09 3.670605149086479e-09 0.0 
7.343285832990906e-07 3.112447207889514e-06 1.3644388659691397e-08 5.564755981787353e-09 3.497085459358623e-09 0.0 
7.020130666181508e-07 2.9804334206539225e-06 1.2998867677571868e-08 5.3028713716645385e-09 3.3330473424474636e-09 0.0 
6.713861349573476e-07 2.855178652365925e-06 1.2389075876509007e-08 5.055529136608822e-09 3.1781095871021013e-09 0.0 
6.423264368811816e-07 2.7361856603578704e-06 1.1812291441527706e-08 4.82157780211209e-09 3.031547079214546e-09 0.0 
6.147254646878555e-07 2.623013192445427e-06 1.1266094148096984e-08 4.600007741783228e-09 2.8927258159686776e-09 0.0 
5.884972195722021e-07 2.5153243533344984e-06 1.0748595540300697e-08 4.390054222167767e-09 2.7611681845155604e-09 0.0 
5.635615813989582e-07 2.412804974415778e-06 1.0258041022026471e-08 4.191006768250915e-09 2.6364304360281385e-09 0.0 
5.398438496219854e-07 2.3151618555792715e-06 9.792799118676985e-09 4.002204806841954e-09 2.518099967808563e-09 0.0 
5.172743245926954e-07 2.2221211606611227e-06 9.351351702631081e-09 3.823033701278823e-09 2.4057928494538345e-09 0.0 
4.957879253059291e-07 2.133426951567569e-06 8.932285086741789e-09 3.6529211385641852e-09 2.299151568830353e-09 0.0 
4.753246158121811e-07 2.0488415810156177e-06 8.534315412079267e-09 3.4913466317282066e-09 2.1978507692066264e-09 0.0 
4.558284934763646e-07 1.968143188456674e-06 8.156251840406123e-09 3.3378273329955495e-09 2.1015885792948644e-09 0.0 
4.372464909480856e-07 1.8911236627412566e-06 7.7969464990874e-09 3.1919000705832966e-09 2.0100758423880413e-09 0.0 
4.1952970570299593e-07 1.817592356513479e-06 7.455347119474349e-09 3.053142953262997e-09 1.923049504856909e-09 0.0 
4.026338130632343e-07 1.7473740946095514e-06 7.130526095261742e-09 2.921184431331494e-09 1.8402777323871434e-09 0.0 
3.865187768386465e-07 1.6803092420017674e-06 6.8216656544939655e-09 2.7956964219137493e-09 1.76155557897877e-09 0.0 
3.7114351154082456e-07 1.616234855353863e-06 6.527886126966935e-09 2.6763216908550115e-09 1.6866596522697703e-09 0.0 
3.564692902153925e-07 1.5549973574668568e-06 6.24835900801157e-09 2.5627238388171096e-09 1.6153796003200903e-09 0.0 
3.4245970619056574e-07 1.4964522878546122e-06 5.982307241581328e-09 2.454587446125739e-09 1.547518191758391e-09 0.0 
3.290805131683816e-07 1.4404635973867614e-06 5.729001436599978e-09 2.3516164205478835e-09 1.4828902638288412e-09 0.0 
3.162994754051499e-07 1.3869026804070927e-06 5.48775987687149e-09 2.2535338156216352e-09 1.4213225669137441e-09 0.0 
3.0408362368395684e-07 1.3356385327444454e-06 5.257879572779635e-09 2.1600539831231165e-09 1.3626364676452206e-09 0.0 
2.9240006050955327e-07 1.286541969193778e-06 5.038638732395183e-09 2.0708844450067784e-09 1.3066493250073075e-09 0.0 
2.8122194029189557e-07 1.2395059832424218e-06 4.829471856488098e-09 1.985796157817633e-09 1.2532179335645171e-09 0.0 
2.7052394986628547e-07 1.1944295685627923e-06 4.629847822467754e-09 1.904574009866548e-09 1.2022077873116612e-09 0.0 
2.602862335240373e-07 1.1512328335278543e-06 4.439412388282816e-09 1.8270759879703202e-09 1.153529961155957e-09 0.0 
2.504934531534392e-07 1.1098585932571312e-06 4.2579295560751534e-09 1.753212824394476e-09 1.107129104210208e-09 0.0 
2.411213240213089e-07 1.0701993482336931e-06 4.0848608540206695e-09 1.682756693973455e-09 1.062861450167852e-09 0.0 
2.321473810509249e-07 1.0321637663990833e-06 3.919708071560656e-09 1.6155038075684857e-09 1.0205994457501801e-09 0.0 
2.235510419337727e-07 9.95671414517682e-07 3.7620170550879024e-09 1.5512710006795107e-09 9.802288110021578e-10 0.0 
2.153126588238322e-07 9.606455912275409e-07 3.611355863584955e-09 1.4898843129816306e-09 9.416410258442854e-10 0.0 
2.0741240183508592e-07 9.27010361103092e-07 3.4672902447359438e-09 1.4311707007819267e-09 9.04728358134522e-10 0.0 
1.9983403588381743e-07 8.947008036142502e-07 3.329484307451211e-09 1.374994393567464e-09 8.69405911355646e-10 0.0 
1.9256268000621852e-07 8.636567598677922e-07 3.1976341155592937e-09 1.3212320388376638e-09 8.355964660175116e-10 0.0 
1.8558423721676723e-07 8.338212076406299e-07 3.071452318899682e-09 1.2697670398751562e-09 8.032270308101236e-10 0.0 
1.788853476928497e-07 8.05140075205203e-07 2.950667139416238e-09 1.2204891412860962e-09 7.72228583182272e-10 0.0 
1.7245334510027679e-07 7.7756206759818e-07 2.835021426317199e-09 1.173294042856875e-09 7.425358276478764e-10 0.0 
1.6627653057024372e-07 7.510392822849462e-07 2.7242813534145884e-09 1.128086588382977e-09 7.140891295909365e-10 0.0 
1.603486351705463e-07 7.255536809436705e-07 2.6183369881097644e-09 1.0848314521067375e-09 6.868674838429286e-10 0.0 
1.5466051444443736e-07 7.010704397826486e-07 2.5170097623309684e-09 1.0434589070430755e-09 6.60827517287451e-10 0.0 
1.4919752023077205e-07 6.775198041811922e-07 2.4199996107953913e-09 1.0038365022599114e-09 6.358849263017241e-10 0.0 
1.4394924865074186e-07 6.548592006187465e-07 2.3270939059832167e-09 9.658775133686067e-10 6.119853662913108e-10 0.0 
1.3890611774007753e-07 6.330501222509986e-07 2.2380974414962785e-09 9.2950302726508e-10 5.890794738303157e-10 0.0 
1.3405902938695734e-07 6.12055961636747e-07 2.152825386857571e-09 8.946383261396307e-10 5.671205062250202e-10 0.0 
1.2939934184010853e-07 5.918419056010833e-07 2.071102677477947e-09 8.612126429361004e-10 5.460641893358005e-10 0.0 
1.2491884395474708e-07 5.723748344359757e-07 1.9927634348152597e-09 8.29158922980823e-10 5.258685680849344e-10 0.0 
1.20609744205772e-07 5.536236495935498e-07 1.9176509932381763e-09 7.984142630320636e-10 5.064943379632364e-10 0.0 
1.1646480923692781e-07 5.355593401882213e-07 1.8456257399104598e-09 7.689227021839697e-10 4.879065053488349e-10 0.0 
1.1247701370326069e-07 5.18153223127382e-07 1.7765487585458263e-09 7.406278624342632e-10 4.700697438407264e-10 0.0 
1.0863956123816262e-07 5.013776806139286e-07 1.7102831457480414e-09 7.134742735953787e-10 4.529493250144678e-10 0.0 
1.0494614388438695e-07 4.852068835854646e-07 1.646704323374312e-09 6.874114133935277e-10 4.3651359445236576e-10 0.0 
1.0139075477539212e-07 4.69616321258686e-07 1.5856978377626168e-09 6.623932375705075e-10 4.207337163843023e-10 0.0 
9.796726137915664e-08 4.545813454647586e-07 1.5271392652098203e-09 6.383697448936115e-10 4.055784414566097e-10 0.0 
9.467016983294894e-08 4.40079771608187e-07 1.470918037516836e-09 6.152966054738499e-10 3.910200727349298e-10 0.0 
9.149404918862573e-08 4.260894483070235e-07 1.416925020948227e-09 5.931295918222054e-10 3.77030917889132e-10 0.0 
8.843376633125188e-08 4.1259050363407244e-07 1.365058696998841e-09 5.71828568765337e-10 3.635860092334471e-10 0.0 
8.548472634649004e-08 3.9956502328565257e-07 1.3152306207795558e-09 5.513586490672542e-10 3.5066363849353566e-10 0.0 
8.264391086398912e-08 3.8699782735841105e-07 1.2673900224198474e-09 5.316975442429826e-10 3.3824947735366285e-10 0.0 
7.990728796791802e-08 3.7487196151876685e-07 1.2214580544678726e-09 5.128129873997959e-10 3.2632325545015447e-10 0.0 
7.727091162330682e-08 3.6317093437048214e-07 1.1773566523771032e-09 4.946730959064721e-10 3.1486496843912145e-10 0.0 
7.47308602938422e-08 3.5187857225130965e-07 1.1350081523010322e-09 4.772462792660274e-10 3.0385481273577354e-10 0.0 
7.228336223899993e-08 3.4097928788940565e-07 1.0943381353994826e-09 4.6050227513045405e-10 2.9327381704889717e-10 0.0 
6.992478076162727e-08 3.3045813349669733e-07 1.0552749742453077e-09 4.4441199742686506e-10 2.8310375155151087e-10 0.0 
6.765127589049416e-08 3.202991251508082e-07 1.0177422409661011e-09 4.28944234201808e-10 2.7332504163945585e-10 0.0 
6.54584972249125e-08 3.104837919325827e-07 9.816519080202057e-10 4.1406274174876985e-10 2.6391493784389863e-10 0.0 
6.334272208268203e-08 3.0099742079934395e-07 9.469307564957147e-10 3.997382661084397e-10 2.5485516595443564e-10 0.0 
6.130016437352982e-08 2.918254253191842e-07 9.13504609120769e-10 3.859414453688025e-10 2.4612741690001946e-10 0.0 
5.932796854280559e-08 2.82955909938154e-07 8.813191082567348e-10 3.7265020048468525e-10 2.377178390073947e-10 0.0 
5.7423413918806675e-08 2.7437751490453397e-07 8.503226470272598e-10 3.5984356100697313e-10 2.2961327358947017e-10 0.0 
5.5583898027900614e-08 2.6607936324567394e-07 8.204660132515231e-10 3.475015304766736e-10 2.2180117204225764e-10 0.0 
5.3806930864211024e-08 2.580510377691536e-07 7.917022669803193e-10 3.35605036532289e-10 2.1426956462897793e-10 0.0 
5.209029953052105e-08 2.5028389992412867e-07 7.639908786896094e-10 3.241382255422633e-10 2.070085784309525e-10 0.0 
5.043251562977873e-08 2.427757744770252e-07 7.373067309483956e-10 3.130943429907683e-10 2.000144409311702e-10 0.0 
4.883092994116037e-08 2.3551262713139739e-07 7.115997703204572e-10 3.0245060318352904e-10 1.9327250707769953e-10 0.0 
4.7283268910701906e-08 2.284827762816498e-07 6.868291257737553e-10 2.9218874073557276e-10 1.8677106697590722e-10 0.0 
4.578766792025073e-08 2.2167835058822611e-07 6.629611652465994e-10 2.8229508738151644e-10 1.8050153051512907e-10 0.0 
4.434364591975741e-08 2.1509632293631929e-07 6.399983289974914e-10 2.727701641516127e-10 1.7446407201155073e-10 0.0 
4.29496154364852e-08 2.0873025049446562e-07 6.179129192170061e-10 2.636029964621436e-10 1.6865182154746555e-10 0.0 
4.160363451402876e-08 2.02572771243612e-07 5.966660979130013e-10 2.5477844814852225e-10 1.6305538303250774e-10 0.0 
4.03036202798888e-08 1.9661538873542028e-07 5.762157793660498e-10 2.4627951283682495e-10 1.576641190768098e-10 0.0 
3.904763057671237e-08 1.908500307085523e-07 5.565234367512913e-10 2.3809052610429575e-10 1.524682142899052e-10 0.0 
3.783355004759647e-08 1.852680797493388e-07 5.375475106480649e-10 2.3019481549179724e-10 1.4745724531244218e-10 0.0 
3.665956574240454e-08 1.7986200707321483e-07 5.192535154126148e-10 2.2257848610066802e-10 1.4262250606034475e-10 0.0 
3.552423967202034e-08 1.7462581151148063e-07 5.016153589755579e-10 2.15231067648543e-10 1.379574448714494e-10 0.0 
3.4426189644947235e-08 1.6955361306677297e-07 4.846077703231239e-10 2.0814226094832186e-10 1.3345558869673732e-10 0.0 
3.336408524436682e-08 1.646395819212956e-07 4.682061082730367e-10 2.0130179091071653e-10 1.291104389832688e-10 0.0 
3.23366504441433e-08 1.5987826284870472e-07 4.5238711960087746e-10 1.9470015553942552e-10 1.249160182456569e-10 0.0 
3.134265911583552e-08 1.5526441721484814e-07 4.3712853587436486e-10 1.8832826606794702e-10 1.2086661026328126e-10 0.0 
3.03809359168391e-08 1.507931090145003e-07 4.2240919042287045e-10 1.8217760197192364e-10 1.1695686969852944e-10 0.0 
2.9450347138192523e-08 1.4645957509043882e-07 4.0820867353676663e-10 1.762399449267782e-10 1.1318164046721798e-10 0.0 
2.8549788897570165e-08 1.4225906296416012e-07 3.9450701804370314e-10 1.7050711594709015e-10 1.0953577399938877e-10 0.0 
2.7678307069733685e-08 1.3818732710228154e-07 3.812869108382005e-10 1.649719526327737e-10 1.0601475175209448e-10 0.0 
2.683512231961506e-08 1.342407051926125e-07 3.6853409150832175e-10 1.5962845433109082e-10 1.0261477435821515e-10 0.0 
2.6019205754747876e-08 1.3041481804226366e-07 3.56230330879414e-10 1.544691850046124e-10 9.933116261581017e-11 0.0 
2.5229542416329112e-08 1.2670537638570692e-07 3.4435779872349354e-10 1.4948689249293986e-10 9.615935477592655e-11 0.0 
2.446532933846002e-08 1.2310925098470352e-07 3.329025993079027e-10 1.446762036100674e-10 9.30960026869938e-11 0.0 
2.3725876049099565e-08 1.196237166807099e-07 3.218534470803058e-10 1.4003276273083096e-10 9.013838633078731e-11 0.0 
2.3010378768258318e-08 1.1624529585743216e-07 3.1119630529820544e-10 1.3555083522895288e-10 8.728289155081453e-11 0.0 
2.2318011847522713e-08 1.1297043869759082e-07 3.009163418597958e-10 1.3122435501453473e-10 8.452569973243848e-11 0.0 
