3.06997728617663e-05 8.187427964581594e-05 2.000120612268941e-06 9.801481190582063e-07 6.312098092299e-07 0.0 
3.0241169749697677e-05 8.076359447589197e-05 1.9614226544698794e-06 9.600300212885105e-07 6.180800680781939e-07 0.0 
2.9791362005383813e-05 7.967303821260915e-05 1.923609760336237e-06 9.403930350178742e-07 6.052676681872639e-07 0.0 
2.935028464370562e-05 7.860245842887025e-05 1.8866712096786199e-06 9.212317467514623e-07 5.927691357707585e-07 0.0 
2.8917744959573237e-05 7.755142880232906e-05 1.8505841399754938e-06 9.025331460773631e-07 5.805757673078792e-07 0.0 
2.8493397228257963e-05 7.65192060984746e-05 1.815311555414863e-06 8.84276084601127e-07 5.686734407378289e-07 0.0 
2.8077157883175764e-05 7.55056985081594e-05 1.7808330382802654e-06 8.664490799142781e-07 5.57054698274914e-07 0.0 
2.766884959930975e-05 7.451054458346208e-05 1.7471246077004075e-06 8.490382937708469e-07 5.457102923853474e-07 0.0 
2.726829015485512e-05 7.353336744102002e-05 1.7141625787246566e-06 8.320300618653034e-07 5.34631080071485e-07 0.0 
2.6875302748699516e-05 7.257376595033159e-05 1.6819267227711298e-06 8.154127221463484e-07 5.238092304592852e-07 0.0 
2.648973216550803e-05 7.163133692407901e-05 1.6504109294763714e-06 7.991831483299845e-07 5.132426011052997e-07 0.0 
2.611143742381193e-05 7.070573351499471e-05 1.619610296816811e-06 7.833396321029923e-07 5.029301286500979e-07 0.0 
2.574030133434284e-05 6.979671888000272e-05 1.589510465062389e-06 7.678740848628355e-07 4.928664307868562e-07 0.0 
2.5376220066356924e-05 6.890408088427327e-05 1.5601009459411002e-06 7.527805563299099e-07 4.830475340350991e-07 0.0 
2.5018907801793457e-05 6.802719972864862e-05 1.5313458765649892e-06 7.380385960497107e-07 4.734598364659017e-07 0.0 
2.4668144203358698e-05 6.716559232169728e-05 1.5032181511457603e-06 7.236328216660195e-07 4.640931050832874e-07 0.0 
2.4323781504529236e-05 6.63189225376608e-05 1.4757011245849355e-06 7.095538487576396e-07 4.5494108156157816e-07 0.0 
2.3985675754678727e-05 6.548686257771072e-05 1.4487786440898446e-06 6.95792583203731e-07 4.459977038270195e-07 0.0 
2.3653817411102783e-05 6.46695288053081e-05 1.4224394459447238e-06 6.823430014017263e-07 4.3725913447162617e-07 0.0 
2.3328824793366256e-05 6.386791477071084e-05 1.3968139468962933e-06 6.692787204689402e-07 4.287737568226468e-07 0.0 
2.3010539094231832e-05 6.308161536306618e-05 1.3718830704575364e-06 6.565875223654458e-07 4.2053323573208084e-07 0.0 
2.269801672700758e-05 6.230914330663257e-05 1.3474635211192848e-06 6.441683547681151e-07 4.12471453041708e-07 0.0 
2.239111756573613e-05 6.155019699225928e-05 1.3235376245474685e-06 6.320113844168673e-07 4.045818802460331e-07 0.0 
2.2089712238397175e-05 6.0804461107536874e-05 1.3000932402655146e-06 6.201098140736079e-07 3.9685996750630246e-07 0.0 
2.1793668360702174e-05 6.007160883587868e-05 1.2771184305130914e-06 6.084569727643506e-07 3.8930125168534056e-07 0.0 
2.150291094972391e-05 5.935148191308847e-05 1.2546040154621525e-06 5.970479289268368e-07 3.8190251944256347e-07 0.0 
2.1217360163064473e-05 5.864389961372457e-05 1.2325416301433481e-06 5.858781357826805e-07 3.7466078262547006e-07 0.0 
2.09370135681115e-05 5.7948834536505386e-05 1.2109336844446249e-06 5.749493163872799e-07 3.675772365975646e-07 0.0 
2.066182626396118e-05 5.726617814442942e-05 1.1897762145837354e-06 5.642595360362034e-07 3.606506307833587e-07 0.0 
2.039166014862338e-05 5.6595599964260506e-05 1.1690559917892637e-06 5.538013172654771e-07 3.5387595605085584e-07 0.0 
2.0126380886152665e-05 5.5936778015231464e-05 1.1487602087333287e-06 5.435674325179293e-07 3.472483729733819e-07 0.0 
1.9865861775479428e-05 5.5289403218219066e-05 1.128877340382775e-06 5.335513611996908e-07 3.407635078931373e-07 0.0 
1.9610457051685605e-05 5.465372988036406e-05 1.109497595335266e-06 5.238002693996014e-07 3.344517490724081e-07 0.0 
1.9360474591678678e-05 5.403069152420164e-05 1.0906261843624726e-06 5.143182143875542e-07 3.2831628340972543e-07 0.0 
1.911602069820815e-05 5.342127042651307e-05 1.072211189294238e-06 5.050811698823653e-07 3.2234240569512887e-07 0.0 
1.8876591630706445e-05 5.282405359083181e-05 1.0542237454238935e-06 4.960707483506717e-07 3.165171756157391e-07 0.0 
1.8641445126136495e-05 5.223705425824652e-05 1.0366119213271139e-06 4.872565653571042e-07 3.108200587917448e-07 0.0 
1.8410485726709357e-05 5.166007869543183e-05 1.0193650760975675e-06 4.786327366053249e-07 3.0524717588297804e-07 0.0 
1.8183672398175145e-05 5.109308996961218e-05 1.0024759314795623e-06 4.701953493878762e-07 2.9979598785936556e-07 0.0 
1.7960855234007373e-05 5.0535697833427426e-05 9.859328913409519e-07 4.619378699438664e-07 2.944621226772624e-07 0.0 
1.7741989416899077e-05 4.9987783770149904e-05 9.697345882030744e-07 4.5385976721363104e-07 2.892452392934832e-07 0.0 
1.752707019375258e-05 4.9449345958187696e-05 9.53882196651924e-07 4.4596199465758644e-07 2.8414599876929094e-07 0.0 
1.7315985824145152e-05 4.8920124875121134e-05 9.383644568647896e-07 4.382382747026401e-07 2.791602270551342e-07 0.0 
1.7108647206371408e-05 4.839994384573337e-05 9.231703386701556e-07 4.3068294303119757e-07 2.7428425850990185e-07 0.0 
1.6905030997953968e-05 4.7888766657804637e-05 9.082957713459164e-07 4.2329413281622083e-07 2.695169404096929e-07 0.0 
1.6705075613901825e-05 4.738644701129941e-05 8.937349308762467e-07 4.160686659664092e-07 2.64856162126769e-07 0.0 
1.650872484015002e-05 4.68928503181509e-05 8.794827923658334e-07 4.09003860821029e-07 2.6030014785076293e-07 0.0 
1.6315895867889084e-05 4.6407789953242025e-05 8.655300910506699e-07 4.0209457686231744e-07 2.558454936219568e-07 0.0 
1.6126545966549173e-05 4.593124607260853e-05 8.5186861711672e-07 3.9533636444732264e-07 2.514892980188713e-07 0.0 
1.5940665501622163e-05 4.5463288379392694e-05 8.384930368744556e-07 3.887262793253998e-07 2.4722965368057433e-07 0.0 
1.575818080354007e-05 4.5003730148911814e-05 8.253961886426401e-07 3.8226026631931903e-07 2.4306385810846154e-07 0.0 
1.5579046275901247e-05 4.4552411414714074e-05 8.125763703966444e-07 3.759370431566395e-07 2.3899099384911787e-07 0.0 
1.540323602309066e-05 4.4109199930253865e-05 8.000346338795114e-07 3.697566888273987e-07 2.3501101485026081e-07 0.0 
1.5230681367159248e-05 4.3673905592769454e-05 7.8776455680225e-07 3.6371549714372693e-07 2.3112144065446144e-07 0.0 
1.5061319705148606e-05 4.324636365768342e-05 7.757598637788972e-07 3.5780986189788947e-07 2.273198608744554e-07 0.0 
1.4895003554146888e-05 4.282622580553169e-05 7.640060661087992e-07 3.5203195483694294e-07 2.2360112952317258e-07 0.0 
1.4731660038194381e-05 4.2413309255701385e-05 7.524969777054909e-07 3.463787292817591e-07 2.1996329050421803e-07 0.0 
1.457122875583382e-05 4.2007492422981744e-05 7.412258134735992e-07 3.40846699898638e-07 2.164040807859417e-07 0.0 
1.4413589377579021e-05 4.1608631588714405e-05 7.301761910304319e-07 3.354278729088543e-07 2.129184012105296e-07 0.0 
1.4258692002745782e-05 4.121662410957647e-05 7.193426395552379e-07 3.301193506026158e-07 2.0950435627908416e-07 0.0 
1.410649146310874e-05 4.083136094026203e-05 7.087207618034052e-07 3.249187270886426e-07 2.0616035526402192e-07 0.0 
1.3956943959095284e-05 4.0452735451876216e-05 6.983062843387692e-07 3.1982366538213777e-07 2.0288485337093738e-07 0.0 
1.381001057936999e-05 4.008064791391583e-05 6.880952823532888e-07 3.148320040853156e-07 1.9967642076550752e-07 0.0 
1.3665650289476278e-05 3.9714997512089835e-05 6.780837297532094e-07 3.099415430290246e-07 1.9653360378521968e-07 0.0 
1.3523821771960958e-05 3.935568449125019e-05 6.682676124869238e-07 3.0515009690852376e-07 1.934549596355013e-07 0.0 
1.3384520414228585e-05 3.9002712480251335e-05 6.58645119364103e-07 3.004567782375854e-07 1.904399278817619e-07 0.0 
1.3247747129558618e-05 3.865611699119244e-05 6.492138265300814e-07 2.958605448442903e-07 1.8748788916041881e-07 0.0 
1.3113380286852823e-05 3.831560689379311e-05 6.399633544866079e-07 2.9135590658128627e-07 1.8459524772600294e-07 0.0 
1.2981412361847073e-05 3.798124479857491e-05 6.308896496736055e-07 2.8694084450970916e-07 1.8176073138259537e-07 0.0 
1.2852293191496255e-05 3.765453444502779e-05 6.220082631661642e-07 2.826251383949528e-07 1.789912114803165e-07 0.0 
1.272650886623738e-05 3.733644538184239e-05 6.133849628222514e-07 2.7844347097213954e-07 1.763090935693163e-07 0.0 
1.2603616638643031e-05 3.702563888203919e-05 6.049944720626471e-07 2.743806804431013e-07 1.7370405385182386e-07 0.0 
1.2482904439824963e-05 3.672041898846695e-05 5.967624085460655e-07 2.703973648975846e-07 1.7115044561081012e-07 0.0 
1.2364400982293214e-05 3.6420729104662e-05 5.886930833807878e-07 2.6649515547001764e-07 1.686492388565813e-07 0.0 
1.2248052239952473e-05 3.612644585056613e-05 5.807814910979288e-07 2.6267140976538976e-07 1.6619869970627284e-07 0.0 
1.2133799632082053e-05 3.583743964237766e-05 5.730221681834624e-07 2.5892328061022395e-07 1.63796966231744e-07 0.0 
1.2021589630708927e-05 3.555358785333839e-05 5.654101630095084e-07 2.5524817295461497e-07 1.6144233955094198e-07 0.0 
1.1911356696257065e-05 3.5274774835312144e-05 5.579394480978503e-07 2.516430362283712e-07 1.5913283986491985e-07 0.0 
1.1803033124700111e-05 3.500093963704898e-05 5.50604713587533e-07 2.481053424539048e-07 1.5686684902665012e-07 0.0 
1.1696588640161192e-05 3.473199701201648e-05 5.434049367243617e-07 2.446345130349761e-07 1.5464396855662633e-07 0.0 
1.1591985860733814e-05 3.4467845245028544e-05 5.363371580295921e-07 2.412289313734418e-07 1.5246312775703833e-07 0.0 
1.1489179835570316e-05 3.420837138315481e-05 5.293980450673033e-07 2.3788684200574572e-07 1.503231715099453e-07 0.0 
1.1388167639389968e-05 3.395357609963831e-05 5.225865786865597e-07 2.3460782252871854e-07 1.4822384840216346e-07 0.0 
1.1289050469971536e-05 3.3703739133460436e-05 5.159088588048372e-07 2.3139550426028792e-07 1.4616762358824122e-07 0.0 
1.1191819051452944e-05 3.345884145244343e-05 5.09363386020275e-07 2.2824910748739365e-07 1.4415398965690155e-07 0.0 
1.1096444853091301e-05 3.32188137440305e-05 5.029472239653957e-07 2.2516703648651631e-07 1.4218189413474056e-07 0.0 
1.1002900576384116e-05 3.298358836283215e-05 4.966575267183506e-07 2.2214774472552113e-07 1.4025031716396688e-07 0.0 
1.0911159492075484e-05 3.275309926565336e-05 4.904915168111942e-07 2.1918972422425258e-07 1.383582645150207e-07 0.0 
1.0821195106553247e-05 3.2527282326261716e-05 4.84446471995454e-07 2.1629149920680293e-07 1.3650476343123025e-07 0.0 
1.0732989152581136e-05 3.230610983842023e-05 4.785198815441078e-07 2.1345173325868316e-07 1.3468894162986915e-07 0.0 
1.064667164284609e-05 3.208981777024107e-05 4.727293595647586e-07 2.1067909761898347e-07 1.329163249976824e-07 0.0 
1.0562565215892625e-05 3.18789326201708e-05 4.6711902469358803e-07 2.0799499091418285e-07 1.3120050509621817e-07 0.0 
1.0480281736421086e-05 3.167280774323352e-05 4.616351712236132e-07 2.0537296568962625e-07 1.2952460943388776e-07 0.0 
1.0399728719191767e-05 3.1471297489067625e-05 4.562653371335763e-07 2.028070650059598e-07 1.2788485896863765e-07 0.0 
1.0320873807712722e-05 3.127432055553385e-05 4.510068099235625e-07 2.0029579542679066e-07 1.2628026514687342e-07 0.0 
1.0243611729664101e-05 3.1081599609870744e-05 4.4585192184672586e-07 1.9783512939983448e-07 1.2470819470443148e-07 0.0 
1.0167894429239665e-05 3.0893019736808776e-05 4.407964787939105e-07 1.9542287850961875e-07 1.2316722041792255e-07 0.0 
1.0093672085153789e-05 3.07084753255491e-05 4.358365488757697e-07 1.9305702605718446e-07 1.216560287404487e-07 0.0 
1.0020920637316941e-05 3.05279433665622e-05 4.3096942497986585e-07 1.9073617296015752e-07 1.20173712728274e-07 0.0 
9.94966023241951e-06 3.0351502979008305e-05 4.261956838226024e-07 1.884607724405792e-07 1.1872059968994397e-07 0.0 
9.87989322625936e-06 3.017917167474408e-05 4.215148404901187e-07 1.8623060369701935e-07 1.1729655372734281e-07 0.0 
9.811624162344478e-06 3.0010960357110935e-05 4.1692633125527624e-07 1.84045293991646e-07 1.1590132316078616e-07 0.0 
9.744925129741955e-06 2.9847052810095876e-05 4.124350050893686e-07 1.8190722771984096e-07 1.1453644811929621e-07 0.0 
9.680055173575033e-06 2.968842267366182e-05 4.0804958935880294e-07 1.7982154156355273e-07 1.1320545280825338e-07 0.0 
9.617081152722562e-06 2.9535367800012896e-05 4.0377067471366526e-07 1.7778871511892224e-07 1.1190868819308802e-07 0.0 
9.555840963607048e-06 2.9387275777782756e-05 3.9959342807772225e-07 1.7580571186028344e-07 1.1064402986923276e-07 0.0 
9.496142678141624e-06 2.9243451464559196e-05 3.9551097430059856e-07 1.738685115692337e-07 1.0940875663599158e-07 0.0 
9.43796131322943e-06 2.9103839899247864e-05 3.915211441817418e-07 1.7197595288840483e-07 1.0820210596530444e-07 0.0 
9.381277602031318e-06 2.8968399711587916e-05 3.876219878679162e-07 1.7012699584568657e-07 1.0702339579442841e-07 0.0 
9.326071859698839e-06 2.8837088513117654e-05 3.838115266565633e-07 1.683205867412498e-07 1.0587193543108621e-07 0.0 
9.272259145302717e-06 2.8709693439025106e-05 3.800831491490916e-07 1.6655330995657983e-07 1.0474550541748765e-07 0.0 
9.21977897593637e-06 2.8586064493211848e-05 3.764320599277506e-07 1.6482267961193553e-07 1.036424883641304e-07 0.0 
9.168608803118062e-06 2.8466150450820156e-05 3.728561874099465e-07 1.6312760068785252e-07 1.0256216744933025e-07 0.0 
9.118726735058865e-06 2.8349901795854065e-05 3.693535110210261e-07 1.6146700479302757e-07 1.0150384326200408e-07 0.0 
9.070110186243384e-06 2.8237268468479257e-05 3.65921929695476e-07 1.5983979291545266e-07 1.0046679821606528e-07 0.0 
9.02272168490424e-06 2.8128176052910662e-05 3.625578596246161e-07 1.5824422163884972e-07 9.944991468552674e-08 0.0 
8.976533422445582e-06 2.8022566430878252e-05 3.592585946796268e-07 1.5667892052853005e-07 9.84523057597973e-08 0.0 
8.931522497220989e-06 2.792039014794021e-05 3.5602189176861846e-07 1.5514272282498725e-07 9.747321158008987e-08 0.0 
8.887924698659777e-06 2.7822215242272355e-05 3.5286805468699353e-07 1.5364597356980145e-07 9.651930475667994e-08 0.0 
8.846030982938947e-06 2.7728731239534584e-05 3.4982181531592917e-07 1.5220085101180215e-07 9.559838023157315e-08 0.0 
8.805494571086883e-06 2.763913296136542e-05 3.468513862930284e-07 1.5079128535176917e-07 9.470010791979166e-08 0.0 
8.76630364670124e-06 2.7553407089375314e-05 3.439545935692516e-07 1.4941616459364204e-07 9.382377505294592e-08 0.0 
8.728475989742696e-06 2.7471606269307132e-05 3.4113191035306184e-07 1.480756149156832e-07 9.296944907469632e-08 0.0 
8.692064921720824e-06 2.739389695154873e-05 3.3838524244463814e-07 1.4677059949846945e-07 9.21377633060331e-08 0.0 
8.657128910516808e-06 2.732046483812559e-05 3.357166458543075e-07 1.4550217705303348e-07 9.13294169650615e-08 0.0 
8.623678874653467e-06 2.7251349981544454e-05 3.3312582898453157e-07 1.4427008320921345e-07 9.054422353137001e-08 0.0 
8.591687983640788e-06 2.718653448863104e-05 3.306089025842865e-07 1.430724692556443e-07 8.978100774996647e-08 0.0 
8.561096198365781e-06 2.7125960990122306e-05 3.281588493626425e-07 1.419061355552044e-07 8.903775603696548e-08 0.0 
8.531881536154375e-06 2.7069605394368274e-05 3.2577396011681056e-07 1.4077021963371674e-07 8.831390872162906e-08 0.0 
8.504036948603833e-06 2.7017465126998853e-05 3.2345399317289703e-07 1.3966452448443828e-07 8.760932452772053e-08 0.0 
8.477575677767677e-06 2.6969586651324462e-05 3.2119929483944525e-07 1.3858911954790202e-07 8.692403299202855e-08 0.0 
8.45250189939785e-06 2.692600516002417e-05 3.190091398961416e-07 1.3754358783968757e-07 8.625775811161344e-08 0.0 
8.42879708008673e-06 2.6886676096979007e-05 3.168819566020159e-07 1.365270466496769e-07 8.560991465658134e-08 0.0 
8.406426520311109e-06 2.6851500907801397e-05 3.148155845820338e-07 1.355382916574656e-07 8.497970433763126e-08 0.0 
8.385391815851504e-06 2.682050700890574e-05 3.1280924276650633e-07 1.3457686978009072e-07 8.436682665387377e-08 0.0 
8.365700111779067e-06 2.679373675386021e-05 3.1086228809029854e-07 1.3364240765144983e-07 8.37710364386238e-08 0.0 
8.347474594791475e-06 2.6771837730549567e-05 3.089762967782556e-07 1.3273605510139704e-07 8.319316875129546e-08 0.0 
8.330767013146315e-06 2.675503699259202e-05 3.0715238586144565e-07 1.31858431348583e-07 8.26336343862148e-08 0.0 
8.315538670816891e-06 2.674310922230287e-05 3.053894326985794e-07 1.3100874310192673e-07 8.209187226862985e-08 0.0 
8.301728314851051e-06 2.6735738190443293e-05 3.036858603414309e-07 1.3018591048318064e-07 8.156713033959457e-08 0.0 
8.289381131541745e-06 2.6733074037368677e-05 3.020437418382674e-07 1.2939100901299563e-07 8.106011266562883e-08 0.0 
8.278520370009379e-06 2.6735210992148877e-05 3.0046317562494865e-07 1.2862406321747483e-07 8.057083660386665e-08 0.0 
8.269160488602749e-06 2.6742215992655784e-05 2.9894381344390187e-07 1.2788483240168815e-07 8.009914013698827e-08 0.0 
8.261317266543345e-06 2.675416063966444e-05 2.974853489439275e-07 1.271730947007184e-07 7.964487322459833e-08 0.0 
8.254999462578828e-06 2.6771100338021496e-05 2.960869268959642e-07 1.2648839425921735e-07 7.920774145320567e-08 0.0 
8.250554060718699e-06 2.6793814470496837e-05 2.94779104349216e-07 1.258450993645331e-07 7.879683465571483e-08 0.0 
8.248038320533507e-06 2.6822460614712352e-05 2.935642682999259e-07 1.252439913589161e-07 7.841260342731723e-08 0.0 
8.247129332257917e-06 2.6856405486449178e-05 2.9241097897486923e-07 1.2467042729032616e-07 7.80458059315091e-08 0.0 
8.247839233504176e-06 2.6895717915510022e-05 2.913184035216073e-07 1.2412393539531124e-07 7.769613488289886e-08 0.0 
8.25019757542957e-06 2.6940517557857465e-05 2.902869459425521e-07 1.2360461457742445e-07 7.736364297342711e-08 0.0 
8.254234716383044e-06 2.6990925169114076e-05 2.8931698587819494e-07 1.2311254987260527e-07 7.704837359738697e-08 0.0 
8.25994746394611e-06 2.7046960387259717e-05 2.884072669198332e-07 1.2264702426308362e-07 7.674985259192592e-08 0.0 
8.267308386384553e-06 2.7108565603858425e-05 2.8755531439268057e-07 1.2220668535109407e-07 7.646719176218851e-08 0.0 
8.276343921912623e-06 2.717585089617068e-05 2.8676116351282513e-07 1.217914385971092e-07 7.620031756848565e-08 0.0 
8.287154615310464e-06 2.7249054507648835e-05 2.860306563366025e-07 1.214037139667058e-07 7.595073146981034e-08 0.0 
8.299847752209181e-06 2.7328473311971017e-05 2.853690260735713e-07 1.2104574219933264e-07 7.571982731807155e-08 0.0 
8.314463235908532e-06 2.741430834445834e-05 2.8477573871380005e-07 1.207172653836153e-07 7.550745119886222e-08 0.0 
8.331029683653695e-06 2.7506711594159825e-05 2.842499878832401e-07 1.2041783625216158e-07 7.531331483819223e-08 0.0 
8.349579826193182e-06 2.7605850672591725e-05 2.8379101854186065e-07 1.2014703047340446e-07 7.513714482046934e-08 0.0 
8.37013677409943e-06 2.771188096184298e-05 2.833975276464142e-07 1.1990420051610419e-07 7.497852991416872e-08 0.0 
8.392708357183889e-06 2.782493357474625e-05 2.83067742686785e-07 1.196885315651628e-07 7.483695755635607e-08 0.0 
8.417361960317927e-06 2.7945272173558574e-05 2.8280297111211275e-07 1.1950055198490584e-07 7.471275979119372e-08 0.0 
8.44420903197781e-06 2.8073318260739947e-05 2.82605985764166e-07 1.1934159236420062e-07 7.460680422078204e-08 0.0 
8.473418621119086e-06 2.8209623869817152e-05 2.824838728253442e-07 1.192150393819301e-07 7.452126178985524e-08 0.0 
8.505601656618512e-06 2.8355963876414287e-05 2.82470288599047e-07 1.1913724422384699e-07 7.446661306750019e-08 0.0 
8.540468145911855e-06 2.8511549192043417e-05 2.825468154163424e-07 1.1909863295949829e-07 7.443663553434496e-08 0.0 
8.577913464631146e-06 2.867616535373068e-05 2.8270431624870073e-07 1.1909461670228974e-07 7.44283785302216e-08 0.0 
8.618057497273452e-06 2.885039242942652e-05 2.829451914605967e-07 1.1912631896681186e-07 7.444257479045002e-08 0.0 
8.66099627277564e-06 2.9034690414332205e-05 2.8327128592700866e-07 1.1919450035467387e-07 7.447970514441547e-08 0.0 
8.7067908664029e-06 2.922920645984562e-05 2.836840598721468e-07 1.1929951402467894e-07 7.453994451761531e-08 0.0 
8.755527629944535e-06 2.9434104238155894e-05 2.841866084044065e-07 1.1944254496743286e-07 7.462400852274029e-08 0.0 
8.807322930317816e-06 2.964984839842929e-05 2.8478125281518565e-07 1.1962461789939287e-07 7.473255366664479e-08 0.0 
8.86228621709111e-06 2.987686262248641e-05 2.854700542477705e-07 1.1984650048140216e-07 7.486605128408405e-08 0.0 
8.920529450549094e-06 3.0115570886434123e-05 2.8625516794530525e-07 1.2010897414858296e-07 7.502497649450626e-08 0.0 
8.982177982899936e-06 3.0366433216564615e-05 2.871393912652257e-07 1.204130902004205e-07 7.520997231674032e-08 0.0 
9.047365733100955e-06 3.062993971246903e-05 2.8812580328639846e-07 1.207600166394073e-07 7.542175434716832e-08 0.0 
9.116235013656589e-06 3.090661233380783e-05 2.8921819283148825e-07 1.211512538507293e-07 7.56612480788974e-08 0.0 
9.188933614820655e-06 3.1197003114742554e-05 2.904199623380096e-07 1.2158811047508066e-07 7.592925779349711e-08 0.0 
9.265625633310673e-06 3.1501729630452636e-05 2.9173464843073177e-07 1.2207197764867605e-07 7.622664675753127e-08 0.0 
9.346530250832829e-06 3.182161817224667e-05 2.931675103542434e-07 1.2260522132767524e-07 7.65549321892504e-08 0.0 
9.431817951763004e-06 3.21573618826506e-05 2.947215465936799e-07 1.2318906122593785e-07 7.691488228795391e-08 0.0 
9.521678900853426e-06 3.2509697652413626e-05 2.9640052887149927e-07 1.2382497047232202e-07 7.730741146491076e-08 0.0 
9.616356961709626e-06 3.287949328222618e-05 2.9821187006847867e-07 1.245160213997062e-07 7.773443299795032e-08 0.0 
9.71614821509492e-06 3.326774810450871e-05 3.0016631884446713e-07 1.2526673125099189e-07 7.819876015928015e-08 0.0 
9.821338569587537e-06 3.367549041376245e-05 3.0227114053641085e-07 1.2608003401932277e-07 7.870221689603903e-08 0.0 
9.932224173313695e-06 3.410378790064936e-05 3.0453393550223047e-07 1.2695898595007172e-07 7.924670094385485e-08 0.0 
1.0049113511578412e-05 3.4553756712186306e-05 3.069626963346117e-07 1.2790679190403974e-07 7.983420055483784e-08 0.0 
1.0172333728407236e-05 3.502659047778614e-05 3.095657743508362e-07 1.289267978101316e-07 8.046679150528408e-08 0.0 
1.0302237383218728e-05 3.552357690088197e-05 3.1235217566279334e-07 1.3002261815448279e-07 8.114671726613183e-08 0.0 
1.0439137134161234e-05 3.604602521023137e-05 3.1532617168656964e-07 1.3119595841739898e-07 8.187506048122854e-08 0.0 
1.0583290025360114e-05 3.6595074014756825e-05 3.184891248404593e-07 1.3244714157619356e-07 8.265202033279675e-08 0.0 
1.0735046622127755e-05 3.7172053374345134e-05 3.2184844550534257e-07 1.3377893248631993e-07 8.347929045109791e-08 0.0 
1.08948470165313e-05 3.777862252360712e-05 3.2541438229839437e-07 1.3519542478211639e-07 8.435941512235807e-08 0.0 
1.1063166996669901e-05 3.84165734375914e-05 3.2919802467294506e-07 1.3670104826475673e-07 8.529514750133794e-08 0.0 
1.1240521617581857e-05 3.90878483644763e-05 3.3321138923238086e-07 1.3830060744131358e-07 8.62894743025086e-08 0.0 
1.1427609757833673e-05 3.979492008660547e-05 3.374765184044406e-07 1.4000348713574548e-07 8.734827412834497e-08 0.0 
1.1625742373114692e-05 4.0541908046441726e-05 3.4205186056801134e-07 1.418355952399222e-07 8.848783383637091e-08 0.0 
1.1835151922280743e-05 4.1330323270117346e-05 3.469251684253541e-07 1.4379048522429856e-07 8.970404536385638e-08 0.0 
1.2056337834695189e-05 4.216248361809423e-05 3.5209776808286326e-07 1.458682414411141e-07 9.099697578761343e-08 0.0 
1.2290113646254641e-05 4.30413984458614e-05 3.5758943034805305e-07 1.48076882865669e-07 9.237162113811791e-08 0.0 
1.2537347274577949e-05 4.397021788524087e-05 3.6342126142275756e-07 1.5042485385011675e-07 9.383322321355788e-08 0.0 
1.2799028110989484e-05 4.4952584223519815e-05 3.696186740239275e-07 1.529224746446488e-07 9.538820601627003e-08 0.0 
1.3076258953306003e-05 4.599245763236164e-05 3.762111397180354e-07 1.5558166197535564e-07 9.704397365645574e-08 0.0 
1.3370194591339526e-05 4.709416667993889e-05 3.832269185375471e-07 1.5841386008335545e-07 9.880765452062518e-08 0.0 
1.368210059877054e-05 4.8262441479295e-05 3.906968736739836e-07 1.6143155243155516e-07 1.006870211816501e-07 0.0 
1.4013377636647733e-05 4.950251029486008e-05 3.98655367838195e-07 1.6464867277394476e-07 1.0269075318330074e-07 0.0 
1.4366311842799937e-05 5.0822689194787844e-05 4.071697968789763e-07 1.6809543408856003e-07 1.0483804211083933e-07 0.0 
1.4742578029132958e-05 5.2229237316677646e-05 4.162809955820626e-07 1.7178799810984071e-07 1.0713888895769758e-07 0.0 
1.5143466034699677e-05 5.372716573045802e-05 4.260114210288932e-07 1.7573344501573973e-07 1.0959745966087292e-07 0.0 
1.5571063939453833e-05 5.532428223127321e-05 4.364120321103266e-07 1.7995242727905536e-07 1.1222661959127651e-07 0.0 
1.6027712669584412e-05 5.7029335610682886e-05 4.475402265231522e-07 1.8446826166710677e-07 1.1504089996937059e-07 0.0 
1.6516020791691054e-05 5.8852077429688615e-05 4.5945992234142235e-07 1.8930691261686915e-07 1.1805648213692646e-07 0.0 
1.7038901857753484e-05 6.0803402271221386e-05 4.7224246129407505e-07 1.944973585874927e-07 1.2129142584753217e-07 0.0 
1.759961791044359e-05 6.289551117355594e-05 4.859676601278196e-07 2.0007201841949964e-07 1.2476593494671562e-07 0.0 
1.8201824680173225e-05 6.514209377930861e-05 5.007248477136823e-07 2.060671949719922e-07 1.2850263697570967e-07 0.0 
1.8849664341413558e-05 6.755872838707359e-05 5.166149024955247e-07 2.125241086437455e-07 1.3252726414859627e-07 0.0 
1.954786812898242e-05 7.01631420825179e-05 5.337540915708768e-07 2.1949034166654826e-07 1.3686952521424918e-07 0.0 
2.0301790274719404e-05 7.297538919142678e-05 5.522743076243765e-07 2.2701988819035482e-07 1.4156312962718766e-07 0.0 
2.1117455485860276e-05 7.601810472400783e-05 5.723221439431964e-07 2.3517258419175668e-07 1.4664542103315564e-07 0.0 
2.2001696835079404e-05 7.931696815083641e-05 5.940637494560695e-07 2.440162037066443e-07 1.521586920205643e-07 0.0 
2.2962323831086168e-05 8.290130853669174e-05 6.176892803377202e-07 2.5362822051603823e-07 1.5815126975566194e-07 0.0 
2.400850998965718e-05 8.680533107109038e-05 6.43428960688763e-07 2.6410281932561704e-07 1.6468192162234374e-07 0.0 
2.5150602783500673e-05 9.106789400984741e-05 6.715352485302399e-07 2.755430049990697e-07 1.718149218930404e-07 0.0 
2.64005000282635e-05 9.573375003137024e-05 7.022964800558919e-07 2.8806627148984215e-07 1.7962357471226986e-07 0.0 
2.777198127518097e-05 0.00010085475486187797 7.360462010167285e-07 3.018085308877264e-07 1.8819267698349224e-07 0.0 
2.9281066320728138e-05 0.00010649125067868992 7.731717195996501e-07 3.169276244316608e-07 1.9762071465088252e-07 0.0 
3.094645657609967e-05 0.00011271372213238151 8.141253303507204e-07 3.3360788040754844e-07 2.0802270242834127e-07 0.0 
3.279043690708755e-05 0.00011960504316576086 8.594639325015744e-07 3.5207570326773175e-07 2.195397179334339e-07 0.0 
3.4839002334757384e-05 0.00012726257112668439 9.098234380554498e-07 3.7258979365305453e-07 2.3233306592832375e-07 0.0 
3.7122600832048734e-05 0.00013580101644745278 9.659371824963293e-07 3.9544859005559107e-07 2.4658891247827955e-07 0.0 
3.967713659842001e-05 0.00014535608313266736 1.0286668279907306e-06 4.2100276998794965e-07 2.625260298779062e-07 0.0 
4.2545598584158884e-05 0.00015609007683240362 1.0990436991148378e-06 4.4967201019346186e-07 2.804062337917005e-07 0.0 
4.5779469120353535e-05 0.00016819782464628643 1.1782991742781982e-06 4.819578401019818e-07 3.0054249723835393e-07 0.0 
4.944048092655965e-05 0.0001819132021002304 1.2679086520657524e-06 5.184611444315156e-07 3.233097946608149e-07 0.0 
5.360345024026333e-05 0.00019751892481308233 1.369663077260696e-06 5.599104296886916e-07 3.491625896306678e-07 0.0 
5.8359169337297434e-05 0.00021535830541414183 1.4857319347283942e-06 6.071880597763466e-07 3.78651331661627e-07 0.0 
6.381822782965012e-05 0.00023584990400619702 1.6187522772268878e-06 6.613664709816295e-07 4.124450653257307e-07 0.0 
7.011578822751375e-05 0.0002595056516017357 1.7719400614385705e-06 7.237532515787723e-07 4.513595391162246e-07 0.0 
7.741752494367512e-05 0.00028695352082621804 1.9492279055384726e-06 7.959470040360894e-07 4.963920557381477e-07 0.0 
8.592736358032133e-05 0.0003189664399999357 2.1554626939328052e-06 8.799182224837738e-07 5.487719108759332e-07 0.0 
9.589610095998285e-05 0.00035649517480512596 2.3966081777775356e-06 9.78091416103903e-07 6.100116063271189e-07 0.0 
0.00010762975818723872 0.0004007016815134276 2.679896290625018e-06 1.09340457702399e-06 6.819439623851948e-07 0.0 
0.0001215017664379644 0.00045300293205527344 3.0142020805601202e-06 1.2294715241889825e-06 7.668242137097626e-07 0.0 
0.00013794921911554407 0.0005150594662764828 3.409881796201379e-06 1.3905071959857566e-06 8.672826020278595e-07 0.0 
0.0001574286048122451 0.0005886194227179669 3.877417043381289e-06 1.5807521683311796e-06 9.859639709153262e-07 0.0 
0.00018032151936421453 0.000675158400376924 4.4253976990716635e-06 1.803689500998738e-06 1.1250428568083325e-06 0.0 
0.00020662318851643788 0.0007747179313070834 5.0528350856366006e-06 2.0589193704004603e-06 1.2842754336496557e-06 0.0 
0.00023522431313246787 0.0008831897709283713 5.7317655782159944e-06 2.3350147723079823e-06 1.4565341598999067e-06 0.0 
0.0002627806780763388 0.0009880474523538323 6.380378176816075e-06 2.5986461095359583e-06 1.6210304286429525e-06 0.0 
0.00028292667087750553 0.001065327673277369 6.844912759173529e-06 2.7872305862290444e-06 1.7387264805509878e-06 0.0 
0.0002881734645311356 0.0010866938410492993 6.946743308386668e-06 2.828117366816717e-06 1.7642984744706695e-06 0.0 
0.00027526896747061285 0.0010396228547485335 6.611644131793504e-06 2.691191796314002e-06 1.6789496703115545e-06 0.0 
0.0002484320752080766 0.000939745372115747 5.9453574674039e-06 2.4195757784472657e-06 1.5095676884846306e-06 0.0 
0.0002156789358635894 0.00081715952647321 5.1426962206718345e-06 2.0925868396905105e-06 1.305625650088194e-06 0.0 
0.0001834070563835706 0.0006960134744254375 4.3572125162438875e-06 1.7727030460686302e-06 1.1060989132336433e-06 0.0 
0.0001547186957411394 0.0005880952123374403 3.6622129742850695e-06 1.489729356588472e-06 9.295842536534001e-07 0.0 
0.00013041584128886926 0.0004965193819347567 3.0756632644375105e-06 1.2509505929609643e-06 7.806302017607567e-07 0.0 
0.00011024639174287299 0.00042040499342510393 2.590480631103283e-06 1.0534647564316817e-06 6.574297045195281e-07 0.0 
9.362303226692753e-05 0.0003575859079265698 2.1918260891954478e-06 8.912195849817927e-07 5.562095729589267e-07 0.0 
7.992803996798877e-05 0.0003057652730380457 1.8643630518805547e-06 7.579652664174772e-07 4.7307269919627324e-07 0.0 
6.861506313359275e-05 0.00026290402284693187 1.5946323334414952e-06 6.4821844270953e-07 4.045994934292283e-07 0.0 
5.923000156135729e-05 0.00022730335138061063 1.371495764623433e-06 5.574411088954073e-07 3.4795959511834306e-07 0.0 
5.140545528120915e-05 0.00019758658619429374 1.1859741380385776e-06 4.819756628264607e-07 3.0087167499743466e-07 0.0 
4.4847267379427565e-05 0.00017265006618086092 1.0309003143363443e-06 4.189032490288941e-07 2.6151513575615574e-07 0.0 
3.932064619261682e-05 0.00015161178289846165 9.00569284541169e-07 3.659008047380375e-07 2.2844095503716688e-07 0.0 
3.463814995140687e-05 0.0001337666628327171 7.904393082845029e-07 3.2111908787118596e-07 2.0049560220081387e-07 0.0 
3.064983592558735e-05 0.0001185499073424566 6.968882495114611e-07 2.8308336507663043e-07 1.7675910355384957e-07 0.0 
2.7235205589952674e-05 0.0001055073484051714 6.170076910757876e-07 2.5060959254215016e-07 1.564928256691723e-07 0.0 
2.429707579731274e-05 9.427238862077767e-05 5.484561242824657e-07 2.227446207833483e-07 1.3910216315256488e-07 0.0 
2.1756778507681765e-05 8.454799124111203e-05 4.893422677642403e-07 1.9871862660570793e-07 1.2410685845379936e-07 0.0 
1.9550352005618316e-05 7.609241756190663e-05 4.3813188642609794e-07 1.7790716970246662e-07 1.1111733781439836e-07 0.0 
1.7625511626387555e-05 6.870790295386576e-05 3.9357327637355706e-07 1.5980086395724575e-07 9.981580126763532e-08 0.0 
1.5939354815513875e-05 6.223199969983514e-05 3.5464266482754715e-07 1.4398322801901158e-07 8.994241007353824e-08 0.0 
1.4456489318397e-05 5.653054937750843e-05 3.204973726259307e-07 1.3011144157814997e-07 8.128327059550894e-08 0.0 
1.3147474675222637e-05 5.149197047745818e-05 2.904353907380465e-07 1.1789983024940736e-07 7.366013989229294e-08 0.0 
1.1987780678842166e-05 4.702322274825253e-05 2.638729046968487e-07 1.0711084618119709e-07 6.692480033499413e-08 0.0 
1.0956873524002472e-05 4.3046364422646425e-05 2.403221484825134e-07 9.754604615658383e-08 6.095343132298199e-08 0.0 
1.0037487258506511e-05 3.949580924146146e-05 2.1937375197054132e-07 8.903890126877818e-08 5.564212366291253e-08 0.0 
9.21504031584339e-06 3.631612783808452e-05 2.0068263005540226e-07 8.144904976104492e-08 5.0903294181162636e-08 0.0 
8.4771728264183e-06 3.346029226572678e-05 1.8395699286144792e-07 7.465782182152745e-08 4.666289280129342e-08 0.0 
7.813364596351729e-06 3.08882399878678e-05 1.6894912987746422e-07 6.856448970161771e-08 4.2858063634439625e-08 0.0 
7.214609430126416e-06 2.8565678350152473e-05 1.5544693284022282e-07 6.308281760942143e-08 3.943499653669133e-08 0.0 
6.673288364849516e-06 2.6463791052778444e-05 1.432710466968913e-07 5.814028947761037e-08 3.6348499822879736e-08 0.0 
6.182828816346202e-06 2.455767098670816e-05 1.3226710503454263e-07 5.3674411084674e-08 3.355961151331092e-08 0.0 
5.737275582395827e-06 2.282422309833106e-05 1.2229592390294738e-07 4.9627937634525565e-08 3.103251255076507e-08 0.0 
5.331819795879109e-06 2.1245062863968175e-05 1.1324666610723211e-07 4.5956164183423487e-08 2.8739339764375994e-08 0.0 
4.962200950194298e-06 1.9803919853275266e-05 1.0502039641745645e-07 4.261897689676686e-08 2.6655067619904227e-08 0.0 
4.6243551543705785e-06 1.848522850008297e-05 9.752021569342651e-08 3.957650046383562e-08 2.4754759906900682e-08 0.0 
4.314971265142143e-06 1.7276281947580732e-05 9.066929915160768e-08 3.679748028790931e-08 2.301890504297961e-08 0.0 
4.031149260588567e-06 1.616598788630636e-05 8.440033770885337e-08 3.425459961901141e-08 2.1430458301499668e-08 0.0 
3.7703369994907347e-06 1.514458148357685e-05 7.865421050124205e-08 3.1923873818944485e-08 1.9974454461216838e-08 0.0 
3.5303526141028844e-06 1.4203615703110872e-05 7.338203133418971e-08 2.9785468670441218e-08 1.863850709940595e-08 0.0 
3.309264481369297e-06 1.3335591131111015e-05 6.854054550596148e-08 2.7821783958954153e-08 1.7411618399504676e-08 0.0 
3.1052743459685836e-06 1.2533635258611899e-05 6.408753719311347e-08 2.6015678477208065e-08 1.6283094158797562e-08 0.0 
2.9167893360226577e-06 1.1791653910752983e-05 5.998577023869929e-08 2.435205303794244e-08 1.524351593659965e-08 0.0 
2.7423849253483872e-06 1.1104212220246973e-05 5.620192855978131e-08 2.281739481278474e-08 1.4284454954125829e-08 0.0 
2.5807867583351277e-06 1.0466439449182633e-05 5.270625964913241e-08 2.139963005581364e-08 1.3398378678542647e-08 0.0 
2.4308384880600398e-06 9.873935564124549e-06 4.947178168157357e-08 2.008783982772315e-08 1.2578478765615105e-08 0.0 
2.2914924032348806e-06 9.322709203018689e-06 4.647393542240628e-08 1.8872074250898543e-08 1.1818550814225677e-08 0.0 
2.161848300477265e-06 8.809298166519117e-06 4.369211536160307e-08 1.7743986331801737e-08 1.1113387127166286e-08 0.0 
2.041097228371136e-06 8.330577197108819e-06 4.110792926717079e-08 1.6696107202952493e-08 1.0458324490673854e-08 0.0 
1.928507741417767e-06 7.883717186993321e-06 3.8704766968047776e-08 1.5721686721768788e-08 9.849147610814424e-09 0.0 
1.8234190015426226e-06 7.466160727441998e-06 3.6467643696342134e-08 1.4814636046284971e-08 9.282054123993347e-09 0.0 
1.7252329539484e-06 7.075592104543463e-06 3.438301831631276e-08 1.3969453617413532e-08 8.753608380305299e-09 0.0 
1.6334074791461217e-06 6.709911028967351e-06 3.2438634383085704e-08 1.318116044356384e-08 8.260701035165573e-09 0.0 
1.5474503865493113e-06 6.367209585262966e-06 3.062338087920267e-08 1.2445243402401973e-08 7.800513646650504e-09 0.0 
1.4669165057990775e-06 6.045756887951574e-06 2.892729722493601e-08 1.1757655267290937e-08 7.370518006030949e-09 0.0 
1.3914085939555337e-06 5.7439938373435015e-06 2.7341615213076383e-08 1.1114826270082389e-08 6.9684825830724435e-09 0.0 
1.3205571882079597e-06 5.460482730900549e-06 2.5858034916167806e-08 1.051338441892315e-08 6.592301242111973e-09 0.0 
1.2540217186954869e-06 5.193900101283027e-06 2.446888314809554e-08 9.950213475425706e-09 6.240027874734689e-09 0.0 
1.1914904803590671e-06 4.943033771225911e-06 2.3167148094648427e-08 9.422465642667617e-09 5.909883921325183e-09 0.0 
1.1326765218274464e-06 4.706768864072842e-06 2.1946372815636238e-08 8.927519777547563e-09 5.600232595486949e-09 0.0 
1.0773178729807668e-06 4.484088344578606e-06 2.0800677487689766e-08 8.46299034408825e-09 5.30958435188311e-09 0.0 
1.0251793630276962e-06 4.2740735981996554e-06 1.9724790523821555e-08 8.026737337119942e-09 5.0366026247869854e-09 0.0 
9.76041890163991e-07 4.0758709174147875e-06 1.8713812853073845e-08 7.616772463469089e-09 4.7800456163813245e-09 0.0 
9.296997004068586e-07 3.888683069240268e-06 1.7763147290370364e-08 7.231232151470272e-09 4.538749717152966e-09 0.0 
8.859594196032777e-07 3.7117847844164514e-06 1.6868443638927452e-08 6.868374615248585e-09 4.311630588619095e-09 0.0 
8.4465771975518e-07 3.5445924841883727e-06 1.602602606337673e-08 6.526763507003317e-09 4.097799235264379e-09 0.0 
8.05620022319776e-07 3.386378933805379e-06 1.5232025509551663e-08 6.204778034957013e-09 3.89623582647134e-09 0.0 
7.687018440772099e-07 3.236559215613708e-06 1.448333158125076e-08 5.90114445784152e-09 3.7061424089935135e-09 0.0 
7.3377042423789e-07 3.0946141952418448e-06 1.377704191133722e-08 5.614689119709996e-09 3.5267861151851137e-09 0.0 
7.006993053321173e-07 2.9600511588982483e-06 1.3110352898558543e-08 5.344275355238447e-09 3.3574570964816977e-09 0.0 
6.693718887345254e-07 2.832415198642618e-06 1.2480694679046717e-08 5.088861706949089e-09 3.197504929870889e-09 0.0 
6.396817881183199e-07 2.7112873455393143e-06 1.1885778565775617e-08 4.847520766356986e-09 3.046350000152403e-09 0.0 
6.115313824762564e-07 2.596288668658527e-06 1.1323458065795946e-08 4.6193901726499995e-09 2.9034545738653466e-09 0.0 
5.848519220072892e-07 2.4871778482832107e-06 1.0792261652425624e-08 4.40392760344591e-09 2.768486573653386e-09 0.0 
5.595376961276076e-07 2.3835217308006354e-06 1.0289818322397475e-08 4.200129996506538e-09 2.6408143445602285e-09 0.0 
5.354941825725317e-07 2.2849359365302382e-06 9.81401979123115e-09 4.007117855064509e-09 2.5198855996882715e-09 0.0 
5.126464668273407e-07 2.191126992238055e-06 9.363221003995276e-09 3.824225011310587e-09 2.4052842851780007e-09 0.0 
4.909247553519814e-07 2.1018212221577477e-06 8.935893512520851e-09 3.650832562565244e-09 2.2966238464956227e-09 0.0 
4.7026397567070784e-07 2.0167632164157232e-06 8.530616121158627e-09 3.4863650761823293e-09 2.193544860846572e-09 0.0 
4.5060341164519274e-07 1.935714433287022e-06 8.14606637206974e-09 3.330287135336221e-09 2.0957128821908962e-09 0.0 
4.318863704887209e-07 1.8584519222544175e-06 7.781012786672848e-09 3.1821001918159148e-09 2.002816477736664e-09 0.0 
4.140605542186115e-07 1.7847686661291608e-06 7.434336981189059e-09 3.0413508436387945e-09 1.9145722256199944e-09 0.0 
3.9707726542829997e-07 1.714471399722259e-06 7.105001603198225e-09 2.9076184767427937e-09 1.83071716240797e-09 0.0 
3.808902765592214e-07 1.647378835099051e-06 6.792006728093914e-09 2.7804996170414513e-09 1.7509994004802506e-09 0.0 
3.654569880790545e-07 1.5833248972295207e-06 6.494435712964322e-09 2.659626750397991e-09 1.6751897908975766e-09 0.0 
3.5073878826841773e-07 1.5221569890821003e-06 6.211480509650233e-09 2.5446762157376637e-09 1.6030863802128012e-09 0.0 
3.3670080115722095e-07 1.4637360508104282e-06 5.942428747914745e-09 2.435362216422646e-09 1.534510637688175e-09 0.0 
3.2330723672000716e-07 1.40792014066381e-06 5.686514137268979e-09 2.3313735618114756e-09 1.4692679637550011e-09 0.0 
3.105243594765198e-07 1.3545754758377956e-06 5.443014958090082e-09 2.2324172107029023e-09 1.407175118501057e-09 0.0 
2.983204551704482e-07 1.303576215197796e-06 5.2112543082219605e-09 2.138218397513979e-09 1.348060291487311e-09 0.0 
2.8666569147112375e-07 1.2548038448346894e-06 4.990596806993759e-09 2.0485191930106034e-09 1.291762185379791e-09 0.0 
2.7553198746404185e-07 1.2081463349324008e-06 4.780448603852502e-09 1.963078346052625e-09 1.2381298805115291e-09 0.0 
2.6489062329802465e-07 1.1634895663018294e-06 4.580197316732485e-09 1.8816470252983594e-09 1.1870077673709483e-09 0.0 
2.5471294159943326e-07 1.1207210042754698e-06 4.389214184664248e-09 1.8039704498725729e-09 1.1382367453396998e-09 0.0 
2.449755568764956e-07 1.0797474342911768e-06 4.2070065949851916e-09 1.7298490974766947e-09 1.0916920665717581e-09 0.0 
2.356564185501865e-07 1.0404808686146995e-06 4.033111880905241e-09 1.6590955819281956e-09 1.047256561391492e-09 0.0 
2.2673823009205032e-07 1.0028517127620424e-06 3.8672214582374776e-09 1.5915861939652572e-09 1.0048527661625239e-09 0.0 
2.1820763030255172e-07 9.668101523484344e-07 3.7091297466254707e-09 1.5272431714725224e-09 9.64432464112004e-10 0.0 
2.100434644807847e-07 9.322625433502403e-07 3.5583676772802318e-09 1.4658680534168772e-09 9.258704188128858e-10 0.0 
2.0222616304880576e-07 8.991293253965356e-07 3.414501253448397e-09 1.4072833168152143e-09 8.890555171868233e-10 0.0 
1.9473779652897529e-07 8.673404322020707e-07 3.277134856876573e-09 1.3513294050363739e-09 8.538882086952132e-10 0.0 
1.8756124946431617e-07 8.368290483582139e-07 3.145892218945119e-09 1.2978547793084441e-09 8.20273960291023e-10 0.0 
1.8067924782078612e-07 8.075290256720277e-07 3.0203950576366453e-09 1.246708699347813e-09 7.881189253082956e-10 0.0 
1.740776490365699e-07 7.793838111484136e-07 2.900350774490834e-09 1.1977728939521022e-09 7.573491494475857e-10 0.0 
1.6774349013875053e-07 7.523409997070546e-07 2.785494607331652e-09 1.1509399093874767e-09 7.278973659530324e-10 0.0 
1.616644910866062e-07 7.263509186558384e-07 2.675576242241504e-09 1.1061081769579146e-09 6.996999912834851e-10 0.0 
1.5582901399021588e-07 7.013664655120882e-07 2.5703589303359232e-09 1.0631816519647785e-09 6.726968991276686e-10 0.0 
1.5022602506513008e-07 6.773429566633049e-07 2.4696186647029815e-09 1.0220694773331006e-09 6.4683120986215e-10 0.0 
1.448453332967457e-07 6.542386636793316e-07 2.3731517567522658e-09 9.82688761435838e-10 6.220509751103274e-10 0.0 
1.396814777485649e-07 6.320378731775977e-07 2.280862442975619e-09 9.45008731612981e-10 5.983378970365067e-10 0.0 
1.3472649258271e-07 6.10710249766218e-07 2.192595170741645e-09 9.089686479130791e-10 5.756541928370686e-10 0.0 
1.2996761762325047e-07 5.901950294200612e-07 2.108088549848432e-09 8.744531308575225e-10 5.539264246895027e-10 0.0 
1.2539578993575734e-07 5.704551258723307e-07 2.027157358100937e-09 8.413866338677648e-10 5.331072524137646e-10 0.0 
1.2100266256468987e-07 5.514569953830924e-07 1.9496315490367594e-09 8.097004148620263e-10 5.131536749810756e-10 0.0 
1.1678031004374937e-07 5.331687488035665e-07 1.8753501147737094e-09 7.793293863260784e-10 4.940249743115729e-10 0.0 
1.127212044473834e-07 5.155600599902769e-07 1.8041605546030133e-09 7.502119022910029e-10 4.75682582710298e-10 0.0 
1.0881819295613531e-07 4.986020779975615e-07 1.7359183698835165e-09 7.22289550685517e-10 4.580899526428772e-10 0.0 
1.05064488285917e-07 4.822677125348261e-07 1.670487087443032e-09 6.955075357968204e-10 4.412128455146419e-10 0.0 
1.0145378937972386e-07 4.66531691897295e-07 1.6077450889886687e-09 6.698171094580366e-10 4.25020777992763e-10 0.0 
9.797997638150703e-08 4.513690299242975e-07 1.5475713629999224e-09 6.451691601649587e-10 4.094829768568109e-10 0.0 
9.463712890079948e-08 4.36755668445911e-07 1.4898466514071833e-09 6.215153672208637e-10 3.945691897903815e-10 0.0 
9.14197520059549e-08 4.226691074788935e-07 1.434462432806068e-09 5.988117201116954e-10 3.802518422785053e-10 0.0 
8.832261304878606e-08 4.090879954075666e-07 1.3813190053398798e-09 5.770181091725312e-10 3.665058151614368e-10 0.0 
8.534036991250984e-08 3.959908609381898e-07 1.330307982138334e-09 5.560909777739908e-10 3.533038867799801e-10 0.0 
8.24682368322578e-08 3.833583788231315e-07 1.2813330460146669e-09 5.359917096572207e-10 3.4062193002687233e-10 0.0 
7.970148284875839e-08 3.711712527474519e-07 1.234299129359345e-09 5.166817777651213e-10 3.2843582180564423e-10 0.0 
7.703563644855722e-08 3.5941217205457005e-07 1.1891177982745462e-09 4.981262199022498e-10 3.1672381248780285e-10 0.0 
7.446669495072023e-08 3.480655313955019e-07 1.1457120074346356e-09 4.802946454096974e-10 3.0546699175436913e-10 0.0 
7.199202901929729e-08 3.371181073877716e-07 1.1040375306412902e-09 4.6316763854055406e-10 2.94652878050302e-10 0.0 
6.960812640760866e-08 3.26555130923015e-07 1.0640256830031262e-09 4.467170912460444e-10 2.842638136365791e-10 0.0 
6.731154968074731e-08 3.1636223616273104e-07 1.0256084616262765e-09 4.309152302118605e-10 2.742823725069682e-10 0.0 
6.509888274485816e-08 3.065253340500297e-07 9.88718212671123e-10 4.1573453660507295e-10 2.646913035387185e-10 0.0 
6.296683999486223e-08 2.9703084633921574e-07 9.532901090591048e-10 4.0114864855808465e-10 2.554740806292616e-10 0.0 
6.091225346346206e-08 2.8786575184601226e-07 9.19261755342579e-10 3.8713222886962444e-10 2.46614823573761e-10 0.0 
5.893177810905271e-08 2.790161267980375e-07 8.865665743526928e-10 3.7365808846024186e-10 2.3809648071703714e-10 0.0 
5.7021624249257145e-08 2.7046588097238334e-07 8.551278843198242e-10 3.6069465503448395e-10 2.298992347440187e-10 0.0 
5.5178549014247523e-08 2.622021976740955e-07 8.248819034362668e-10 3.482164451433523e-10 2.2200716678697506e-10 0.0 
5.339925429871942e-08 2.5421237050026726e-07 7.957640150563149e-10 3.3619788129904606e-10 2.144043276106838e-10 0.0 
5.1681252597288465e-08 2.464860371016807e-07 7.677268676369786e-10 3.246197301999924e-10 2.07078650868664e-10 0.0 
5.0022173902604974e-08 2.3901330187239394e-07 7.40725505854859e-10 3.134637242549633e-10 2.0001867388238308e-10 0.0 
4.8419751170971254e-08 2.3178468976067616e-07 7.147170604324387e-10 3.0271244432634697e-10 1.9321346542347778e-10 0.0 
4.687181533060166e-08 2.2479112623446298e-07 6.896606414584119e-10 2.9234927626812765e-10 1.8665259852124294e-10 0.0 
4.5376438702142836e-08 2.1802508615612987e-07 6.655209432140606e-10 2.823604098057049e-10 1.8032747276651878e-10 0.0 
4.393232472638505e-08 2.1148467465554204e-07 6.422760856261584e-10 2.727399610052915e-10 1.7423480187781945e-10 0.0 
4.2537165637633044e-08 2.0515766630112852e-07 6.198824665902656e-10 2.634680809954298e-10 1.6836182838768505e-10 0.0 
4.1188980917767014e-08 1.990338851164595e-07 5.983044828962496e-10 2.5452885859632133e-10 1.6269835167679031e-10 0.0 
3.988614627719624e-08 1.9310647429018836e-07 5.775128372814828e-10 2.459103872301209e-10 1.5723688880429023e-10 0.0 
3.8628242667877615e-08 1.8737279686897173e-07 5.575096554822597e-10 2.376131207720715e-10 1.519775916189509e-10 0.0 
3.74138872246716e-08 1.818272404307347e-07 5.382708096290365e-10 2.2962749914035616e-10 1.4691447565912542e-10 0.0 
3.6241388287776186e-08 1.7646339183887988e-07 5.197624675153259e-10 2.2194033705382363e-10 1.4203935588609578e-10 0.0 
3.5108931443814276e-08 1.7127384974285518e-07 5.019479678033151e-10 2.1453682007118976e-10 1.3734296595135426e-10 0.0 
3.4014824857936135e-08 1.6625158230611664e-07 4.847937493477921e-10 2.0740330273974207e-10 1.3281675555920634e-10 0.0 
3.295722581923961e-08 1.6138908280386854e-07 4.682636092756476e-10 2.0052526149507696e-10 1.2845164480550512e-10 0.0 
3.1934555046716846e-08 1.5667979282822276e-07 4.523275067594335e-10 1.938905923365819e-10 1.2424004972367809e-10 0.0 
3.094555989207109e-08 1.5211848469444528e-07 4.3696271270759725e-10 1.8749017448495322e-10 1.2017626308801829e-10 0.0 
2.998903631293182e-08 1.4770003627150006e-07 4.2214721325925474e-10 1.8131503620387162e-10 1.1625464615360229e-10 0.0 
2.9063825368426227e-08 1.434193691403287e-07 4.078595432067346e-10 1.7535622674889087e-10 1.1246953795875864e-10 0.0 
2.8168815498009266e-08 1.3927173119264947e-07 3.9407944640787583e-10 1.6960546882545523e-10 1.0881573144955013e-10 0.0 
2.7302938607572243e-08 1.352525589960455e-07 3.8078752458389126e-10 1.6405484510807843e-10 1.0528824716268061e-10 0.0 
2.6465170843113197e-08 1.3135755274152027e-07 3.679653392128121e-10 1.5869693327332024e-10 1.0188242871516329e-10 0.0 
2.565452461815885e-08 1.2758256318989342e-07 3.5559511116980593e-10 1.5352457424732684e-10 9.859378458477658e-11 0.0 
2.4870038328550024e-08 1.2392345040433513e-07 3.4365944682918186e-10 1.485306432250208e-10 9.541782979502316e-11 0.0 
2.4110880825190235e-08 1.2037651605354303e-07 3.3214326455238814e-10 1.4370890096010515e-10 9.235062819293564e-11 0.0 
2.3376373220642488e-08 1.16938569856676e-07 3.2103414193613876e-10 1.3905412021730598e-10 8.938887010760079e-11 0.0 
2.2665619235247036e-08 1.1360579705014979e-07 3.1031619934384523e-10 1.3455982338179587e-10 8.652847943421696e-11 0.0 
2.1977734727113362e-08 1.1037446120710483e-07 2.9997390466579915e-10 1.3021969301607216e-10 8.376548238258497e-11 0.0 
2.131202022372518e-08 1.0724183641334174e-07 2.899951531748843e-10 1.2602904847810326e-10 8.109696234067021e-11 0.0 
2.0667874247215628e-08 1.0420554875297399e-07 2.803701139010667e-10 1.2198409553441277e-10 7.85205498703748e-11 0.0 
2.0044596615905034e-08 1.0126256883580766e-07 2.7108655928199226e-10 1.1807983868833234e-10 7.603309663982069e-11 0.0 
1.9441468098286453e-08 9.840980437656808e-08 2.6213156890897774e-10 1.1431099370155025e-10 7.363127621136871e-11 0.0 
