2.6470722518563786e-05 7.059567989868821e-05 1.724593793231892e-06 8.451277149022283e-07 5.442574375502702e-07 0.0 
2.6075294324994403e-05 6.963799727768233e-05 1.691226676558213e-06 8.277809877436648e-07 5.329363852306871e-07 0.0 
2.568744989239727e-05 6.869767070372926e-05 1.6586227015144062e-06 8.108490965205136e-07 5.218889587941204e-07 0.0 
2.5307133187684934e-05 6.777456874734221e-05 1.6267726246718693e-06 7.943273734744746e-07 5.111121629860109e-07 0.0 
2.4934178051876928e-05 6.686832381425301e-05 1.5956567329380528e-06 7.782046004442569e-07 5.005984932399564e-07 0.0 
2.4568286385589772e-05 6.597829505429698e-05 1.5652431268628138e-06 7.624625423346452e-07 4.903357728810871e-07 0.0 
2.4209386133962774e-05 6.510440330550477e-05 1.5355142013743088e-06 7.470912984975151e-07 4.803175714717368e-07 0.0 
2.3857324399404812e-05 6.424633691125048e-05 1.5064492790886166e-06 7.320789369758834e-07 4.7053591537308014e-07 0.0 
2.3511944062094455e-05 6.340377090577744e-05 1.4780279377778933e-06 7.174136757920212e-07 4.609829210820455e-07 0.0 
2.3173092676174555e-05 6.257635941635728e-05 1.4502327354506177e-06 7.030854594016975e-07 4.5165183646744544e-07 0.0 
2.2840636408014573e-05 6.17637547967824e-05 1.4230584034770737e-06 6.890915921824855e-07 4.425408142183449e-07 0.0 
2.2514453697062302e-05 6.096565797976583e-05 1.396500715112453e-06 6.754306011500282e-07 4.3364893745850283e-07 0.0 
2.219444349746906e-05 6.0181864748573785e-05 1.3705472887527735e-06 6.62095511948057e-07 4.249715653213196e-07 0.0 
2.1880516281705725e-05 5.941219219103149e-05 1.3451890809390095e-06 6.490811939783401e-07 4.1650527169352894e-07 0.0 
2.1572425604607607e-05 5.8656105888477574e-05 1.3203951690789941e-06 6.363700139408223e-07 4.0823832838131293e-07 0.0 
2.1269981481467435e-05 5.791318929779001e-05 1.2961421813450674e-06 6.239487084773323e-07 4.001619120360994e-07 0.0 
2.0973056501354282e-05 5.7183152596248284e-05 1.2724157655859886e-06 6.118091859185767e-07 3.922706264485035e-07 0.0 
2.0681526543575015e-05 5.646571314098524e-05 1.2492019941386928e-06 5.999436049052581e-07 3.845592446263586e-07 0.0 
2.0395383379981475e-05 5.576097126580137e-05 1.2264911549217253e-06 5.883467716167942e-07 3.77024457784208e-07 0.0 
2.0115160153463763e-05 5.5069783654337423e-05 1.204395699109558e-06 5.770821620369942e-07 3.69707984199119e-07 0.0 
1.984071993329172e-05 5.439180100182745e-05 1.1828991780985907e-06 5.661392412232665e-07 3.626026369322534e-07 0.0 
1.9571249116654476e-05 5.372574091235152e-05 1.1618435462712193e-06 5.554308773255688e-07 3.556514059390235e-07 0.0 
1.9306626880660233e-05 5.307134332495826e-05 1.1412135640230728e-06 5.449485916655634e-07 3.4884866204887525e-07 0.0 
1.90467416749445e-05 5.242833636313127e-05 1.1209987632901622e-06 5.346865233593862e-07 3.4219048218655654e-07 0.0 
1.8791479351829934e-05 5.179643823093618e-05 1.1011888507995524e-06 5.246389203937513e-07 3.35673018034809e-07 0.0 
1.8540775257670098e-05 5.1175512465877294e-05 1.0817759112913447e-06 5.148015305542622e-07 3.292934989071083e-07 0.0 
1.8294560548764765e-05 5.05654032383645e-05 1.0627527321133964e-06 5.051704334044533e-07 3.2304934828420617e-07 0.0 
1.805283312760634e-05 4.996608692178271e-05 1.0441213911792928e-06 4.95747114640052e-07 3.1694159686218583e-07 0.0 
1.7815554278619562e-05 4.937746993065595e-05 1.0258784707380162e-06 4.865299060720322e-07 3.109691663387124e-07 0.0 
1.7582604924068098e-05 4.879926731612256e-05 1.0080125643489058e-06 4.775123602952328e-07 3.051277376152786e-07 0.0 
1.735386923346837e-05 4.8231201451908695e-05 9.90512628958839e-07 4.686882453853574e-07 2.994131379209262e-07 0.0 
1.7129237959469503e-05 4.767300583611741e-05 9.733687271667795e-07 4.6005193899361023e-07 2.938215960915313e-07 0.0 
1.6909016539463586e-05 4.7124899743783294e-05 9.566586408758145e-07 4.5164410983945223e-07 2.8837931425120863e-07 0.0 
1.669347043874336e-05 4.658768809994937e-05 9.403868630472333e-07 4.434682562831457e-07 2.8308904028695707e-07 0.0 
1.6482691316312124e-05 4.606221786775869e-05 9.245086275037051e-07 4.3550366178632466e-07 2.779380947065139e-07 0.0 
1.627624482443564e-05 4.554727069821721e-05 9.089990457991731e-07 4.277344717921603e-07 2.7291531979112173e-07 0.0 
1.607349095059726e-05 4.504113351859007e-05 8.938133403279695e-07 4.201344874762785e-07 2.6800300987655514e-07 0.0 
1.5874347386805524e-05 4.4543639283306e-05 8.789423360229023e-07 4.1269863513418273e-07 2.631978200215472e-07 0.0 
1.567877875148774e-05 4.4054756147267625e-05 8.643797572451327e-07 4.054235410538322e-07 2.5849756096037134e-07 0.0 
1.5486655788506337e-05 4.357414762167974e-05 8.501156052888815e-07 3.9830357153323154e-07 2.5389846292070046e-07 0.0 
1.529793985436703e-05 4.310171151609863e-05 8.361487010526499e-07 3.9133826866889596e-07 2.494002318397892e-07 0.0 
1.5112626850735634e-05 4.263744625986588e-05 8.224800573172186e-07 3.8452845457720464e-07 2.450034377143374e-07 0.0 
1.4930620430002705e-05 4.2181128081099344e-05 8.090999653579048e-07 3.7786871645278637e-07 2.4070448149141663e-07 0.0 
1.4751843764677388e-05 4.173260464249459e-05 7.959989144655932e-07 3.713541702666958e-07 2.365002024906806e-07 0.0 
1.4576276727827665e-05 4.129184472024988e-05 7.83173394680917e-07 3.6498320635684324e-07 2.3238960678182674e-07 0.0 
1.4403866218109222e-05 4.085872216790608e-05 7.706183842759463e-07 3.587530844302201e-07 2.2837087448685682e-07 0.0 
1.4234563765231382e-05 4.043312093758929e-05 7.583295505603366e-07 3.5266149223854014e-07 2.2444247442234137e-07 0.0 
1.4068297967720689e-05 4.00148801127444e-05 7.462989050385873e-07 3.467039973965896e-07 2.2060147154138102e-07 0.0 
1.3905031981361278e-05 3.9603982583014465e-05 7.345193688404369e-07 3.4087676322243607e-07 2.168453641081084e-07 0.0 
1.3744757498847676e-05 3.920048844957838e-05 7.229863430192997e-07 3.351772510509822e-07 2.131725075102911e-07 0.0 
1.3587410998970765e-05 3.8804236710031055e-05 7.116936524520719e-07 3.2960196432635154e-07 2.0958057153229592e-07 0.0 
1.3432953166465874e-05 3.8415089434115676e-05 7.006398295766977e-07 3.2414979741567364e-07 2.0606876510459654e-07 0.0 
1.3281361672971024e-05 3.8032932592922976e-05 6.898257812532524e-07 3.188208184277059e-07 2.0263704851884728e-07 0.0 
1.3132577301275058e-05 3.765760227131648e-05 6.792459698958165e-07 3.1361183172086637e-07 1.9928328301328565e-07 0.0 
1.2986546072296504e-05 3.7288956419124995e-05 6.688949845848647e-07 3.0851972786093496e-07 1.9600539024379053e-07 0.0 
1.2843140819647053e-05 3.6926694699667636e-05 6.587603325121784e-07 3.0353775697675164e-07 1.927989331092661e-07 0.0 
1.270229870640228e-05 3.657065951129352e-05 6.488366797562651e-07 2.9866329208478184e-07 1.8966222497557566e-07 0.0 
1.2563967651713843e-05 3.622074601777507e-05 6.391181759032565e-07 2.938933279738254e-07 1.865933145552253e-07 0.0 
1.2428043902096197e-05 3.587683029843227e-05 6.295906953272599e-07 2.8922097204896107e-07 1.8358780512540542e-07 0.0 
1.229448443093896e-05 3.5538823849583786e-05 6.202495208409958e-07 2.846437257747044e-07 1.8064406230186332e-07 0.0 
1.2163250292170284e-05 3.520663264747081e-05 6.110908609427317e-07 2.8015951468357446e-07 1.7776071448785556e-07 0.0 
1.2034303719832157e-05 3.488016475187284e-05 6.021110308839389e-07 2.7576632372235345e-07 1.7493642969228778e-07 0.0 
1.1907611162824118e-05 3.4559334170672266e-05 5.933066465189071e-07 2.7146228923682804e-07 1.7216997504780988e-07 0.0 
1.178313723939536e-05 3.424405397726115e-05 5.846742363688385e-07 2.672455141423729e-07 1.6946009714133726e-07 0.0 
1.166084632378266e-05 3.393423815827182e-05 5.762103393382148e-07 2.631141141711251e-07 1.6680555193061072e-07 0.0 
1.1540734438799134e-05 3.3629889842665684e-05 5.679133937374149e-07 2.590673240926116e-07 1.6420585618376405e-07 0.0 
1.1422802371915334e-05 3.333103965056896e-05 5.597813096101208e-07 2.551042452994135e-07 1.6166047585770793e-07 0.0 
1.1306945247337373e-05 3.303743655638282e-05 5.518051372869216e-07 2.5122014393998665e-07 1.5916631053925757e-07 0.0 
1.1193156577306909e-05 3.274913454571e-05 5.439813816063232e-07 2.47413279194596e-07 1.5672226328397253e-07 0.0 
1.1081824231443198e-05 3.246743021025356e-05 5.363234514034781e-07 2.43692083616056e-07 1.5433425887843616e-07 0.0 
1.0973367338745495e-05 3.219315953842534e-05 5.288880546783691e-07 2.400864622157731e-07 1.5202161639395115e-07 0.0 
1.0867404142503422e-05 3.1925168219717395e-05 5.216533968295275e-07 2.3658334181063326e-07 1.4977543418856215e-07 0.0 
1.076332066495112e-05 3.166199392372911e-05 5.145553420626789e-07 2.3314874830454988e-07 1.4757359851136175e-07 0.0 
1.0661141663303838e-05 3.140358785044833e-05 5.075976076089444e-07 2.2978408813486203e-07 1.454169457487868e-07 0.0 
1.056082055383656e-05 3.1149843616049335e-05 5.007758775283154e-07 2.2648708290995343e-07 1.4330398086918413e-07 0.0 
1.0462306825621765e-05 3.090064948756034e-05 4.940854409336995e-07 2.2325527766901952e-07 1.4123309843451394e-07 0.0 
1.0365554324437797e-05 3.06558997306846e-05 4.875220283092189e-07 2.2008643484351981e-07 1.3920283359239373e-07 0.0 
1.0270506539119607e-05 3.041549462840689e-05 4.81080442492534e-07 2.1697792409487112e-07 1.37211479271283e-07 0.0 
1.0177105092215908e-05 3.0179381625822835e-05 4.747561050831276e-07 2.1392756568729523e-07 1.3525764023216265e-07 0.0 
1.0085323878506328e-05 2.994748721954482e-05 4.685481342164138e-07 2.1093486072913731e-07 1.333409728881115e-07 0.0 
9.995130665632724e-06 2.9719723706172566e-05 4.62453978096944e-07 2.0799841531689605e-07 1.314605540354055e-07 0.0 
9.906486694956031e-06 2.9495993692618164e-05 4.564707633488478e-07 2.0511671581107653e-07 1.2961538767949363e-07 0.0 
9.819389444167877e-06 2.9276297759382003e-05 4.5059761121443093e-07 2.0228939799670105e-07 1.2780525704064088e-07 0.0 
9.733926170536682e-06 2.906087710997356e-05 4.4483978131641573e-07 1.9951959295912572e-07 1.2603228768577943e-07 0.0 
9.650088875997683e-06 2.8849715333994626e-05 4.3919598080319597e-07 1.9680662839474255e-07 1.242960421021241e-07 0.0 
9.567852960063415e-06 2.8642752667046688e-05 4.33663677806897e-07 1.9414912839908793e-07 1.2259561279985275e-07 0.0 
9.487194884739367e-06 2.8439930782237906e-05 4.2824041844592437e-07 1.9154575948271964e-07 1.209301204117876e-07 0.0 
9.408091602860993e-06 2.824119273416027e-05 4.2292380786271324e-07 1.889952213974422e-07 1.192987076685637e-07 0.0 
9.330520270446417e-06 2.804648323029709e-05 4.1771149881240675e-07 1.8649624166300848e-07 1.1770053581570366e-07 0.0 
9.254465136664343e-06 2.785577838108682e-05 4.1260132643344e-07 1.8404766796284413e-07 1.1613485273187688e-07 0.0 
9.180038304290758e-06 2.7669281648830308e-05 4.0760847840022515e-07 1.816569770286134e-07 1.1460642308473625e-07 0.0 
9.107517966764556e-06 2.748744700412686e-05 4.0277099578171623e-07 1.7934261971682073e-07 1.1312696612888197e-07 0.0 
9.036569456403886e-06 2.73097168806452e-05 3.980425711060746e-07 1.770817918446265e-07 1.1168193364452569e-07 0.0 
8.967113028282687e-06 2.7135965692104224e-05 3.9341245905905297e-07 1.7486935707146533e-07 1.1026806717193751e-07 0.0 
8.899120783180863e-06 2.696612333614908e-05 3.8887832080143845e-07 1.7270402768942648e-07 1.0888451433582455e-07 0.0 
8.832501950577714e-06 2.67999506840212e-05 3.844335448576356e-07 1.705823309621021e-07 1.0752900461759634e-07 0.0 
8.767215094599508e-06 2.6637348650615725e-05 3.800745148784225e-07 1.6850237993941624e-07 1.0620030740116789e-07 0.0 
8.703217257096883e-06 2.6478226173560206e-05 3.757978406122708e-07 1.6646243573298056e-07 1.0489729008742775e-07 0.0 
8.640487692380422e-06 2.6322563413005164e-05 3.716011878652924e-07 1.6446129199115616e-07 1.0361917066876677e-07 0.0 
8.579043771831102e-06 2.6170428589042876e-05 3.6748505390826413e-07 1.6249933950233616e-07 1.0236623136530884e-07 0.0 
8.518887526723628e-06 2.6021836801182377e-05 3.6344902062668366e-07 1.6057638788161362e-07 1.0113835499959661e-07 0.0 
8.46002287467457e-06 2.5876797450774232e-05 3.5949260194970235e-07 1.5869211573769465e-07 9.993532456210636e-08 0.0 
8.402511974114233e-06 2.5735469004623475e-05 3.5561997887807763e-07 1.5684857900333213e-07 9.875846802122987e-08 0.0 
8.34657818537847e-06 2.5598690978820637e-05 3.518386765389676e-07 1.550502067563285e-07 9.761082410507553e-08 0.0 
8.29227915719446e-06 2.546672019490904e-05 3.4814920421739485e-07 1.5329741252600956e-07 9.649269543179529e-08 0.0 
8.239475116579548e-06 2.533902860431266e-05 3.4454739461803565e-07 1.5158757808361165e-07 9.540225024438938e-08 0.0 
8.18800057452007e-06 2.5215016824033152e-05 3.4102731967755663e-07 1.4991723701632917e-07 9.433714220144171e-08 0.0 
8.137833989468226e-06 2.509463746414737e-05 3.375871090138487e-07 1.4828538794969602e-07 9.329671381702272e-08 0.0 
8.088958748690264e-06 2.4977854853358994e-05 3.3422508137590723e-07 1.466911341730664e-07 9.228037698601216e-08 0.0 
8.04135787902603e-06 2.4864632442433057e-05 3.309395306375465e-07 1.451335671391388e-07 9.12875361625181e-08 0.0 
7.994958140592642e-06 2.4754786689771625e-05 3.2772475615406335e-07 1.4360974174827554e-07 9.031627763038471e-08 0.0 
7.949707382312477e-06 2.4648188262004075e-05 3.2457662310096844e-07 1.4211751456335241e-07 8.936520680376542e-08 0.0 
7.905586161872209e-06 2.454479299075818e-05 3.2149334526673926e-07 1.4065594140942384e-07 8.843370560682044e-08 0.0 
7.862575603188506e-06 2.444455818111905e-05 3.1847318042119064e-07 1.3922410107153905e-07 8.752117097591168e-08 0.0 
7.820656232015974e-06 2.4347440669249957e-05 3.155143169313033e-07 1.3782104593220159e-07 8.662698417609706e-08 0.0 
7.779795738514367e-06 2.4253376290519895e-05 3.1261366467632716e-07 1.364452727396204e-07 8.575018154007148e-08 0.0 
7.739970144863796e-06 2.4162314932747053e-05 3.0976889031049454e-07 1.3509559984347738e-07 8.488999833370269e-08 0.0 
7.701159704236468e-06 2.4074213954091318e-05 3.0697805973926787e-07 1.3377102121134082e-07 8.404577937262848e-08 0.0 
7.663567724864806e-06 2.3989563142571563e-05 3.042586798066421e-07 1.3248045680253277e-07 8.32232780810148e-08 0.0 
7.627445082227961e-06 2.3908957038170107e-05 3.0163207545097934e-07 1.3123440724997217e-07 8.242921560783594e-08 0.0 
7.5924927679269525e-06 2.383170137995279e-05 2.990708381812337e-07 1.3001901645127033e-07 8.16546848900244e-08 0.0 
7.558700593329136e-06 2.3757784684206263e-05 2.965730934347116e-07 1.2883332559349742e-07 8.089907134667279e-08 0.0 
7.526083889114873e-06 2.3687252344453573e-05 2.941392492329973e-07 1.2767744347321659e-07 8.0162433130733e-08 0.0 
7.494688631483773e-06 2.36202478816925e-05 2.9177094884257054e-07 1.2655220058796603e-07 7.94453163199979e-08 0.0 
7.464565234068063e-06 2.3556931416547052e-05 2.8946996504784645e-07 1.2545850980593184e-07 7.874832381171115e-08 0.0 
7.435723111308349e-06 2.3497337484086808e-05 2.8723604642033563e-07 1.24396143175291e-07 7.807129477959956e-08 0.0 
7.408139128751491e-06 2.3441450656013474e-05 2.8506583947318584e-07 1.2336350665410142e-07 7.741321586604245e-08 0.0 
7.381761517978659e-06 2.3389221465972784e-05 2.829532935830945e-07 1.2235784137157927e-07 7.677235086860797e-08 0.0 
7.356571324541266e-06 2.3340629141062432e-05 2.808969349986785e-07 1.213784036637661e-07 7.614821721405773e-08 0.0 
7.33256247099003e-06 2.3295671461544918e-05 2.7889655533785485e-07 1.204250236626024e-07 7.554069308767736e-08 0.0 
7.309746375218036e-06 2.3254388490172623e-05 2.7695245320339903e-07 1.1949776124283382e-07 7.494980395741229e-08 0.0 
7.288126637746102e-06 2.3216810571653485e-05 2.7506400327779546e-07 1.1859625686177136e-07 7.437531184113603e-08 0.0 
7.267687278238042e-06 2.318289928770128e-05 2.7322985033541166e-07 1.1771974940711936e-07 7.381671212735834e-08 0.0 
7.248398377207017e-06 2.3152569660298165e-05 2.714481316038964e-07 1.1686720045975345e-07 7.327331649520237e-08 0.0 
7.230261310606651e-06 2.3125845329107484e-05 2.6971817360989575e-07 1.1603821935120056e-07 7.274486583930952e-08 0.0 
7.2132822392380735e-06 2.310276281327742e-05 2.680394218737777e-07 1.152324841484439e-07 7.223114876595617e-08 0.0 
7.197567380202856e-06 2.308388049215753e-05 2.664132354873735e-07 1.1445098628640859e-07 7.173288530086186e-08 0.0 
7.183161353172074e-06 2.3069394141571677e-05 2.6484057760502167e-07 1.1369425968321687e-07 7.125042964933824e-08 0.0 
7.170030792694161e-06 2.3059109482495837e-05 2.6332048023499934e-07 1.1296162032768176e-07 7.078329802754304e-08 0.0 
7.1581228837236145e-06 2.3052753847882222e-05 2.618515836617441e-07 1.1225213710029344e-07 7.033084197648707e-08 0.0 
7.1474765879109895e-06 2.3050456695486236e-05 2.604356753605469e-07 1.115667373632462e-07 6.989366857393504e-08 0.0 
7.138111951691749e-06 2.305229927384265e-05 2.5907284020722617e-07 1.1090544226404712e-07 6.947179278598703e-08 0.0 
7.130041441703392e-06 2.305833929978993e-05 2.577627779184663e-07 1.102680442647208e-07 6.906507491403576e-08 0.0 
7.123278663499106e-06 2.306863851073104e-05 2.565052243445087e-07 1.0965435206337453e-07 6.867338558651594e-08 0.0 
7.11783116926439e-06 2.3083244679212396e-05 2.552994420684588e-07 1.0906397260105987e-07 6.829647094689664e-08 0.0 
7.11399814419112e-06 2.3102829824050813e-05 2.541717787500889e-07 1.0850929486023504e-07 6.794216865722345e-08 0.0 
7.111828960051851e-06 2.3127529815746902e-05 2.531242925647318e-07 1.0799099254926949e-07 6.761086724090108e-08 0.0 
7.111045189548911e-06 2.315679860821382e-05 2.521298747283308e-07 1.0749643985747508e-07 6.729459797155631e-08 0.0 
7.11165729827655e-06 2.3190695549597915e-05 2.5118780711812054e-07 1.0702523000922238e-07 6.699309589392805e-08 0.0 
7.113690766569371e-06 2.322932381264239e-05 2.502984380831187e-07 1.0657744828359562e-07 6.670640644137335e-08 0.0 
7.1171717707588485e-06 2.327278751826671e-05 2.494620949664027e-07 1.061531680023995e-07 6.643456703039994e-08 0.0 
7.122097558198429e-06 2.332110359921884e-05 2.486776944359784e-07 1.0575177092072008e-07 6.617716881650753e-08 0.0 
7.128444476015248e-06 2.3374222382918717e-05 2.479431027161379e-07 1.0537209094048417e-07 6.593344595821355e-08 0.0 
7.136235320424656e-06 2.343223878292266e-05 2.472583501717724e-07 1.050140465454665e-07 6.570333504629627e-08 0.0 
7.145556785650341e-06 2.349535822343189e-05 2.4662847408615246e-07 1.0467973296108817e-07 6.548813070611196e-08 0.0 
7.156501378180363e-06 2.3563836682260748e-05 2.4605798676751807e-07 1.0437107363105718e-07 6.528903477935762e-08 0.0 
7.169103504431328e-06 2.363784750108908e-05 2.4554642776853166e-07 1.0408784617260702e-07 6.510591455412093e-08 0.0 
7.183387839476897e-06 2.3717521731699025e-05 2.4509310179728337e-07 1.0382966493171062e-07 6.49385214676249e-08 0.0 
7.199382605238e-06 2.3803003896265267e-05 2.446973578243592e-07 1.0359616403063952e-07 6.478661976867e-08 0.0 
7.217107728687768e-06 2.389442797220132e-05 2.4435807230736734e-07 1.0338678513888569e-07 6.464985487497193e-08 0.0 
7.2365699610412065e-06 2.3991907010878128e-05 2.4407371690850337e-07 1.0320082568628834e-07 6.45277848317559e-08 0.0 
7.257827404559844e-06 2.4095668353731607e-05 2.4384541896911756e-07 1.0303874125229123e-07 6.442069594240684e-08 0.0 
7.280976155123714e-06 2.4206075439107372e-05 2.436755693578776e-07 1.0290167913035664e-07 6.4329336292409e-08 0.0 
7.306161974332269e-06 2.4323604255097453e-05 2.4357027809940377e-07 1.0279255946707234e-07 6.425557776778329e-08 0.0 
7.333911632492484e-06 2.4449785179153116e-05 2.435585651695864e-07 1.0272548098892915e-07 6.420845718575264e-08 0.0 
7.363975084995424e-06 2.458393782375173e-05 2.436245500273562e-07 1.0269218862324083e-07 6.418260921073626e-08 0.0 
7.396262120013589e-06 2.4725877269288193e-05 2.437603543164817e-07 1.0268872562595378e-07 6.417548965105837e-08 0.0 
7.430876107342917e-06 2.487610367639324e-05 2.439680477389837e-07 1.0271606074179181e-07 6.418773030401045e-08 0.0 
7.467899847444304e-06 2.5035013673582347e-05 2.442492210289004e-07 1.0277484979561166e-07 6.421974576227662e-08 0.0 
7.507386002153514e-06 2.5202734141397485e-05 2.446051332571057e-07 1.028653972967895e-07 6.42716868544744e-08 0.0 
7.549409027860337e-06 2.53794062053487e-05 2.450384531650237e-07 1.0298872499742927e-07 6.434417061399546e-08 0.0 
7.5940692613454624e-06 2.556543050680893e-05 2.45551182274318e-07 1.0314571645406827e-07 6.443776311052533e-08 0.0 
7.641461074940803e-06 2.5761172363266342e-05 2.4614509779527126e-07 1.0333703357835191e-07 6.455287075005204e-08 0.0 
7.69168100583059e-06 2.5966997345955953e-05 2.468220580752886e-07 1.0356335015872704e-07 6.468990320189563e-08 0.0 
7.744837138316779e-06 2.6183302110201107e-05 2.475844751215467e-07 1.0382557267281153e-07 6.484941490576071e-08 0.0 
7.801044943337037e-06 2.6410509241873804e-05 2.484350038540882e-07 1.04124708224795e-07 6.503202288097674e-08 0.0 
7.860427129122262e-06 2.664906879802816e-05 2.49376911165926e-07 1.0446205051414931e-07 6.523852512925337e-08 0.0 
7.923111127064741e-06 2.689945676730355e-05 2.504131307914471e-07 1.0483872790963577e-07 6.546961513827038e-08 0.0 
7.989238428721957e-06 2.7162205650747444e-05 2.515467121673144e-07 1.0525593991135837e-07 6.572603725521823e-08 0.0 
8.058998022401768e-06 2.7438027913824935e-05 2.5278219005034263e-07 1.0571572655294444e-07 6.600909969379239e-08 0.0 
8.132536907387491e-06 2.7727521215142573e-05 2.5412214986904025e-07 1.0621913952644643e-07 6.631946482991936e-08 0.0 
8.21001905226648e-06 2.8031320934989298e-05 2.555698437718535e-07 1.0676744902970617e-07 6.665792111005062e-08 0.0 
8.291654727188393e-06 2.8350175330082766e-05 2.571316634774125e-07 1.0736330416607318e-07 6.702611824823267e-08 0.0 
8.37769922628082e-06 2.8684946069703943e-05 2.588168769628311e-07 1.0801059990519191e-07 6.742648197407317e-08 0.0 
8.468399072756599e-06 2.9036519795540053e-05 2.606317487278234e-07 1.0871186606768139e-07 6.78605849766867e-08 0.0 
8.564009618826602e-06 2.9405817118417048e-05 2.625828321422291e-07 1.09469737885521e-07 6.833006356893602e-08 0.0 
8.664796854371176e-06 2.9793800430405527e-05 2.64677018778313e-07 1.1028697873358525e-07 6.883663211105913e-08 0.0 
8.771042857657254e-06 3.020149893237679e-05 2.6692150951679246e-07 1.1116647362200112e-07 6.938208043057652e-08 0.0 
8.88305162124472e-06 3.063002294004617e-05 2.6932406983169416e-07 1.1211133912299788e-07 6.996834294885853e-08 0.0 
9.001092733026779e-06 3.108050132923008e-05 2.718883827297463e-07 1.1312304577826742e-07 7.059635317003886e-08 0.0 
9.125387827989077e-06 3.155391585966278e-05 2.7461562294917147e-07 1.142018720733505e-07 7.126628283797269e-08 0.0 
9.256239179283618e-06 3.2051413368695524e-05 2.775121800530762e-07 1.153502019907554e-07 7.197959227671197e-08 0.0 
9.394026254049944e-06 3.257442452290613e-05 2.8058689085932985e-07 1.165715652458043e-07 7.273847528407406e-08 0.0 
9.539159298149044e-06 3.312449444363745e-05 2.8384931719248803e-07 1.1786978141195853e-07 7.354530575370458e-08 0.0 
9.69208241515987e-06 3.3703297824471904e-05 2.873098203075121e-07 1.1924899315092847e-07 7.440265896491805e-08 0.0 
9.853398209560666e-06 3.431296680936898e-05 2.909874061752573e-07 1.2071729247929064e-07 7.53156037127056e-08 0.0 
1.0024237046206028e-05 3.495705336657472e-05 2.9493247161221363e-07 1.2229701834462678e-07 7.629818325687083e-08 0.0 
1.020479936155839e-05 3.5636860370662344e-05 2.9913445644839205e-07 1.239826122597268e-07 7.734685544128427e-08 0.0 
1.0395515786038184e-05 3.6354386384989384e-05 3.0359450411226465e-07 1.2577414695687888e-07 7.846167810258496e-08 0.0 
1.0597087786821598e-05 3.711222621097232e-05 3.0832966188173964e-07 1.2767853675662271e-07 7.964695904256081e-08 0.0 
1.0810263721447315e-05 3.791309603370254e-05 3.133581284716633e-07 1.29703062758519e-07 8.09072179749555e-08 0.0 
1.1035896687536851e-05 3.8760136396810426e-05 3.187018158675702e-07 1.3185662354564094e-07 8.224799396300829e-08 0.0 
1.1274937566881197e-05 3.965676193810773e-05 3.2438613577728557e-07 1.3414949425426072e-07 8.367567116296432e-08 0.0 
1.1528382071103974e-05 4.060670494341666e-05 3.3043545526961944e-07 1.3659154262289317e-07 8.519639598972272e-08 0.0 
1.1797321434654178e-05 4.161404392857579e-05 3.368763859739957e-07 1.391935324537388e-07 8.681687030458591e-08 0.0 
1.2082963370374824e-05 4.268328693791505e-05 3.437385569625251e-07 1.4196747805508518e-07 8.854457799988688e-08 0.0 
1.238727908894484e-05 4.3821604458771155e-05 3.5108007996197443e-07 1.449394304130951e-07 9.039606692210112e-08 0.0 
1.271171268838504e-05 4.503439340060469e-05 3.5893616455800293e-07 1.48123324900832e-07 9.237996037679028e-08 0.0 
1.3057376325837975e-05 4.6325974532894914e-05 3.6732617425450506e-07 1.515252663656123e-07 9.449985042187515e-08 0.0 
1.3426070437590288e-05 4.770308008716921e-05 3.762940480951287e-07 1.5516306229673648e-07 9.676683015778427e-08 0.0 
1.3819813475304913e-05 4.917325366431326e-05 3.8588927695108543e-07 1.5905681745786243e-07 9.919342905522257e-08 0.0 
1.42408546622234e-05 5.0744903498047815e-05 3.9616697385561414e-07 1.632289195523003e-07 1.0179359939357428e-07 0.0 
1.4691706193675188e-05 5.2427423386920485e-05 4.071886528505036e-07 1.6770435510860314e-07 1.0458291310322917e-07 0.0 
1.5175180749311056e-05 5.423133361393347e-05 4.190231355183749e-07 1.725110771066094e-07 1.0757879084691291e-07 0.0 
1.5694430464026897e-05 5.6168438003587496e-05 4.317474452225116e-07 1.7768038750136038e-07 1.1080074310660687e-07 0.0 
1.6253026906626997e-05 5.825216886436448e-05 4.45448563886447e-07 1.8324782837139267e-07 1.1427095735261608e-07 0.0 
1.685504956019401e-05 6.0497811285436306e-05 4.6022674222182737e-07 1.892544272532991e-07 1.1801504980208204e-07 0.0 
1.7505115083814182e-05 6.292265700689345e-05 4.761957040230592e-07 1.9574674032739763e-07 1.22062086260177e-07 0.0 
1.8208418250563197e-05 6.554622295080262e-05 4.934818486040824e-07 2.0277636085921865e-07 1.2644426609491476e-07 0.0 
1.8970850842491937e-05 6.839065110964973e-05 5.122284370309981e-07 2.104017266654228e-07 1.3119805587487423e-07 0.0 
1.979914656864061e-05 7.148123031990257e-05 5.32599430495279e-07 2.1868963911842055e-07 1.3636512545258608e-07 0.0 
2.0701215246183996e-05 7.484745383170538e-05 5.547933385530663e-07 2.2772130850014917e-07 1.4199614670497993e-07 0.0 
2.1685978930671503e-05 7.852282697787864e-05 5.79027841844952e-07 2.3758555022878937e-07 1.4814653979552978e-07 0.0 
2.276369645294149e-05 8.254593752704877e-05 6.055515567828863e-07 2.4838367286624126e-07 1.5487951084884495e-07 0.0 
2.3946249160742742e-05 8.69614978145784e-05 6.346520814889134e-07 2.6023286591849893e-07 1.6226817556229671e-07 0.0 
2.5247450041852323e-05 9.182153757499286e-05 6.666633704711268e-07 2.7326922718852366e-07 1.7039745293877102e-07 0.0 
2.6683424292657352e-05 9.718683183863507e-05 7.019754123942434e-07 2.8765169280038595e-07 1.793665138285187e-07 0.0 
2.8273386924988735e-05 0.00010312883823986514 7.410683907794188e-07 3.0357547883799297e-07 1.8929700168750145e-07 0.0 
3.003975201313266e-05 0.0001097315026551512 7.844906175069939e-07 3.2126364860901076e-07 2.0032800072391164e-07 0.0 
3.200877316640935e-05 0.00011709373356948726 8.328744073565285e-07 3.4097352918058626e-07 2.1262003167770025e-07 0.0 
3.421140859761723e-05 0.0001253325410684734 8.869627241348653e-07 3.630074904487929e-07 2.2636172984370474e-07 0.0 
3.668472530981045e-05 0.00013458787237079692 9.476448221959572e-07 3.8772739654436263e-07 2.4177884444284357e-07 0.0 
3.9473113680304854e-05 0.00014502771614909385 1.0159824512908953e-06 4.155656886593618e-07 2.5914123486368244e-07 0.0 
4.2629802431574334e-05 0.00015685373038234137 1.093247766322e-06 4.4704047657615344e-07 2.7877222090651897e-07 0.0 
4.6219301482676056e-05 0.00017030968517046388 1.18098500029111e-06 4.827799113132084e-07 3.010636614672593e-07 0.0 
5.031989601022069e-05 0.00018569160007647937 1.281064780454584e-06 5.23544806643891e-07 3.2649017883068835e-07 0.0 
5.502694134291256e-05 0.00020336037641350643 1.395760892098693e-06 5.702598652851802e-07 3.556286532655533e-07 0.0 
6.04569806655603e-05 0.00022375742408517002 1.5278462774648888e-06 6.240525485551651e-07 3.891824597481729e-07 0.0 
6.675286589531174e-05 0.00024742420928383077 1.6807118165102117e-06 6.863012432760153e-07 4.2801151744768823e-07 0.0 
7.409043084221579e-05 0.0002750271855101487 1.858536710584916e-06 7.587049979579475e-07 4.731757802960844e-07 0.0 
8.268592378692396e-05 0.0003073861456227872 2.066463173695935e-06 8.433543332732629e-07 5.259793952514438e-07 0.0 
9.280320986552719e-05 0.0003455029804886182 2.3107269036511625e-06 9.427825179441541e-07 5.880027022607038e-07 0.0 
0.00010476427820416313 0.00039059946692520986 2.5989803653809173e-06 1.0601055489180501e-06 6.611902659028052e-07 0.0 
0.00011894601035983126 0.00044410739694247716 2.9401531814185327e-06 1.1989577353142488e-06 7.478099986872871e-07 0.0 
0.00013574201129219082 0.0005075340940782464 3.3432830629154986e-06 1.3629954920814753e-06 8.501424034933169e-07 0.0 
0.0001554813100640421 0.0005821518860392861 3.81577658746485e-06 1.555222069738708e-06 9.700624632684084e-07 0.0 
0.00017815979009835697 0.0006679965836270256 4.356781272819311e-06 1.7752927224371317e-06 1.1073599402387336e-06 0.0 
0.0002028209638744236 0.0007615258739127281 4.942185626114814e-06 2.013354574081883e-06 1.2558891480769626e-06 0.0 
0.00022658129895357775 0.0008519388747336609 5.501448530009774e-06 2.2406693495488626e-06 1.3977252165339733e-06 0.0 
0.00024395207846070595 0.0009185733509381392 5.901991103573086e-06 2.4032753524117794e-06 1.4992080368016143e-06 0.0 
0.0002484760995191934 0.0009369962200884267 5.989793975088503e-06 2.438529770367475e-06 1.5212573580895037e-06 0.0 
0.0002373492627680282 0.0008964095023086843 5.7008564197607215e-06 2.3204663958013552e-06 1.4476657871563892e-06 0.0 
0.00021420928933757626 0.000810290652487557 5.126354142812549e-06 2.086266870191774e-06 1.3016170375199101e-06 0.0 
0.0001859680620456459 0.0007045916325202678 4.434263578028266e-06 1.8043223260596736e-06 1.1257690554331876e-06 0.0 
0.00015814179861644597 0.0006001340672341775 3.7569842614551876e-06 1.5285041570693788e-06 9.537281445739066e-07 0.0 
0.00013340540602169675 0.0005070820963521803 3.157724452317224e-06 1.2845115370584266e-06 8.015292799358395e-07 0.0 
0.00011245039376438211 0.00042812130381109103 2.651974957601726e-06 1.0786257663796067e-06 6.730944086610604e-07 0.0 
9.505938879870167e-05 0.0003624920606573602 2.2336287074308913e-06 9.08344611413032e-07 5.668654084887766e-07 0.0 
8.07259819036262e-05 0.0003083266246917868 1.8898908626226054e-06 7.684495401118518e-07 4.795888664798905e-07 0.0 
6.891754466627601e-05 0.00026364454665015147 1.607537529427621e-06 6.535516837987431e-07 4.0790452124576596e-07 0.0 
5.916298811008757e-05 0.00022668765235271156 1.3749635936306755e-06 5.589230449893394e-07 3.48863848926222e-07 0.0 
5.1070766652394736e-05 0.000195991155016955 1.1825652256191835e-06 4.806507520577744e-07 3.0002638558673446e-07 0.0 
4.432409154349156e-05 0.00017036802585120215 1.0226001496353041e-06 4.1558105621261145e-07 2.5942506670697153e-07 0.0 
3.86693274853227e-05 0.00014886663869676263 8.888885363410307e-07 3.6119718921368926e-07 2.2549009154484855e-07 0.0 
3.3904026564042056e-05 0.00013072648627469383 7.765112708543746e-07 3.1549610204453194e-07 1.9697204796572035e-07 0.0 
2.98665680703457e-05 0.00011533962254453666 6.815522607146988e-07 2.76883295154237e-07 1.7287631006090567e-07 0.0 
2.6427664650123777e-05 0.0001022190527595671 6.008883375889639e-07 2.4408718723444143e-07 1.5240963520714588e-07 0.0 
2.3483417064806145e-05 9.097317285956105e-05 5.320117336316734e-07 2.1608684254909883e-07 1.349351405004598e-07 0.0 
2.095002964156047e-05 8.128588610669086e-05 4.729034949170242e-07 1.9206041281829526e-07 1.1994013047338493e-07 0.0 
1.875967126427661e-05 7.290107408034657e-05 4.2193287373549254e-07 1.7134412192022768e-07 1.0701050550353097e-07 0.0 
1.6857191270150486e-05 6.56102988161338e-05 3.777769837041355e-07 1.533995493863103e-07 9.581035760527203e-08 0.0 
1.5197507473772943e-05 5.924303877144549e-05 3.3935654952617916e-07 1.377874796366047e-07 8.606566537872636e-08 0.0 
1.3743627366437982e-05 5.3659224230980255e-05 3.05788828346201e-07 1.2414880375108638e-07 7.755238419606099e-08 0.0 
1.246503415718925e-05 4.8743177779586324e-05 2.763472243560321e-07 1.1218792666687416e-07 7.008608536041327e-08 0.0 
1.1336342959758287e-05 4.439868883005324e-05 2.5042643385066246e-07 1.0165852710280528e-07 6.351307980508932e-08 0.0 
1.0336402728185331e-05 4.054553390027893e-05 2.2752306578452773e-07 9.2355780635828e-08 5.770556763578575e-08 0.0 
9.447508293655189e-06 3.71165080991186e-05 2.072165463956366e-07 8.410858061460544e-08 5.25567851713467e-08 0.0 
8.654772176977543e-06 3.405506000921933e-05 1.891538983827626e-07 7.677333833889548e-08 4.797713723996023e-08 0.0 
7.945621496824143e-06 3.1313395942021855e-05 1.7303757387430077e-07 7.022902760008463e-08 4.389110569702283e-08 0.0 
7.3093990186974074e-06 2.8850966290346024e-05 1.5861597853869739e-07 6.437332595835784e-08 4.023484124193156e-08 0.0 
6.7370337590991945e-06 2.6633227336477833e-05 1.4567552525148671e-07 5.9119381426394844e-08 3.695414670520559e-08 0.0 
6.220760171894713e-06 2.4630610414162084e-05 1.3403332474488594e-07 5.439283763261338e-08 3.4002624564800176e-08 0.0 
5.754008845201876e-06 2.2818268815916098e-05 1.2353472903966629e-07 5.0131167967939506e-08 3.134130852074832e-08 0.0 
5.331112601849528e-06 2.1174726514049375e-05 1.140466364838658e-07 4.628048710872407e-08 2.8936603804844597e-08 0.0 
4.9469365991065994e-06 1.9680069916418115e-05 1.0544903642652086e-07 4.27914360216062e-08 2.6757625617751515e-08 0.0 
4.597334415834535e-06 1.831844706127867e-05 9.764636006184805e-08 3.962546809693144e-08 2.4780349082548694e-08 0.0 
4.278632451953243e-06 1.707582885307918e-05 9.055330099260271e-08 3.674799538547753e-08 2.298319606001945e-08 0.0 
3.987326638207283e-06 1.5938793961806225e-05 8.408630842953613e-08 3.412463560402151e-08 2.1344665429929637e-08 0.0 
3.7205619582092932e-06 1.4896385965005825e-05 7.817914059500861e-08 3.172843963600342e-08 1.9847933429916077e-08 0.0 
3.475837882854425e-06 1.3939040575437629e-05 7.27737605754909e-08 2.953585375312717e-08 1.847830333139513e-08 0.0 
3.250953841397624e-06 1.3058338115941255e-05 6.781919170770361e-08 2.7526197323477625e-08 1.7222871448702254e-08 0.0 
3.044028529507077e-06 1.2246995172580274e-05 6.327328211978604e-08 2.568236839441103e-08 1.607095765203879e-08 0.0 
2.8533964150582173e-06 1.1498545414070211e-05 5.90987356658545e-08 2.3989191270730873e-08 1.501307913018514e-08 0.0 
2.6775069615749507e-06 1.0807063054619446e-05 5.5259151967531454e-08 2.2431886033919198e-08 1.404001486141217e-08 0.0 
2.5149867234072897e-06 1.0167293423047213e-05 5.172242433847029e-08 2.0997433486797284e-08 1.3143643843292556e-08 0.0 
2.3646074101218226e-06 9.574550332763969e-06 4.845982615613796e-08 1.9674182262043982e-08 1.231669840432277e-08 0.0 
2.225270215095083e-06 9.024634014856443e-06 4.544570347297638e-08 1.8451721833839297e-08 1.1552683656498492e-08 0.0 
2.0959780840925837e-06 8.513750562944132e-06 4.26567913478874e-08 1.7320637402475576e-08 1.0845729139739553e-08 0.0 
1.975827633401504e-06 8.038458445459995e-06 4.007191370605437e-08 1.6272349736744146e-08 1.0190485140837447e-08 0.0 
1.8640426672482553e-06 7.595772398682299e-06 3.7673303551586303e-08 1.529966168405353e-08 9.582461349444393e-09 0.0 
1.759925671401644e-06 7.1829976852621944e-06 3.5445102276285025e-08 1.4396133251525351e-08 9.01763693328511e-09 0.0 
1.6628459607122576e-06 6.797694921438118e-06 3.33729878448983e-08 1.3555944163157779e-08 8.492377276671623e-09 0.0 
1.5722337309219559e-06 6.437658994580086e-06 3.1444039717764367e-08 1.2773844346031422e-08 8.00340381099426e-09 0.0 
1.4875733123330581e-06 6.100893192182882e-06 2.9646582119677834e-08 1.2045090108892276e-08 7.547754164650991e-09 0.0 
1.4083972651821138e-06 5.785586550487149e-06 2.797004699357899e-08 1.1365388341644324e-08 7.122747321137662e-09 0.0 
1.3342812006471095e-06 5.4900939791298015e-06 2.6404853921353292e-08 1.073084762758129e-08 6.725953093285381e-09 0.0 
1.2648412728573675e-06 5.2129230309378395e-06 2.4942414443949928e-08 1.0137978266184522e-08 6.3551915460164755e-09 0.0 
1.1997349611147198e-06 4.952729380158425e-06 2.3575168219438276e-08 9.583702243081232e-09 6.008538553771647e-09 0.0 
1.1386436979956377e-06 4.708273375113226e-06 2.229595867771613e-08 9.065112075500071e-09 5.684178111821031e-09 0.0 
1.0812738288751899e-06 4.478413862840973e-06 2.1098169653204796e-08 8.579520802790543e-09 5.380432198113071e-09 0.0 
1.0273565876565417e-06 4.262105649679485e-06 1.997575524487541e-08 8.124472926585852e-09 5.095767258693652e-09 0.0 
9.766445519838697e-07 4.05838743891995e-06 1.8923147988992464e-08 7.697708379620093e-09 4.828771982843335e-09 0.0 
9.28911839457906e-07 3.866382297111143e-06 1.793527803785495e-08 7.297170245667934e-09 4.5781620176951304e-09 0.0 
8.839556752636762e-07 3.6852981535497e-06 1.700759999247879e-08 6.921013316190146e-09 4.342784916270408e-09 0.0 
8.415871399883389e-07 3.514398903281116e-06 1.6135889653925907e-08 6.567523195542221e-09 4.121569944736956e-09 0.0 
8.016288233099942e-07 3.3529971362326784e-06 1.5316183122819342e-08 6.235093028563646e-09 3.91351378672883e-09 0.0 
7.63913989351805e-07 3.200467492685614e-06 1.4544729464177235e-08 5.92222096927046e-09 3.7176814769215658e-09 0.0 
7.283018093807417e-07 3.056306784835891e-06 1.3818359207707482e-08 5.627668534099801e-09 3.533306483467752e-09 0.0 
6.946417539389898e-07 2.9198879582301477e-06 1.3133736281195057e-08 5.350038203610891e-09 3.3595094626206945e-09 0.0 
6.628092431073897e-07 2.7907066706056964e-06 1.2488178761384577e-08 5.088231700893958e-09 3.1956023832648135e-09 0.0 
6.32689804572466e-07 2.6683153009993455e-06 1.1879184097020349e-08 4.841237047096874e-09 3.040953334011655e-09 0.0 
6.041744010261621e-07 2.5522890094581834e-06 1.1304334897226499e-08 4.6080741583433526e-09 2.8949502515581964e-09 0.0 
5.771624958986465e-07 2.4422355539316445e-06 1.0761415309994358e-08 4.3878450432367144e-09 2.7570323119805095e-09 0.0 
5.51562358122428e-07 2.33779368059257e-06 1.0248451926612646e-08 4.1797500485425e-09 2.6266997450293658e-09 0.0 
5.272898144820784e-07 2.2386366581800566e-06 9.76359394448732e-09 3.983045608050251e-09 2.50348889277165e-09 0.0 
5.042855858124077e-07 2.144556409999298e-06 9.305572547244556e-09 3.7972641070528536e-09 2.387113423201132e-09 0.0 
4.824585237018653e-07 2.05517945155769e-06 8.87234334941415e-09 3.6215406602530804e-09 2.277028695054482e-09 0.0 
4.6172712680998886e-07 1.9701743534367876e-06 8.462088493459506e-09 3.4551169260505155e-09 2.1727585017720308e-09 0.0 
4.420268004786764e-07 1.8892880698379124e-06 8.073389539159189e-09 3.2974185046504536e-09 2.073944103036131e-09 0.0 
4.232973655841063e-07 1.8122846252278504e-06 7.704928589877667e-09 3.147911750375134e-09 1.9802521941722445e-09 0.0 
4.0548271371606916e-07 1.7389437937462086e-06 7.3554802269173815e-09 3.006100499361293e-09 1.8913728647095443e-09 0.0 
3.885304926940688e-07 1.6690598940076881e-06 7.023904167754011e-09 2.8715230911827623e-09 1.807017740256435e-09 0.0 
3.723918194520089e-07 1.6024406880663084e-06 6.709138576263824e-09 2.7437496551882104e-09 1.7269182894770214e-09 0.0 
3.570216003211495e-07 1.538907676407285e-06 6.410219131739545e-09 2.6223892478314094e-09 1.6508301333151992e-09 0.0 
3.4237784621113624e-07 1.4782942171074573e-06 6.126251382349484e-09 2.5070791967833255e-09 1.5785265328925848e-09 0.0 
3.284206976454508e-07 1.4204439955700998e-06 5.856373148203421e-09 2.3974716085714536e-09 1.5097902993936852e-09 0.0 
3.1511342339469474e-07 1.365213814447903e-06 5.599794058627394e-09 2.293249596006431e-09 1.4444238503147468e-09 0.0 
3.024227307008293e-07 1.3124720977289532e-06 5.355817378218825e-09 2.1941340839778823e-09 1.382253052326344e-09 0.0 
2.903185479365835e-07 1.262098941770216e-06 5.1238288693754685e-09 2.0998786457929954e-09 1.3231239682107213e-09 0.0 
2.78770015335108e-07 1.213971958021345e-06 4.903167802032943e-09 2.010214958908875e-09 1.266868805482628e-09 0.0 
2.6774804465067287e-07 1.1679757929417729e-06 4.693211877128692e-09 1.9248903500448506e-09 1.2133295664626464e-09 0.0 
2.572252904275805e-07 1.1240019406552418e-06 4.4933774392321975e-09 1.8436679039788894e-09 1.1623581084763033e-09 0.0 
2.47176029890918e-07 1.0819482131482778e-06 4.3031166346017604e-09 1.7663252225448557e-09 1.1138153537203304e-09 0.0 
2.3757605041542382e-07 1.0417180132835506e-06 4.1219174186279186e-09 1.6926542881780276e-09 1.0675711724818792e-09 0.0 
2.2840058845594978e-07 1.0032129423724952e-06 3.949251767998926e-09 1.6224405473235833e-09 1.0234913912535216e-09 0.0 
2.1962493433828654e-07 9.663359679722158e-07 3.7845775367768245e-09 1.555464316471758e-09 9.814388263388227e-10 0.0 
2.112289240414683e-07 9.310067163020862e-07 3.627469972206615e-09 1.491553558538578e-09 9.41305914544015e-10 0.0 
2.031935445662322e-07 8.971493203871639e-07 3.4775301422091106e-09 1.430546700744209e-09 9.029916269140919e-10 0.0 
1.9550388206916574e-07 8.647037727386997e-07 3.3344919716435384e-09 1.372337075408819e-09 8.664291708238079e-10 0.0 
1.88148415924139e-07 8.33627121157578e-07 3.1981781998964503e-09 1.316857632545184e-09 8.315769716067788e-10 0.0 
1.8110890559822767e-07 8.038386215621967e-07 3.0681843747977467e-09 1.263937250140063e-09 7.983270447927424e-10 0.0 
1.7436847732269472e-07 7.752696734286452e-07 2.944136284861116e-09 1.2134228599069948e-09 7.665835836968016e-10 0.0 
1.679116714969226e-07 7.478598624599476e-07 2.8256928102660224e-09 1.165176884954833e-09 7.36260751374954e-10 0.0 
1.6172373040545612e-07 7.215515774109088e-07 2.7125295153149213e-09 1.1190686617506481e-09 7.07277037189708e-10 0.0 
1.557897596005757e-07 6.96287782339656e-07 2.6043202282683333e-09 1.0749682152539811e-09 6.795515223321521e-10 0.0 
1.5009756473051166e-07 6.720197147147037e-07 2.5008126575966876e-09 1.0327735667240063e-09 6.530204400849074e-10 0.0 
1.4463596853800416e-07 6.487021885229193e-07 2.4017785134645353e-09 9.923920647269565e-10 6.276257900309311e-10 0.0 
1.39394382620594e-07 6.26292373738962e-07 2.30700196397354e-09 9.537361321728953e-10 6.033127475862703e-10 0.0 
1.3436277226707385e-07 6.047496564874643e-07 2.216278873605974e-09 9.167229550104465e-10 5.800294691457955e-10 0.0 
1.2953162365309682e-07 5.840355085515222e-07 2.1294160935449177e-09 8.812741921902745e-10 5.57726910544405e-10 0.0 
1.2489214962831632e-07 5.641139498051378e-07 2.0462379943425118e-09 8.473183708298806e-10 5.363602795594151e-10 0.0 
1.2043964152809927e-07 5.44971431464357e-07 1.966662004402447e-09 8.148289573601722e-10 5.159137989753551e-10 0.0 
1.1616723084937752e-07 5.265817969923006e-07 1.890553999261928e-09 7.837535790679094e-10 4.963548907625742e-10 0.0 
1.1206391519555777e-07 5.088926529183176e-07 1.8176885965529836e-09 7.539927505863325e-10 4.776202335332952e-10 0.0 
1.0812188009766836e-07 4.918720217980812e-07 1.747906089382951e-09 7.254813322635318e-10 4.5966900845880686e-10 0.0 
1.0433392843588048e-07 4.7549098071297234e-07 1.6810598560572035e-09 6.981600515902159e-10 4.424641381214368e-10 0.0 
1.0069322651731453e-07 4.597220334071569e-07 1.6170110683507991e-09 6.719727871893226e-10 4.2597051356457073e-10 0.0 
9.719328342657041e-08 4.4453903131814675e-07 1.555628233305658e-09 6.46866385138671e-10 4.101548799900015e-10 0.0 
9.382793168156559e-08 4.299170978652442e-07 1.4967867577056839e-09 6.227904799278182e-10 3.949857244726844e-10 0.0 
9.059131898122427e-08 4.1583287458359986e-07 1.4403689682544514e-09 5.996978242329728e-10 3.804335249590533e-10 0.0 
8.747801227129254e-08 4.022645710747085e-07 1.3862700001994136e-09 5.775463851959598e-10 3.6647199735090254e-10 0.0 
8.448273473711579e-08 3.891906431490116e-07 1.3343855119744216e-09 5.562938166728469e-10 3.5307460759592354e-10 0.0 
8.160038155221999e-08 3.765903467722394e-07 1.2846126739174187e-09 5.358984543894178e-10 3.402152707886448e-10 0.0 
7.882621473982842e-08 3.644442814486376e-07 1.23685791400115e-09 5.16322350504472e-10 3.2787021094422127e-10 0.0 
7.615572247573895e-08 3.527340368565241e-07 1.1910352648083664e-09 4.975309206640706e-10 3.1601776919532025e-10 0.0 
7.358429854701106e-08 3.414410994824186e-07 1.1470512703131548e-09 4.794866083867572e-10 3.046344738051867e-10 0.0 
7.110781645230392e-08 3.305488062301491e-07 1.1048228815126457e-09 4.621561170003583e-10 2.9369952129868055e-10 0.0 
6.872219694612328e-08 3.2004051895060896e-07 1.0642681268455581e-09 4.4550622674645665e-10 2.831921116589483e-10 0.0 
6.642358448880699e-08 3.0990131161848126e-07 1.025310754634685e-09 4.295067916504094e-10 2.7309349137978914e-10 0.0 
6.420852778914138e-08 3.0011772860122354e-07 9.878843329410888e-10 4.141316075216267e-10 2.6338735513514473e-10 0.0 
6.207475971561856e-08 2.906783681047619e-07 9.51950727950907e-10 3.993639332313961e-10 2.540629407678624e-10 0.0 
6.001925185145844e-08 2.8157049554076266e-07 9.1745071646698e-10 3.851795327580689e-10 2.4510502298256057e-10 0.0 
5.8039040285950416e-08 2.727817240382734e-07 8.84325663341024e-10 3.715544587030836e-10 2.3649857629427355e-10 0.0 
5.613117950959706e-08 2.6429990537987244e-07 8.525172343949981e-10 3.5846498309314934e-10 2.2822872601042552e-10 0.0 
5.429283652618218e-08 2.561133317924869e-07 8.219695328111668e-10 3.458883755424299e-10 2.2028122258339374e-10 0.0 
5.2521279772066743e-08 2.4821077582640825e-07 7.926287584331417e-10 3.3380278917840037e-10 2.126423733875796e-10 0.0 
5.081362500219337e-08 2.4058023177994057e-07 7.644375054367599e-10 3.2218478035602465e-10 2.0529747572030255e-10 0.0 
4.916660458226761e-08 2.3320782594047331e-07 7.373296553573991e-10 3.110071260246315e-10 1.9822944220275063e-10 0.0 
4.757742236432565e-08 2.2608250717817405e-07 7.112502126567812e-10 3.002478532103392e-10 1.9142454687244272e-10 0.0 
4.604323457389575e-08 2.191933194619651e-07 6.861434619618226e-10 2.8988490785478943e-10 1.8486903758268118e-10 0.0 
4.4561896372151806e-08 2.1253132790910242e-07 6.619685746461702e-10 2.7990170614183033e-10 1.7855251018777673e-10 0.0 
4.3131364232348146e-08 2.060880000838499e-07 6.386867882115872e-10 2.702824969341264e-10 1.7246508105164652e-10 0.0 
4.174968340762315e-08 1.9985516617119516e-07 6.162611388422554e-10 2.6101226066914605e-10 1.665973247784067e-10 0.0 
4.041498362689631e-08 1.9382500170216435e-07 5.946563694207737e-10 2.520766718842528e-10 1.6094025076576565e-10 0.0 
3.912560275848029e-08 1.879910181652344e-07 5.738420377713067e-10 2.434638227406331e-10 1.5548644335480438e-10 0.0 
3.788042285081161e-08 1.8235158171829906e-07 5.537992779123503e-10 2.3516863984639935e-10 1.5023306896607894e-10 0.0 
3.6677454044693797e-08 1.7689615104536085e-07 5.344904941518099e-10 2.2717400861340637e-10 1.4516912753836104e-10 0.0 
3.551498864848274e-08 1.7161595196266152e-07 5.158849878033987e-10 2.1946620970805243e-10 1.4028582363968145e-10 0.0 
3.439162612676611e-08 1.6650507221960125e-07 4.979574974518903e-10 2.1203497674433888e-10 1.3557670514247474e-10 0.0 
3.3307005157506696e-08 1.6156123811661327e-07 4.807098560025603e-10 2.0488070107387812e-10 1.3104190297756473e-10 0.0 
3.225993337229335e-08 1.5677961037139866e-07 4.641212593229958e-10 1.979951395648989e-10 1.2667625707342968e-10 0.0 
3.124895214609273e-08 1.5215465928964634e-07 4.4816253576576556e-10 1.913669232760008e-10 1.224727099221947e-10 0.0 
3.0272497010227576e-08 1.4768000309460473e-07 4.32802074279389e-10 1.849832785307707e-10 1.1842327166213717e-10 0.0 
2.9329109188730606e-08 1.4334957862109032e-07 4.180109369376368e-10 1.7883243960722663e-10 1.1452056984441771e-10 0.0 
2.8417199813528e-08 1.3915691323394776e-07 4.037579079978798e-10 1.729018836360611e-10 1.1075677536801217e-10 0.0 
2.7535407157628314e-08 1.3509635197943694e-07 3.9001708490991957e-10 1.671811740045016e-10 1.0712534899643676e-10 0.0 
2.668265113142864e-08 1.311633873130676e-07 3.7676886963053e-10 1.6166244636712785e-10 1.0362136970344429e-10 0.0 
2.5857893555538144e-08 1.2735360270348723e-07 3.6399428082047977e-10 1.5633796489007295e-10 1.0023997550999382e-10 0.0 
2.506013513910222e-08 1.2366261930977314e-07 3.5167481021396997e-10 1.5120001183960496e-10 9.697628528076635e-11 0.0 
2.428841744471205e-08 1.2008633965080492e-07 3.3979299205577027e-10 1.4624145016072411e-10 9.382580926007126e-11 0.0 
2.3541819513671972e-08 1.1662082893026368e-07 3.283321002789672e-10 1.4145545317992473e-10 9.078425393108686e-11 0.0 
2.2819458533092472e-08 1.1326237965978016e-07 3.172762363620675e-10 1.3683562103668925e-10 8.78476043513398e-11 0.0 
2.2120482961575734e-08 1.1000741417904064e-07 3.0661007034539355e-10 1.3237578085611343e-10 8.501198772871037e-11 0.0 
2.1444063660841606e-08 1.0685236284863577e-07 2.9631860466393705e-10 1.2806978931136986e-10 8.227353691509646e-11 0.0 
2.0789483976822175e-08 1.0379403680126921e-07 2.863888352518039e-10 1.2391226664417227e-10 7.962885798268425e-11 0.0 
2.015615854228866e-08 1.008296852335624e-07 2.768100509551398e-10 1.1989870569757497e-10 7.70750971846149e-11 0.0 
1.954331454467729e-08 9.795601888507813e-08 2.6756855963831536e-10 1.1602352118124223e-10 7.460873992031973e-11 0.0 
1.8950189637153868e-08 9.516981604081989e-08 2.586509688189797e-10 1.1228126591691937e-10 7.222635980947374e-11 0.0 
1.8376180703109962e-08 9.246872629517729e-08 2.500468412579358e-10 1.0866790404489511e-10 6.992544201823092e-11 0.0 
1.7820769121323666e-08 8.98507027512887e-08 2.417477002514297e-10 1.0518016400671308e-10 6.770394351068025e-11 0.0 
1.7283351163714024e-08 8.731313333291574e-08 2.337430026462076e-10 1.01813738460858e-10 6.555914965372289e-11 0.0 
1.676330667658371e-08 8.485335173285712e-08 2.2602160788580212e-10 9.856407109980596e-11 6.348819224347603e-11 0.0 
