6.90744889389742e-05 0.00018421712920308579 4.500271377605114e-06 2.205333267880961e-06 1.420222070767273e-06 0.0 
6.80426319368197e-05 0.00018171808757075673 4.4132009725572275e-06 2.160067547899147e-06 1.3906801531759338e-06 0.0 
6.703056451211354e-05 0.00017926433597837042 4.3281219607565285e-06 2.115884328790216e-06 1.3618522534213438e-06 0.0 
6.603814044833763e-05 0.00017685553146495783 4.245010221776888e-06 2.0727714301907893e-06 1.333730555484205e-06 0.0 
6.506492615903977e-05 0.00017449071480524014 4.1638143149448575e-06 2.0306995786740657e-06 1.3062954764427255e-06 0.0 
6.411014376358034e-05 0.00017216821372156773 4.0844509996834356e-06 1.989621190352536e-06 1.2795152416601143e-06 0.0 
6.317360523714544e-05 0.00016988782164335843 4.006874336130593e-06 1.949510429807122e-06 1.2533730711185547e-06 0.0 
6.225491159844684e-05 0.00016764872531278962 3.931030367325912e-06 1.9103361609844035e-06 1.227848157867031e-06 0.0 
6.135365284842396e-05 0.00016545007674229506 3.856865802130474e-06 1.8720676391969312e-06 1.2029199301608397e-06 0.0 
6.046943118457388e-05 0.00016329097338824578 3.7843351262350403e-06 1.834678624829281e-06 1.1785707685333924e-06 0.0 
5.9601897372393097e-05 0.00016117050807917766 3.7134245913218334e-06 1.7981620837424623e-06 1.154795852486923e-06 0.0 
5.875073420357674e-05 0.00015908790040873783 3.6441231678378166e-06 1.7625141722317307e-06 1.13159278946272e-06 0.0 
5.7915678002271334e-05 0.00015704261748000604 3.5763985463903757e-06 1.7277166909413786e-06 1.108949469270425e-06 0.0 
5.709649514930306e-05 0.00015503418198961464 3.5102271283674747e-06 1.693756251742295e-06 1.0868569515789698e-06 0.0 
5.6292542554035244e-05 0.00015306119938945925 3.445528222271222e-06 1.6605868411118474e-06 1.065284632048278e-06 0.0 
5.550332445755699e-05 0.00015112258272381886 3.382240840077957e-06 1.6281738487485414e-06 1.0442094864373949e-06 0.0 
5.4728508385190704e-05 0.00014921757570973657 3.3203275303160986e-06 1.5964961597046872e-06 1.02361743351355e-06 0.0 
5.3967770448027086e-05 0.00014734544079984905 3.2597519492021476e-06 1.5655333122083945e-06 1.0034948336107931e-06 0.0 
5.32210891749812e-05 0.00014550643981194313 3.200488753375625e-06 1.5352717531538822e-06 9.838330525611573e-07 0.0 
5.2489855785074036e-05 0.00014370280823409933 3.142831380516657e-06 1.5058771210551143e-06 9.647409528509542e-07 0.0 
5.177371296202156e-05 0.00014193363456689882 3.0867369085294588e-06 1.4773219253222512e-06 9.461997803971805e-07 0.0 
5.1070537635767026e-05 0.00014019557243992318 3.031792922518389e-06 1.4493787982282582e-06 9.280607693438412e-07 0.0 
5.038001452290627e-05 0.0001384879432325833 2.9779596552318037e-06 1.4220256149379482e-06 9.103092305535733e-07 0.0 
4.9701852536393603e-05 0.00013681003749195793 2.925209790597405e-06 1.3952470816656156e-06 8.929349268891786e-07 0.0 
4.903575381157984e-05 0.00013516111988072686 2.8735164686544495e-06 1.3690281887197882e-06 8.759278162920158e-07 0.0 
4.8381549636878765e-05 0.00013354083430444896 2.8228590347898404e-06 1.343357840085381e-06 8.592806687457673e-07 0.0 
4.7739060366895e-05 0.00013194877413088028 2.7732186678225317e-06 1.3182258055110288e-06 8.429867609073068e-07 0.0 
4.710828052825085e-05 0.00013038487770713697 2.7246007900004017e-06 1.2936359618713785e-06 8.270487823445191e-07 0.0 
4.6489109093912596e-05 0.00012884890082496612 2.6769964828134033e-06 1.2695839560814563e-06 8.114639192625566e-07 0.0 
4.588123533440254e-05 0.00012734009991958596 2.6303759815258417e-06 1.2460529638473224e-06 7.962209011144248e-07 0.0 
4.528435699384346e-05 0.00012585775053427055 2.5847104696499887e-06 1.2230267231653402e-06 7.813088391901086e-07 0.0 
4.469818899482867e-05 0.00012440115724099283 2.539974015861242e-06 1.2004905626993022e-06 7.667178927595581e-07 0.0 
4.412352836629257e-05 0.00012297089223081912 2.4963695895043442e-06 1.178550606149103e-06 7.525164354129172e-07 0.0 
4.356106783127698e-05 0.00012156905592945363 2.4539089148155583e-06 1.157215982371996e-06 7.387116376718813e-07 0.0 
4.3011046570968285e-05 0.00012019785845965426 2.4124751759120347e-06 1.1364326322353206e-06 7.252704128140391e-07 0.0 
4.247233116908943e-05 0.00011885412057937148 2.372003427203758e-06 1.1161591837890102e-06 7.12163645135412e-07 0.0 
4.194325153380704e-05 0.00011753337208105461 2.3323768229860047e-06 1.0963272720534838e-06 6.993451322814255e-07 0.0 
4.1423592885096046e-05 0.00011623517706472149 2.293571421219525e-06 1.0769236573619793e-06 6.868061457366997e-07 0.0 
4.0913262895894005e-05 0.00011495945243162722 2.255570845829012e-06 1.057939536122721e-06 6.745409726835716e-07 0.0 
4.041192427651654e-05 0.00011370532012521157 2.21834900551714e-06 1.039360207373699e-06 6.625397760238401e-07 0.0 
3.9919476188022826e-05 0.0001124725134828372 2.181902823456914e-06 1.0211844762306696e-06 6.508017884103364e-07 0.0 
3.9435907935943264e-05 0.00011126102840592214 2.1462349424668255e-06 1.0034144879795692e-06 6.393284972309038e-07 0.0 
3.896096810432655e-05 0.00011007028096902255 2.1113200279457736e-06 9.860361180809394e-07 6.281105108740517e-07 0.0 
3.849445621433566e-05 0.00010889987365289989 2.0771332620078488e-06 9.69036621820194e-07 6.17139581647279e-07 0.0 
3.803631974539642e-05 0.00010774972498006027 2.0436654855283106e-06 9.524117988364963e-07 6.064131159218086e-07 0.0 
3.75864201312791e-05 0.0001066195057754236 2.0109035944715494e-06 9.361544984244199e-07 5.959263647852296e-07 0.0 
3.714463089033749e-05 0.00010550891321583948 1.978836282823126e-06 9.20258686847314e-07 5.85675332664216e-07 0.0 
3.671076570275043e-05 0.00010441752739479454 1.9474427048640076e-06 9.047127979402123e-07 5.756523606494022e-07 0.0 
3.6284728424735576e-05 0.00010334530366336903 1.9167043885126163e-06 8.895068200064745e-07 5.658509205424604e-07 0.0 
3.5866497378649855e-05 0.0001022923988536335 1.8866093329675232e-06 8.746341284821484e-07 5.562667207812916e-07 0.0 
3.545590680796511e-05 0.0001012583928350514 1.8571414244459384e-06 8.60085599218467e-07 5.468936807440382e-07 0.0 
3.505285412077779e-05 0.00010024292568310655 1.8282968333924473e-06 8.458583471024383e-07 5.377297361605147e-07 0.0 
3.4657281051953985e-05 9.924569984307114e-05 1.800077926228902e-06 8.319525498616457e-07 5.287747834130861e-07 0.0 
3.426903307610828e-05 9.82662875837312e-05 1.772470252805059e-06 8.183598685733846e-07 5.20023241472538e-07 0.0 
3.388796933658434e-05 9.730431822978766e-05 1.745459693502516e-06 8.050721892702507e-07 5.114696869675242e-07 0.0 
3.3513757996830466e-05 9.635900806244632e-05 1.7190136487447966e-06 7.920718983831212e-07 5.031025414271383e-07 0.0 
3.3146235085937314e-05 9.542994582532802e-05 1.6931181998373539e-06 7.793521408839577e-07 4.949174036344901e-07 0.0 
3.278526470062605e-05 9.451685795170884e-05 1.667758080315597e-06 7.669050747719348e-07 4.869091817683692e-07 0.0 
3.2430576099552773e-05 9.361942107460728e-05 1.642896429818471e-06 7.54712714044922e-07 4.790664027236903e-07 0.0 
3.208205700617798e-05 9.2737404246547e-05 1.6185209389992833e-06 7.427685388558852e-07 4.71384801627939e-07 0.0 
3.173960579199465e-05 9.187056211558943e-05 1.5946217140576602e-06 7.310671359494452e-07 4.638607993440492e-07 0.0 
3.140312390796438e-05 9.101865476672134e-05 1.5711891397622297e-06 7.196032471098097e-07 4.5649092008460894e-07 0.0 
3.107252380358246e-05 9.018145780631057e-05 1.5482143852948977e-06 7.083720091919591e-07 4.492719467223911e-07 0.0 
3.0747713151321615e-05 8.935874440220206e-05 1.525688391944719e-06 6.973684718153048e-07 4.422006085167435e-07 0.0 
3.0428598986912137e-05 8.85502901053129e-05 1.5036021280955766e-06 6.86587718044178e-07 4.3527365917987755e-07 0.0 
3.0115170932014306e-05 8.775610308056541e-05 1.4819515185692306e-06 6.760277510345664e-07 4.2848983773396415e-07 0.0 
2.980743104150686e-05 8.697626323018296e-05 1.4607311096926817e-06 6.656862258996531e-07 4.2184775061094223e-07 0.0 
2.9505105645418808e-05 8.621011551103444e-05 1.4399175475948664e-06 6.555507898078937e-07 4.153393073835065e-07 0.0 
2.920817781415591e-05 8.545780079679345e-05 1.4195017117656122e-06 6.456169001468451e-07 4.089616456108389e-07 0.0 
2.8917659680866568e-05 8.47227025013125e-05 1.3995185921238673e-06 6.359065613886424e-07 4.0273022583071176e-07 0.0 
2.86346449490341e-05 8.400700210914536e-05 1.380116166350064e-06 6.26497809687313e-07 3.966954605309613e-07 0.0 
2.8358137436946808e-05 8.3307687484588e-05 1.3612375621409546e-06 6.173565309969774e-07 3.9083412116660294e-07 0.0 
2.8086534989606152e-05 8.26209427240505e-05 1.3427154192286466e-06 6.08394071019565e-07 3.850885026243227e-07 0.0 
2.781990221015972e-05 8.194664048548938e-05 1.3245594376067715e-06 5.996140998075395e-07 3.7946078742730746e-07 0.0 
2.755811753989302e-05 8.128450316377374e-05 1.306758354970338e-06 5.910106719721264e-07 3.7394707433911357e-07 0.0 
2.730104917218458e-05 8.063423919534967e-05 1.2892998784127901e-06 5.825773813730034e-07 3.68543174021424e-07 0.0 
2.7048576669095057e-05 7.999557267001125e-05 1.272172866771393e-06 5.743083891478828e-07 3.632452639896189e-07 0.0 
2.6800552566578357e-05 7.936824337945226e-05 1.255363758220162e-06 5.661968315138351e-07 3.580488896960697e-07 0.0 
2.6556824530575192e-05 7.875211418336014e-05 1.2388606055719476e-06 5.582370205212851e-07 3.529504103099627e-07 0.0 
2.631732444036266e-05 7.814699327703706e-05 1.2226611076298122e-06 5.504276543286956e-07 3.47948929252409e-07 0.0 
2.6081968186651053e-05 7.755265180131414e-05 1.2067586055665815e-06 5.427650955902432e-07 3.430420374533357e-07 0.0 
2.585065463003318e-05 7.69688356120982e-05 1.1911456014014306e-06 5.352453945129276e-07 3.382271358973765e-07 0.0 
2.562337718862741e-05 7.639554622418611e-05 1.1758198020447575e-06 5.278676006896164e-07 3.3350365890486703e-07 0.0 
2.5400363557435927e-05 7.583341305028597e-05 1.1607949323108827e-06 5.20639884585648e-07 3.2887715307354254e-07 0.0 
2.5181592865769083e-05 7.528239326799775e-05 1.146067618545617e-06 5.135604918466358e-07 3.2434647672802804e-07 0.0 
2.496700091945541e-05 7.474233092406853e-05 1.1316312539221377e-06 5.066258320946614e-07 3.19909261803166e-07 0.0 
2.475652629686425e-05 7.421307381637227e-05 1.117479435116288e-06 4.998324256324226e-07 3.155632136189251e-07 0.0 
2.455010885716981e-05 7.369447334771996e-05 1.1036059128251862e-06 4.931768795045677e-07 3.1130609515879625e-07 0.0 
2.434768898974479e-05 7.318638523408881e-05 1.0900045619897706e-06 4.866558732153057e-07 3.071357177202679e-07 0.0 
2.414922559330754e-05 7.268874713644546e-05 1.0766697334742419e-06 4.802663998320365e-07 3.030501186672053e-07 0.0 
2.3955011196403688e-05 7.22020899830423e-05 1.0636410590207056e-06 4.740279696427127e-07 2.9906173124478523e-07 0.0 
2.376577173575839e-05 7.172759839538426e-05 1.0510178055605718e-06 4.679887295569106e-07 2.952011364664903e-07 0.0 
2.3580633906947416e-05 7.126381742227535e-05 1.0386791352531291e-06 4.6208917280165876e-07 2.9143037122624735e-07 0.0 
2.3399389618181445e-05 7.081041935040211e-05 1.0265970085505456e-06 4.5631589626340913e-07 2.8774093267943435e-07 0.0 
2.3221966067353593e-05 7.036722124995108e-05 1.014765322328014e-06 4.5066553971027843e-07 2.8413059658046504e-07 0.0 
2.304812639174419e-05 6.993359912220912e-05 1.0031668241551317e-06 4.451290411496273e-07 2.8059343808497046e-07 0.0 
2.2877762465789234e-05 6.950929440781974e-05 9.917920772862977e-07 4.3970147664664206e-07 2.7712624594032545e-07 0.0 
2.2710762191596012e-05 6.909406948248549e-05 9.806322349704806e-07 4.3437830862866474e-07 2.7372606466600937e-07 0.0 
2.2547071433963097e-05 6.868787257476491e-05 9.696812062046978e-07 4.291563891603538e-07 2.70390853638616e-07 0.0 
2.2386735522943874e-05 6.829088170276864e-05 9.589402886008554e-07 4.240367379913029e-07 2.6712134930237355e-07 0.0 
2.2229759759083534e-05 6.790313626817414e-05 9.484083911027658e-07 4.190188583182936e-07 2.6391724588652116e-07 0.0 
2.2076154365275072e-05 6.752466080349956e-05 9.380842453243703e-07 4.141019114812029e-07 2.6077797711176854e-07 0.0 
2.192608154191938e-05 6.715586882271565e-05 9.279787614510777e-07 4.09291262369642e-07 2.577070082684162e-07 0.0 
2.17801241405438e-05 6.679895101573905e-05 9.181115760573052e-07 4.045984685179933e-07 2.5471226881856973e-07 0.0 
2.163843259362576e-05 6.645457755002893e-05 9.084840181057456e-07 4.000246090175747e-07 2.5179454843444806e-07 0.0 
2.150064216811584e-05 6.612137050001112e-05 8.99085213174873e-07 3.955628516856371e-07 2.4894906720577333e-07 0.0 
2.1366321025818625e-05 6.579776579525815e-05 8.898996921763447e-07 3.9120415103077565e-07 2.461697024309811e-07 0.0 
2.1235412954766207e-05 6.548363977330766e-05 8.80922574408919e-07 3.869458939989108e-07 2.4345473842193507e-07 0.0 
2.1107874604570458e-05 6.517889935107281e-05 8.721494727028103e-07 3.82785740652794e-07 2.408026405374634e-07 0.0 
2.098366168432237e-05 6.488344915451468e-05 8.635759349772665e-07 3.787213201678117e-07 2.3821185471994372e-07 0.0 
2.0862583076931092e-05 6.459681023780638e-05 8.551870855854546e-07 3.747449474023044e-07 2.35677387189347e-07 0.0 
2.0744502695856824e-05 6.431864510972656e-05 8.469721348374384e-07 3.708510291268548e-07 2.331955988192932e-07 0.0 
2.0629369807015622e-05 6.404883851434529e-05 8.389264216723787e-07 3.6703710154766805e-07 2.3076487676099286e-07 0.0 
2.051713515388242e-05 6.378727904067158e-05 8.310453997973075e-07 3.6330076078431157e-07 2.28383647339509e-07 0.0 
2.040774791904759e-05 6.353385405407829e-05 8.233243418148204e-07 3.596395340597682e-07 2.2605029598614654e-07 0.0 
2.0301123791034516e-05 6.32883961190489e-05 8.15755184155386e-07 3.560494986874115e-07 2.2376230804243484e-07 0.0 
2.0197200200502565e-05 6.3050774469476e-05 8.083318380291597e-07 3.525275711891923e-07 2.2151768795954387e-07 0.0 
2.0095925618747234e-05 6.282087783286548e-05 8.010492564793904e-07 3.490711263562208e-07 2.1931472605520202e-07 0.0 
1.999783057198448e-05 6.259998429511276e-05 7.939531230457344e-07 3.4570344053205296e-07 2.1716843570252989e-07 0.0 
1.990356971161262e-05 6.238964528895277e-05 7.870990844608405e-07 3.424519147765544e-07 2.1509635552103943e-07 0.0 
1.9812362784945473e-05 6.218804916307206e-05 7.804156191593131e-07 3.3928039204148047e-07 2.1307524281953114e-07 0.0 
1.9724183205077803e-05 6.199516595109438e-05 7.738978355308156e-07 3.3618637033569425e-07 2.1110349386912827e-07 0.0 
1.963907097692106e-05 6.181111410594099e-05 7.675467982943889e-07 3.331701335602868e-07 2.0918126041806647e-07 0.0 
1.955714607387185e-05 6.16362681409845e-05 7.61366795500435e-07 3.3023384887155613e-07 2.073099674385743e-07 0.0 
1.947854004866279e-05 6.147104588578254e-05 7.553624531721907e-07 3.27379898369325e-07 2.054911881713884e-07 0.0 
1.940327746797028e-05 6.1315537458475e-05 7.495331152151953e-07 3.2460768722072987e-07 2.0372450294558205e-07 0.0 
1.9331297963191763e-05 6.116970259941979e-05 7.438700308146443e-07 3.2191305582519926e-07 2.0200726743742434e-07 0.0 
1.9262466446322993e-05 6.10334122277751e-05 7.383574110659454e-07 3.192888049992094e-07 2.0033495108317213e-07 0.0 
1.919673345634732e-05 6.090661213732857e-05 7.32991410262823e-07 3.1673299417586263e-07 1.9870629462366545e-07 0.0 
1.9134083134358606e-05 6.07892965357474e-05 7.277714846390175e-07 3.1424518008998596e-07 1.9712098018737114e-07 0.0 
1.9074545274977244e-05 6.0681569965479995e-05 7.226984133887507e-07 3.1182551898277945e-07 1.95579074232064e-07 0.0 
1.901812927364513e-05 6.058351161005432e-05 7.177705647663181e-07 3.0947307263929653e-07 1.9407995575112984e-07 0.0 
1.8964793430195128e-05 6.049502121820275e-05 7.129844023545361e-07 3.071858549617729e-07 1.9262230797730777e-07 0.0 
1.8914459670699967e-05 6.041587704255313e-05 7.083350653095756e-07 3.049611562292973e-07 1.9120433475967014e-07 0.0 
1.8867131585665857e-05 6.034614077003785e-05 7.038207962246385e-07 3.027979570052039e-07 1.8982535997121576e-07 0.0 
1.8822825251502883e-05 6.028590769618539e-05 6.994401482031711e-07 3.0069541721576183e-07 1.8848483198690332e-07 0.0 
1.8781817838280797e-05 6.0236634893736465e-05 6.951966677510743e-07 2.986561239781429e-07 1.871846296904147e-07 0.0 
1.874422577957921e-05 6.0198833233331936e-05 6.910928681882517e-07 2.9668147053431147e-07 1.859256773689829e-07 0.0 
1.8709962009338008e-05 6.017199575018135e-05 6.871262235718031e-07 2.947696719793349e-07 1.8470671260441693e-07 0.0 
1.867888870841487e-05 6.015541092849734e-05 6.83293185768219e-07 2.9291829858715617e-07 1.835260432640876e-07 0.0 
1.865110754596891e-05 6.01494165840794e-05 6.795984191361006e-07 2.9112977027923987e-07 1.8238525349766465e-07 0.0 
1.8626670832521068e-05 6.015422473233489e-05 6.760421451561342e-07 2.8940414223931796e-07 1.812843823586997e-07 0.0 
1.8605611099356176e-05 6.0169985983475475e-05 6.726235802487788e-07 2.8774087290379807e-07 1.8022306530822315e-07 0.0 
1.8587963849722495e-05 6.0196861439244974e-05 6.693420351238363e-07 2.8613946307661604e-07 1.7920096475534636e-07 0.0 
1.8573748790802343e-05 6.023497576054831e-05 6.661955855159187e-07 2.8459888708323907e-07 1.7821741826971273e-07 0.0 
1.8563746636617053e-05 6.02860825586178e-05 6.632529847857349e-07 2.831514735701993e-07 1.7729287797535807e-07 0.0 
1.8558086221200387e-05 6.0350536383102766e-05 6.605196036748321e-07 2.817989805575613e-07 1.7642835771146362e-07 0.0 
1.8556040997580293e-05 6.0426912344510596e-05 6.579247026934551e-07 2.8050846140323357e-07 1.7560306334589544e-07 0.0 
1.8557638275384367e-05 6.051536530989753e-05 6.554664079236163e-07 2.7927885463945023e-07 1.7481630348652223e-07 0.0 
1.8562944544716523e-05 6.0616164505179204e-05 6.53145628370741e-07 2.7811038279920497e-07 1.7406819669021088e-07 0.0 
1.857202811186184e-05 6.072958163050665e-05 6.509632182259382e-07 2.770032372133619e-07 1.7335884059412057e-07 0.0 
1.8584881793878733e-05 6.085566087133433e-05 6.489163505696242e-07 2.7595580459193793e-07 1.7268716833183338e-07 0.0 
1.8601443869365247e-05 6.099427260868139e-05 6.469994573835309e-07 2.749650420399615e-07 1.7205118146492408e-07 0.0 
1.862177382430339e-05 6.114566451638397e-05 6.452126179038558e-07 2.7403073684349547e-07 1.714507145290926e-07 0.0 
1.8646097884448513e-05 6.131037264220981e-05 6.43568976757356e-07 2.7315835642508794e-07 1.7088914580707307e-07 0.0 
1.8674657442470647e-05 6.148906495193473e-05 6.420803086655346e-07 2.723529199484985e-07 1.7036961146566084e-07 0.0 
1.8707542280794185e-05 6.168219377503126e-05 6.407454121060497e-07 2.716138471131342e-07 1.6989176519743982e-07 0.0 
1.874481678822079e-05 6.189010108685956e-05 6.395624727372895e-07 2.7094013156736333e-07 1.6945495838593226e-07 0.0 
1.878655460893466e-05 6.211316401333131e-05 6.38529791719186e-07 2.7033081856515983e-07 1.6905857584605603e-07 0.0 
1.8832807741723692e-05 6.23517321641466e-05 6.376444372044315e-07 2.697844511612342e-07 1.6870169230687926e-07 0.0 
1.888359380366373e-05 6.260610054317901e-05 6.369024210452654e-07 2.6929919602161623e-07 1.6838315450180083e-07 0.0 
1.89390644107153e-05 6.287686239050673e-05 6.363066850022531e-07 2.68876241966038e-07 1.6810370953018575e-07 0.0 
1.899947032195005e-05 6.316496608666482e-05 6.35863467969373e-07 2.68518582819451e-07 1.6786530949675948e-07 0.0 
1.9065191897517934e-05 6.347165370708859e-05 6.355887138570236e-07 2.6823383860934233e-07 1.6767283902717413e-07 0.0 
1.9137603727391637e-05 6.380091872193206e-05 6.355581493478554e-07 2.6805879950365534e-07 1.6754987940187518e-07 0.0 
1.9216053328301678e-05 6.415098568209767e-05 6.357303346867695e-07 2.679719241588712e-07 1.67482429952276e-07 0.0 
1.9300305295420077e-05 6.452137204589394e-05 6.360847115595761e-07 2.679628875801515e-07 1.674638516929986e-07 0.0 
1.9390629368865243e-05 6.49133829662096e-05 6.36626680786342e-07 2.6803421767532645e-07 1.6749579327851248e-07 0.0 
1.948724161374518e-05 6.532805343224743e-05 6.373603933357695e-07 2.68187625798016e-07 1.6757933657493475e-07 0.0 
1.9590279449406517e-05 6.576571453465255e-05 6.382891347123293e-07 2.6842390655552735e-07 1.677148751646344e-07 0.0 
1.9699937167375193e-05 6.622673453585072e-05 6.394198689099142e-07 2.6874572617672366e-07 1.6790401917616552e-07 0.0 
1.9816476593215056e-05 6.671215889646586e-05 6.407578188341668e-07 2.6915539027363385e-07 1.681482457499508e-07 0.0 
1.994014398845498e-05 6.72229409005944e-05 6.423076220574832e-07 2.6965462608315495e-07 1.6844861538918888e-07 0.0 
2.0071191263735442e-05 6.77600344944767e-05 6.440741278769362e-07 2.7024519183431125e-07 1.6880619711263877e-07 0.0 
2.020990046152485e-05 6.83244747372703e-05 6.460636303467581e-07 2.709294529509458e-07 1.6922243771266533e-07 0.0 
2.035657289947712e-05 6.891736435305519e-05 6.48283057394395e-07 2.717100374386661e-07 1.6969894728112858e-07 0.0 
2.05115287807273e-05 6.953987775106756e-05 6.507409338708482e-07 2.7259032116414083e-07 1.7023780817751906e-07 0.0 
2.0675100633346445e-05 7.019325700817074e-05 6.534449152605213e-07 2.7357324856893113e-07 1.708408300353683e-07 0.0 
2.0847657674948988e-05 7.08788916685184e-05 6.564029589691457e-07 2.7466194970952104e-07 1.7150995520444522e-07 0.0 
2.102969306437383e-05 7.159864088755494e-05 6.596268982970472e-07 2.7586174798726917e-07 1.7224859742581335e-07 0.0 
2.1221590391466745e-05 7.235406423596375e-05 6.6312347983578e-07 2.7717538775835997e-07 1.730584851478963e-07 0.0 
2.1423777526920193e-05 7.31468197179306e-05 6.669011899608727e-07 2.7860618356272417e-07 1.7394167579604918e-07 0.0 
2.163680316384661e-05 7.397885988500878e-05 6.709767076540754e-07 2.801610481493387e-07 1.749024742453881e-07 0.0 
2.186133348396355e-05 7.485243323514457e-05 6.753742174000505e-07 2.8185014531473134e-07 1.7594721035838014e-07 0.0 
2.209801178157195e-05 7.576985343096541e-05 6.801100662069234e-07 2.83680076543476e-07 1.7707998801608754e-07 0.0 
2.234750438995582e-05 7.673352277646097e-05 6.852013548800188e-07 2.8565771838766105e-07 1.7830507712367308e-07 0.0 
2.2610505401051412e-05 7.774595260241907e-05 6.90666066752876e-07 2.877902817840893e-07 1.79626951248385e-07 0.0 
2.2887750888916248e-05 7.880982857501868e-05 6.965229922893808e-07 2.900852950727961e-07 1.8105028088688882e-07 0.0 
2.3180034112242123e-05 7.992804802698436e-05 7.027923952412842e-07 2.92550890847586e-07 1.8258011384879636e-07 0.0 
2.348805855186274e-05 8.110355672302057e-05 7.094838862947814e-07 2.951909064391474e-07 1.842188860827638e-07 0.0 
2.381240255706021e-05 8.233891653320278e-05 7.166005308910327e-07 2.980060685464354e-07 1.8596704574879263e-07 0.0 
2.4153854899787416e-05 8.363712009227645e-05 7.241590023870205e-07 3.010025980942195e-07 1.8782840351497016e-07 0.0 
2.451340578719542e-05 8.500190067811597e-05 7.321823601713868e-07 3.0418970575976146e-07 1.8980868402530555e-07 0.0 
2.4892125742507266e-05 8.643729023458063e-05 7.406955555141251e-07 3.075773585957022e-07 1.9191408187801012e-07 0.0 
2.5291173639559175e-05 8.794765882007162e-05 7.497256257728564e-07 3.111763667429553e-07 1.9415131718064408e-07 0.0 
2.571212195512575e-05 8.953857019486219e-05 7.593221664099916e-07 3.150078460554271e-07 1.9653361678877618e-07 0.0 
2.6157920339508024e-05 9.121929310449378e-05 7.696166862780247e-07 3.1913008928982485e-07 1.9909762613183432e-07 0.0 
2.662909182513165e-05 9.299322735776393e-05 7.805816289570465e-07 3.2352859175467174e-07 2.0183410206867648e-07 0.0 
2.712676012806413e-05 9.486558814071196e-05 7.922199781864413e-07 3.2820354324250667e-07 2.0474319552213002e-07 0.0 
2.7652755704072902e-05 9.684314650318812e-05 8.045762182831183e-07 3.3317298644775537e-07 2.0783614756076505e-07 0.0 
2.8209031367800373e-05 9.89329902417918e-05 8.176978382012039e-07 3.384559211627624e-07 2.1112475223050523e-07 0.0 
2.8797813249726312e-05 0.00010114331450291945 8.316420165538363e-07 3.440755679504592e-07 2.146234635366074e-07 0.0 
2.9421582644938493e-05 0.00010348302967281358 8.464750643655789e-07 3.500587394445499e-07 2.1834894072702525e-07 0.0 
3.0082937830513874e-05 0.00010596187502986241 8.622605667094806e-07 3.5643118518754964e-07 2.223172226714064e-07 0.0 
3.078472634723364e-05 0.00010859049332841369 8.790679657664628e-07 3.632209929709987e-07 2.265457976587124e-07 0.0 
3.153009968245737e-05 0.00011138064816343507 8.969745776359385e-07 3.704595137413756e-07 2.3105419466242637e-07 0.0 
3.232420164629984e-05 0.00011435105068827266 9.161320429776968e-07 3.7821472669925967e-07 2.358855947493883e-07 0.0 
3.317080056554912e-05 0.00011751578396252462 9.366322400596408e-07 3.865229957471414e-07 2.4106250015481944e-07 0.0 
3.407279857807423e-05 0.00012088612289353042 9.585256973150085e-07 3.954002512854142e-07 2.465942842369638e-07 0.0 
3.503489386377111e-05 0.00012447963502036457 9.81927072248234e-07 4.0489296137787454e-07 2.5250989408037206e-07 0.0 
3.606235350656488e-05 0.00012831600512403638 1.006965509677092e-06 4.1505358875099015e-07 2.5884202493108354e-07 0.0 
3.7161046781304835e-05 0.00013241717421679926 1.033784825268199e-06 4.259405533879545e-07 2.6562708480808435e-07 0.0 
3.8337529179945275e-05 0.00013680765511024802 1.062545537911668e-06 4.3761905682185816e-07 2.7290570815694734e-07 0.0 
3.9599140298498044e-05 0.00014151490014050082 1.0934272352875929e-06 4.501620414438735e-07 2.807233536301098e-07 0.0 
4.095410553038972e-05 0.00014656971100344437 1.1266309073557845e-06 4.6365118868698175e-07 2.891309331953466e-07 0.0 
4.241174476818045e-05 0.00015200713887091556 1.1623835306149297e-06 4.781792444484273e-07 2.9818634433434145e-07 0.0 
4.398270329021037e-05 0.0001578670696856651 1.2009467060344717e-06 4.938532687497328e-07 3.0795643173206033e-07 0.0 
4.5679028118118586e-05 0.0001641946256807101 1.2426171921548457e-06 5.107947484282975e-07 3.18517041661172e-07 0.0 
4.7514274843185584e-05 0.00017104073562901727 1.2877248238721919e-06 5.29138314431452e-07 3.299521973245999e-07 0.0 
4.9503817878928656e-05 0.0001784631783393817 1.3366434362761548e-06 5.490364583399492e-07 3.4235705704626946e-07 0.0 
5.166522861994383e-05 0.00018652794420755616 1.3898008807598705e-06 5.706634961610856e-07 3.55840356950239e-07 0.0 
5.40191474767286e-05 0.00019531199490995302 1.4477151615497163e-06 5.942313434826377e-07 3.7053432365027316e-07 0.0 
5.658885626287651e-05 0.0002049027615221567 1.51095430919304e-06 6.199717612479058e-07 3.8658357425934095e-07 0.0 
5.940112506359283e-05 0.00021540093757058273 1.5801670801257555e-06 6.481491108521442e-07 4.0415304310260703e-07 0.0 
6.248695786915709e-05 0.0002269231984392253 1.6561039522876385e-06 6.790691944973846e-07 4.2343352321285715e-07 0.0 
6.588239922163831e-05 0.00023960531402705216 1.7396363690992114e-06 7.130871549712361e-07 4.446466079644849e-07 0.0 
6.96295272962242e-05 0.0002536058747978582 1.8317819932891205e-06 7.506177309169837e-07 4.680510804637673e-07 0.0 
7.377848304094693e-05 0.00026911134712296155 1.933793848128541e-06 7.921703323523953e-07 4.939643653502263e-07 0.0 
7.838775525320409e-05 0.00028634078503503947 2.047102735624759e-06 8.383270357193724e-07 5.227493983387279e-07 0.0 
8.352585187210957e-05 0.0003055522870067683 2.1733586606167384e-06 8.897593276250799e-07 5.548250530761287e-07 0.0 
8.927355734644495e-05 0.0003270511870485014 2.3145003629791433e-06 9.472562324728852e-07 5.906835672252886e-07 0.0 
9.572759681435748e-05 0.0003512026728729079 2.472848323008384e-06 1.0117620229352888e-06 6.309140260313256e-07 0.0 
0.00010300380552079535 0.00037844510545414426 2.651173142125943e-06 1.0844051402294576e-06 6.762206187862956e-07 0.0 
0.00011124108208475914 0.0004093047047255182 2.8527944671479415e-06 1.166537574970909e-06 7.274470379868336e-07 0.0 
0.0001206077630405924 0.00044441758082943464 3.0817419238365626e-06 1.2597984667995552e-06 7.856158266690019e-07 0.0 
0.00013130813100891906 0.0004845561871818189 3.3428968531388847e-06 1.3661731344967813e-06 8.519654962386603e-07 0.0 
0.00014359101261671268 0.0005306622840139429 3.642192623760493e-06 1.4880745597086656e-06 9.280013969828934e-07 0.0 
0.00015776052351190574 0.0005838877161039049 3.98686513823678e-06 1.6284448160522345e-06 1.0155589630115044e-06 0.0 
0.00017418943112326894 0.0006456454218589906 4.385762787461558e-06 1.7908807590811981e-06 1.116882125410831e-06 0.0 
0.00019333656805572286 0.0007176744899998553 4.8497910613488075e-06 1.979816000588489e-06 1.2347367994708489e-06 0.0 
0.00021576622715996122 0.0008021141433115329 5.39236839999945e-06 2.2007056862337803e-06 1.3725261142360156e-06 0.0 
0.00024216695592128677 0.0009015787834052111 6.029766653906286e-06 2.460160298303975e-06 1.534373915366688e-06 0.0 
0.00027337897448541967 0.0010192565971243637 6.7819546812602634e-06 2.7663109294252074e-06 1.7253544808469657e-06 0.0 
0.0003103857430099735 0.0011588837991220859 7.672234041453093e-06 3.1286411909679496e-06 1.9513858545626812e-06 0.0 
0.0003542143608275511 0.0013243937011154243 8.7241883476079e-06 3.556692378745148e-06 2.2184189345594814e-06 0.0 
0.0004057234185694823 0.0015191064008480784 9.957144822911228e-06 4.058301377247159e-06 2.531346427818743e-06 0.0 
0.00046490217416198486 0.001743115345440935 1.1368878942682337e-05 4.632568583401033e-06 2.8896197257117234e-06 0.0 
0.0005292547045480522 0.0019871769845888343 1.2896472550985975e-05 5.253783237692959e-06 3.2772018597747906e-06 0.0 
0.0005912565256717613 0.0022231067677961213 1.4355850897836161e-05 5.846953746455899e-06 3.6473184644466407e-06 0.0 
0.0006365850094743868 0.002396987264874078 1.540105370814042e-05 6.271268819015345e-06 3.912134581239718e-06 0.0 
0.000648390295195055 0.0024450611423609218 1.5630172443869986e-05 6.363264075337612e-06 3.969671567558996e-06 0.0 
0.0006193551768088783 0.0023391514231841997 1.4876199296535365e-05 6.055181541706496e-06 3.7776367582009935e-06 0.0 
0.0005589721692181722 0.0021144270872604292 1.3377054301658767e-05 5.444045501506344e-06 3.3965272990904157e-06 0.0 
0.0004852776056930755 0.0018386089345647208 1.1571066496511624e-05 4.708320389303642e-06 2.937657712698433e-06 0.0 
0.00041266587686303373 0.001566030317457233 9.803728161548743e-06 3.988581853654413e-06 2.4887225547756965e-06 0.0 
0.0003481170654175635 0.0013232142277592386 8.239979192141394e-06 3.3518910523240547e-06 2.091564570720148e-06 0.0 
0.0002934356428999554 0.0011171686093532011 6.9202423449843875e-06 2.8146388341621697e-06 1.7564179539617018e-06 0.0 
0.00024805438142146396 0.0009459112352064842 5.828581419982384e-06 2.3702957019712846e-06 1.479216835168938e-06 0.0 
0.00021065182260058675 0.0008045682928347811 4.931608700689754e-06 2.005244066209032e-06 1.2514715391575833e-06 0.0 
0.00017983808992797458 0.0006879718643356017 4.194816866731246e-06 1.705421849439321e-06 1.0644135731916134e-06 0.0 
0.0001543838920505835 0.0005915340514055967 3.587922750243361e-06 1.4584914960964416e-06 9.10348860215763e-07 0.0 
0.00013326750351305374 0.0005114325406063735 3.08586547040272e-06 1.2542424950146654e-06 7.829090890162712e-07 0.0 
0.00011566227438272045 0.0004445698189371606 2.6684418105868032e-06 1.0844452413595359e-06 6.769612687442272e-07 0.0 
0.0001009063516037119 0.00038846264890693693 2.319525707256772e-06 9.425323103150118e-07 5.884090554513497e-07 0.0 
8.847145393338773e-05 0.0003411265115215385 2.026280890217628e-06 8.232768106605834e-07 5.139921488336251e-07 0.0 
7.793583739066535e-05 0.00030097499137361316 1.7784884436401298e-06 7.225179477101688e-07 4.511151049518307e-07 0.0 
6.896213083257147e-05 0.0002667372915205271 1.5679985614007857e-06 6.36937571422418e-07 3.977079829961613e-07 0.0 
6.12792125773935e-05 0.00023739153391163565 1.3882673049205197e-06 5.638715832198369e-07 3.5210885775563754e-07 0.0 
5.466842054395361e-05 0.00021211287439674956 1.2340262796355471e-06 5.011753967625335e-07 3.129798670932706e-07 0.0 
4.895275164228394e-05 0.00019023298029250185 1.1010201024695392e-06 4.4711690986284224e-07 2.792404315210485e-07 0.0 
4.398829201264115e-05 0.00017120793951428987 9.857967444587198e-07 4.0029113183054933e-07 2.500140100823962e-07 0.0 
3.9657401159372e-05 0.00015459278164619796 8.855398718405023e-07 3.595519439038026e-07 2.2458555285217945e-07 0.0 
3.5863548334906186e-05 0.00014002199932462893 7.979459958619811e-07 3.239622630427756e-07 2.0237042266546095e-07 0.0 
3.25271009663932e-05 0.00012719373609939387 7.21119088408344e-07 2.9275074355083703e-07 1.828873588398949e-07 0.0 
2.9581818019250875e-05 0.00011585693357428085 6.534796291606037e-07 2.6527461806116633e-07 1.6573531475765898e-07 0.0 
2.697250652739483e-05 0.00010580225118356807 5.93714035567909e-07 2.4099940390769295e-07 1.5058080075373677e-07 0.0 
2.4652965429005542e-05 9.68543199509544e-05 5.407248340856549e-07 2.1947860385231332e-07 1.371452204767095e-07 0.0 
2.258434633163962e-05 8.886557079328824e-05 4.935909419337179e-07 2.0033752785475083e-07 1.25194778241553e-07 0.0 
2.0733840710647613e-05 8.171128763569012e-05 4.515359176246549e-07 1.8326036196235095e-07 1.1453241190761579e-07 0.0 
1.907363885944116e-05 7.528565759788516e-05 4.1390323393825765e-07 1.6798009909843665e-07 1.049915088029101e-07 0.0 
1.758007034179139e-05 6.949853997270249e-05 3.801355422242941e-07 1.5427010182863975e-07 9.64306431774891e-08 0.0 
1.623287121778442e-05 6.4272776287843e-05 3.497555988905011e-07 1.4193633962119805e-07 8.872874220755544e-08 0.0 
1.50148988209114e-05 5.954352986875147e-05 3.2235985506800503e-07 1.3081565132462318e-07 8.178412460147925e-08 0.0 
1.391136483677894e-05 5.525475972009334e-05 2.976009863277208e-07 1.207674249405165e-07 7.550912590494951e-08 0.0 
1.290887006039059e-05 5.1354501971244834e-05 2.7516582878163147e-07 1.1166285967768234e-07 6.982315323922135e-08 0.0 
1.1996594540727985e-05 4.780139144392835e-05 2.5480499874127205e-07 1.034013694127028e-07 6.466351446984592e-08 0.0 
1.1164952137937157e-05 4.4558819669869335e-05 2.362958919392768e-07 9.589269801772541e-08 5.997390214478443e-08 0.0 
1.04047990973338e-05 4.1591764125186644e-05 2.1942048531020943e-07 8.904712604363004e-08 5.5698209790526444e-08 0.0 
9.708685346569808e-06 3.887163438205664e-05 2.0400592309111702e-07 8.279433064779588e-08 5.179253634670402e-08 0.0 
9.070085836324268e-06 3.637347274418928e-05 1.8990075984492008e-07 7.707284914277558e-08 4.821853117837424e-08 0.0 
8.483258248854149e-06 3.407530833804789e-05 1.769719736277945e-07 7.182871609262505e-08 4.4942522537737815e-08 0.0 
7.943293381731484e-06 3.195813533199942e-05 1.6510957050192674e-07 6.701730450849269e-08 4.193664097366334e-08 0.0 
7.44584508308091e-06 3.0005080044999734e-05 1.5421622738841324e-07 6.259901390764678e-08 3.9176141398885445e-08 0.0 
6.986867278429308e-06 2.820067933187676e-05 1.4419695868450502e-07 5.853527657371811e-08 3.6636961857294483e-08 0.0 
6.562776006050974e-06 2.653122129919416e-05 1.3496798303707324e-07 5.479211933537038e-08 3.4297910857349185e-08 0.0 
6.170366082033863e-06 2.498447749555567e-05 1.2645433925950783e-07 5.1339138328765586e-08 3.214002364678313e-08 0.0 
5.806770206254032e-06 2.3549488760660905e-05 1.1858908421054788e-07 4.814916762558062e-08 3.014635202672092e-08 0.0 
5.469386598135086e-06 2.2216355019280235e-05 1.1131150878354042e-07 4.519763961237709e-08 2.8301577222633966e-08 0.0 
5.1558579072784756e-06 2.0976095706792047e-05 1.045663547004141e-07 4.2462167064521686e-08 2.6591739332007756e-08 0.0 
4.864158676073839e-06 1.982092087466802e-05 9.830725956360688e-08 3.992396924655389e-08 2.5005121036124126e-08 0.0 
4.5924687638350575e-06 1.8743798693494842e-05 9.24928408511342e-08 3.7566241206643065e-08 2.3531230104016163e-08 0.0 
4.339142418189971e-06 1.773836367073494e-05 8.708572567810743e-08 3.537379512397976e-08 2.2160582124332434e-08 0.0 
4.102692753470901e-06 1.679886163674448e-05 8.205219831676973e-08 3.3332931104141145e-08 2.0884621778985036e-08 0.0 
3.881774146383895e-06 1.5920082235222785e-05 7.736179121170361e-08 3.143127063918043e-08 1.9695618855686895e-08 0.0 
3.6751668280787693e-06 1.5097299815176534e-05 7.298692736194282e-08 2.9657610998018613e-08 1.8586577329122517e-08 0.0 
3.4817633697359487e-06 1.4326221566841671e-05 6.890260697820594e-08 2.8001797655404428e-08 1.7551155704963627e-08 0.0 
3.300562138047922e-06 1.3602952997891039e-05 6.508641875610597e-08 2.645472435140457e-08 1.658366551356961e-08 0.0 
3.1306693363999483e-06 1.2923986134022873e-05 6.151863422942176e-08 2.5008359107685323e-08 1.5679085811912984e-08 0.0 
2.9712536734679055e-06 1.2286086144526232e-05 5.81805785613776e-08 2.365511494257709e-08 1.4832677794751916e-08 0.0 
2.8215488670648403e-06 1.1686275227886805e-05 5.50549870832149e-08 2.238798031970783e-08 1.4040062718153037e-08 0.0 
2.6808535808078977e-06 1.1121825985258293e-05 5.2126083212958916e-08 2.120054769600213e-08 1.3297238822981648e-08 0.0 
2.5485221741117533e-06 1.0590229944163879e-05 4.937933883518148e-08 2.008691949948198e-08 1.2600523339845628e-08 0.0 
2.4239652142067233e-06 1.008919877530185e-05 4.680152434730194e-08 1.9041728274198546e-08 1.194656479173698e-08 0.0 
2.3066535668123137e-06 9.616665595949215e-06 4.438077867859844e-08 1.8060159008519853e-08 1.1332355905770714e-08 0.0 
2.196094252868977e-06 9.17070956418326e-06 4.2106078919416106e-08 1.713773804280544e-08 1.075510263685797e-08 0.0 
2.091824325915429e-06 8.749536905790596e-06 3.996708140333327e-08 1.62702723408081e-08 1.021218686359417e-08 0.0 
1.993408694107373e-06 8.351515764937015e-06 3.7953998187586745e-08 1.5453842884309295e-08 9.70116882439295e-09 0.0 
1.9004798694491525e-06 7.975333089423835e-06 3.605855864259761e-08 1.4685217890757458e-08 9.220048279344843e-09 0.0 
1.8126450502194935e-06 7.619352601062102e-06 3.427205739649121e-08 1.3960750578653268e-08 8.766530609560508e-09 0.0 
1.7295791491737203e-06 7.282258235130837e-06 3.258749605781418e-08 1.3277575030143406e-08 8.3388204202354e-09 0.0 
1.6509834545352518e-06 6.962881939294146e-06 3.0998344300508716e-08 1.2633050519347466e-08 7.935268759166495e-09 0.0 
1.5765734369972624e-06 6.660115107521059e-06 2.9498294021756708e-08 1.2024619549286493e-08 7.554278467083814e-09 0.0 
1.506086749652682e-06 6.372934196945888e-06 2.8081563027855098e-08 1.1449938840635435e-08 7.194386092209493e-09 0.0 
1.4392840232662185e-06 6.100396527463446e-06 2.6743001772995134e-08 1.0906921724303206e-08 6.8542875003429015e-09 0.0 
1.3759456105715748e-06 5.841649504481684e-06 2.547778064804084e-08 1.0393627888462492e-08 6.532772791197028e-09 0.0 
1.3159168245164002e-06 5.59615015863722e-06 2.4282588717957647e-08 9.908837107753289e-09 6.229094790720116e-09 0.0 
1.2589598162871146e-06 5.362923894301423e-06 2.3152091225394296e-08 9.45029249213969e-09 5.941832275260509e-09 0.0 
1.2048619107881961e-06 5.141105857193031e-06 2.2081544530270076e-08 9.016015173895127e-09 5.669742599298609e-09 0.0 
1.153454550361515e-06 4.930035732535615e-06 2.1067247258989352e-08 8.604506275448816e-09 5.411889641650494e-09 0.0 
1.104580699541957e-06 4.7290977498549234e-06 2.01057604031719e-08 8.214373265771795e-09 5.167403654615151e-09 0.0 
1.0580939452590915e-06 4.537717236935368e-06 1.919388627260688e-08 7.84432142141023e-09 4.93547593690478e-09 0.0 
1.013857676201683e-06 4.3553574748957995e-06 1.8328649337156924e-08 7.493146054506486e-09 4.715353984929512e-09 0.0 
9.717443335996211e-07 4.1815168250724315e-06 1.7507278770013878e-08 7.1597254315858076e-09 4.506337074907494e-09 0.0 
9.316362469918748e-07 4.0157294987906074e-06 1.6727258207675377e-08 6.843039398187284e-09 4.307787507644989e-09 0.0 
8.934238472136743e-07 3.857560649375079e-06 1.5986253607195988e-08 6.542141572671277e-09 4.119113615417928e-09 0.0 
8.570031222582476e-07 3.706602378972863e-06 1.5282015138211285e-08 6.256124138343263e-09 3.939748651080559e-09 0.0 
8.222782231778723e-07 3.5624810187664176e-06 1.4612480354169714e-08 5.984160188395471e-09 3.7691770295195415e-09 0.0 
7.891622736039383e-07 3.42485322543472e-06 1.3975831146713008e-08 5.725521485409731e-09 3.6069443554788e-09 0.0 
7.575768026037469e-07 3.2934061143234603e-06 1.3370464682808172e-08 5.479564986950947e-09 3.452648934798389e-09 0.0 
7.274412826200155e-07 3.1678203164935703e-06 1.279465680885519e-08 5.245590514075818e-09 3.3058529184487484e-09 0.0 
6.986798088221689e-07 3.047794820635038e-06 1.2246783655702681e-08 5.022938724081529e-09 3.1661440166273763e-09 0.0 
6.712210241335079e-07 2.933046484195037e-06 1.1725322193499405e-08 4.810991394406448e-09 3.033135655846447e-09 0.0 
6.449978058100273e-07 2.8233086508780513e-06 1.1228842815735952e-08 4.609168184273851e-09 2.9064649171045294e-09 0.0 
6.199469717940935e-07 2.7183292535979015e-06 1.0756009358668114e-08 4.416926278618401e-09 2.785792231150941e-09 0.0 
5.960039024205553e-07 2.6178515241791143e-06 1.0305443962648087e-08 4.233705806921303e-09 2.6707674765846327e-09 0.0 
5.73104118598724e-07 2.521622259619803e-06 9.875731915494551e-09 4.058933512213285e-09 2.5610326770143223e-09 0.0 
5.511950029721152e-07 2.4294317271551447e-06 9.465764838716658e-09 3.8921604693225595e-09 2.456307149786453e-09 0.0 
5.302269417379195e-07 2.3410819543830727e-06 9.074501732036791e-09 3.732965059338435e-09 2.3563272631308543e-09 0.0 
5.101610177071119e-07 2.2564163537145935e-06 8.701248281034321e-09 3.581068936421827e-09 2.2609187238656753e-09 0.0 
4.90967168180741e-07 2.1753228427839754e-06 8.345541929907294e-09 3.4362971358131702e-09 2.169973044252008e-09 0.0 
4.725977950817653e-07 2.0975907225380375e-06 8.006327273880504e-09 3.2982031201879705e-09 2.083208442328989e-09 0.0 
4.5500886685981257e-07 2.023040982142203e-06 7.682627820258886e-09 3.1663874628342294e-09 2.0003749136703513e-09 0.0 
4.3816004219019404e-07 1.951515972454656e-06 7.373553427972278e-09 3.040491161331839e-09 1.92124846956423e-09 0.0 
4.220128112947109e-07 1.8828653588059806e-06 7.078257492626507e-09 2.9201732534439963e-09 1.8456164106548e-09 0.0 
4.065283075967685e-07 1.8169403077620594e-06 6.79588887968245e-09 2.8050945735325742e-09 1.7732675819436633e-09 0.0 
3.9167471033228165e-07 1.7536135750839306e-06 6.525789242604374e-09 2.6949890113922305e-09 1.7040355862570657e-09 0.0 
3.7742285281218836e-07 1.6927672493408717e-06 6.267362866496211e-09 2.58961479612182e-09 1.6377690733943224e-09 0.0 
3.637451049448637e-07 1.6342895669756352e-06 6.020046545043373e-09 2.4887433981553063e-09 1.574324980387841e-09 0.0 
3.506152814779856e-07 1.5780745474021978e-06 5.783307593255821e-09 2.392158716920746e-09 1.5135680230372536e-09 0.0 
3.380085563965421e-07 1.5240216524924335e-06 5.556641995581708e-09 2.299656323999473e-09 1.4553702221898362e-09 0.0 
3.2590199991767753e-07 1.4720369932784942e-06 5.339591452692593e-09 2.2110497132306357e-09 1.3996146939982365e-09 0.0 
3.142833249342709e-07 1.4220852146495945e-06 5.131940496695141e-09 2.1262696461292065e-09 1.3462602683321396e-09 0.0 
3.031346083110974e-07 1.3740980619739909e-06 4.9333391341686994e-09 2.0451794578044267e-09 1.295221933883403e-09 0.0 
2.924271396523133e-07 1.3279388161951359e-06 4.743199237158969e-09 1.9675195444294247e-09 1.246334455551379e-09 0.0 
2.8214052735545385e-07 1.2835240332127426e-06 4.561104055727103e-09 1.8931199262024676e-09 1.1994913179309695e-09 0.0 
2.7225599077055195e-07 1.2407782396119574e-06 4.386670985332701e-09 1.8218259334395572e-09 1.1545957687074187e-09 0.0 
2.6275569759843615e-07 1.1996296848080248e-06 4.21953775824084e-09 1.7534911192336758e-09 1.111556192201039e-09 0.0 
2.536227100066126e-07 1.1600101349781228e-06 4.059361247856775e-09 1.6879767801547557e-09 1.070285811098169e-09 0.0 
2.4484093415130413e-07 1.121854675494513e-06 3.9058163322379074e-09 1.625151489042413e-09 1.0307023934464719e-09 0.0 
2.3639509864331303e-07 1.085102353203358e-06 3.7585959467468246e-09 1.564891955542845e-09 9.927289024079434e-10 0.0 
2.2827102610437866e-07 1.0496963067689135e-06 3.617426450224503e-09 1.507088496280581e-09 9.562967504837163e-10 0.0 
2.20454946858391e-07 1.0155803173296685e-06 3.4820355667498238e-09 1.451630610371155e-09 9.213366979278239e-10 0.0 
2.1293354002679884e-07 9.82700254003299e-07 3.3521549656661595e-09 1.3984095762469427e-09 8.877806770283575e-10 0.0 
2.0569444201339834e-07 9.510054918275088e-07 3.2275404738136534e-09 1.347326370251314e-09 8.555666451266367e-10 0.0 
1.9872587935976855e-07 9.204479896670245e-07 3.1079677620147294e-09 1.298290745638194e-09 8.246380841132316e-10 0.0 
1.9201583230314702e-07 8.909794371109254e-07 2.9931929598112465e-09 1.251204699991478e-09 7.949337452549554e-10 0.0 
1.8555353287257998e-07 8.625563523520459e-07 2.8829993535329975e-09 1.2059813467287445e-09 7.66399342560462e-10 0.0 
1.793283364097061e-07 8.351353186817663e-07 2.777173041058525e-09 1.1625339999715224e-09 7.389805990626986e-10 0.0 
1.7333018200925373e-07 8.086773871227821e-07 2.6755150461177258e-09 1.120783994780061e-09 7.126285780975562e-10 0.0 
1.6755006363912038e-07 7.831474456398787e-07 2.5778520167279304e-09 1.0806629521718191e-09 6.873007314473301e-10 0.0 
1.6198206529341872e-07 7.585157416224854e-07 2.4840844439429002e-09 1.042127186716246e-09 6.629689756131788e-10 0.0 
1.5661828441711924e-07 7.347490445767827e-07 2.39405778675703e-09 1.0051134553035997e-09 6.395935806823025e-10 0.0 
1.514509867816814e-07 7.118150313661448e-07 2.3076190386591206e-09 9.695592679766862e-10 6.171353381406781e-10 0.0 
1.4647248617593068e-07 6.896820016125663e-07 2.2246159785100227e-09 9.35402707361413e-10 5.955554329621159e-10 0.0 
1.416753899884398e-07 6.683194042632349e-07 2.144902745382984e-09 9.025844592556889e-10 5.748166814158382e-10 0.0 
1.3705257029278946e-07 6.47697941653527e-07 2.0683389495208014e-09 8.710475149566547e-10 5.548833530409615e-10 0.0 
1.3259650074536845e-07 6.277862852955841e-07 1.994774792293557e-09 8.407306990355437e-10 5.357170816133332e-10 0.0 
1.282986545608285e-07 6.085482321878618e-07 1.924037739719603e-09 8.115629738275878e-10 5.172732781740415e-10 0.0 
1.2415173528205668e-07 5.899549447667142e-07 1.8559842827315994e-09 7.834870015725417e-10 4.995161252706935e-10 0.0 
1.2014832217211853e-07 5.719778336256011e-07 1.7904690338767076e-09 7.564452329228532e-10 4.824097371240379e-10 0.0 
1.1628281834389893e-07 5.545935834787817e-07 1.7273854521832011e-09 7.303943929499826e-10 4.659269644544938e-10 0.0 
1.1254989128086101e-07 5.377799292128863e-07 1.666632388173432e-09 7.052933795736665e-10 4.5004201623536106e-10 0.0 
1.0894444013468527e-07 5.21515551961521e-07 1.608113385972985e-09 6.811029997342802e-10 4.3473029720282486e-10 0.0 
1.0546158449385366e-07 5.057800340275409e-07 1.551736443281426e-09 6.577858716032866e-10 4.199683466727967e-10 0.0 
1.0209698707982122e-07 4.90556443851292e-07 1.4974221222316346e-09 6.353109220628356e-10 4.0573681372466706e-10 0.0 
9.884773063436621e-08 4.7584051797496904e-07 1.4451211926588548e-09 6.136649122619058e-10 3.920283042250935e-10 0.0 
9.570862268467426e-08 4.6160474917753887e-07 1.3947355498280956e-09 5.928031822397171e-10 3.7881411387229096e-10 0.0 
9.267520706497572e-08 4.4782624151203367e-07 1.3461850865165608e-09 5.726899318417222e-10 3.66071291272778e-10 0.0 
8.97438291236914e-08 4.3448956715292347e-07 1.2994038838833338e-09 5.532983712677718e-10 3.537829998096526e-10 0.0 
8.691354600272457e-08 4.215887929551861e-07 1.2543967248350822e-09 5.346295217371608e-10 3.419495811426393e-10 0.0 
8.418124625551102e-08 4.091112909691526e-07 1.211109321665332e-09 5.166618730658008e-10 3.305575702330324e-10 0.0 
8.15431236474964e-08 3.9704263163747946e-07 1.169465551909482e-09 4.993657583711032e-10 3.195885507437152e-10 0.0 
7.899509574858202e-08 3.8536616192142373e-07 1.1293829275574582e-09 4.827078451601768e-10 3.090216733905469e-10 0.0 
7.653335593035622e-08 3.740660601887621e-07 1.0907859360325306e-09 4.666574311644192e-10 2.988377000082142e-10 0.0 
7.415375809328906e-08 3.631254363087039e-07 1.0535931208702067e-09 4.5118183836392243e-10 2.8901620081238647e-10 0.0 
7.18527488551128e-08 3.5252953386350106e-07 1.0177368902087246e-09 4.362538327573091e-10 2.7954011187827547e-10 0.0 
6.962750975715987e-08 3.422665905625015e-07 9.831661035920933e-10 4.2185289259114425e-10 2.703965919480408e-10 0.0 
6.74753317040966e-08 3.323250816108748e-07 9.498312298333226e-10 4.079588314587112e-10 2.615729538456049e-10 0.0 
6.539360707895893e-08 3.2269358056573934e-07 9.176839722151518e-10 3.945515101850046e-10 2.530564604072067e-10 0.0 
6.337983487052078e-08 3.133613951834611e-07 8.866787544177198e-10 3.8161230485727404e-10 2.448353957614876e-10 0.0 
6.14316118670375e-08 3.043182577411019e-07 8.567719303137543e-10 3.691234014931762e-10 2.3689855611603147e-10 0.0 
5.954663439700464e-08 2.9555449366842034e-07 8.279220132288259e-10 3.5706809986496985e-10 2.292354646091173e-10 0.0 
5.772268039085738e-08 2.870607671772598e-07 8.000890001320629e-10 3.4543029205648517e-10 2.2183601531574716e-10 0.0 
5.5957586239237505e-08 2.7882776340975383e-07 7.732337553656582e-10 3.341939472562966e-10 2.1469011703880195e-10 0.0 
5.424948185667802e-08 2.7084716112047163e-07 7.473223452428728e-10 3.233450271602362e-10 2.0778891343410506e-10 0.0 
5.2596839746445544e-08 2.6311178217752057e-07 7.223268193563111e-10 3.1287177048893804e-10 2.0112495774210156e-10 0.0 
5.099764327930585e-08 2.556130433628372e-07 6.982114485236516e-10 3.027596026090403e-10 1.9468907872698808e-10 0.0 
4.944990313600504e-08 2.4834253771598536e-07 6.749412854980471e-10 2.929943092861623e-10 1.8847233536081588e-10 0.0 
4.795204550338161e-08 2.412941319300188e-07 6.524890946434891e-10 2.8356535907573226e-10 1.824681652665078e-10 0.0 
4.650271705623508e-08 2.3446248469419105e-07 6.308327562773995e-10 2.7446421495242875e-10 1.7667123720834312e-10 0.0 
4.510034238578631e-08 2.2784077988056693e-07 6.099447583844823e-10 2.6567963704874743e-10 1.710744674395963e-10 0.0 
4.374330322114445e-08 2.2142205984727802e-07 5.897960300451991e-10 2.5719973582848767e-10 1.6567037147557937e-10 0.0 
