2.795103176827259e-05 7.427593755156938e-05 1.8276530319949311e-06 8.953888561979626e-07 5.765507840882513e-07 0.0 
2.7538605555751735e-05 7.328352164176671e-05 1.7925713162442732e-06 8.771461099260929e-07 5.646455091785289e-07 0.0 
2.7134057138378154e-05 7.230900190667225e-05 1.7582894305882925e-06 8.593382377332031e-07 5.530270541171161e-07 0.0 
2.673733050145236e-05 7.135225019825319e-05 1.7247978349308314e-06 8.419604464425093e-07 5.416923493977522e-07 0.0 
2.63482539255301e-05 7.041289008420792e-05 1.6920759187522967e-06 8.250010036881142e-07 5.306335471855481e-07 0.0 
2.5966516425601218e-05 6.949025616502516e-05 1.6600901714234369e-06 8.084407402775977e-07 5.198378466740806e-07 0.0 
2.559204504120627e-05 6.858427507154207e-05 1.6288221467206567e-06 7.922692755760317e-07 5.092985069926331e-07 0.0 
2.522468133699658e-05 6.769462718649614e-05 1.5982501575367702e-06 7.764740865376263e-07 4.990071593192801e-07 0.0 
2.4864262302927288e-05 6.682097842626925e-05 1.568352779447634e-06 7.61042804729076e-07 4.88955527434876e-07 0.0 
2.4510630055735064e-05 6.596297360011851e-05 1.5391117446367552e-06 7.459648907809323e-07 4.791365341761784e-07 0.0 
2.4163647828770035e-05 6.512025863694492e-05 1.5105217741680348e-06 7.31237655001902e-07 4.695483336853486e-07 0.0 
2.3823192886251173e-05 6.429253310200648e-05 1.4825787994939838e-06 7.168597681576602e-07 4.6019010982547545e-07 0.0 
2.3489161448887044e-05 6.347959017572549e-05 1.4552699418698679e-06 7.02823971894487e-07 4.5105703253797286e-07 0.0 
2.3161461599725827e-05 6.26812446373147e-05 1.4285858228656844e-06 6.891249397896598e-07 4.421455441940148e-07 0.0 
2.2839834484803276e-05 6.189693835637012e-05 1.4024937334012337e-06 6.757440141733651e-07 4.3344323596233645e-07 0.0 
2.2524081456189128e-05 6.112623875081545e-05 1.3769690320117507e-06 6.62667206282965e-07 4.249408024473141e-07 0.0 
2.2214070607188137e-05 6.0368848296178645e-05 1.3519967050137354e-06 6.498860476824118e-07 4.166325963267294e-07 0.0 
2.1909673417034904e-05 5.9624476777039585e-05 1.3275621808244553e-06 6.373923307916723e-07 4.0851314662043493e-07 0.0 
2.1610883054492567e-05 5.88932361105016e-05 1.3036553130982756e-06 6.251806275382316e-07 4.0057899626368074e-07 0.0 
2.1318270569283075e-05 5.8176046074944065e-05 1.2803963041351227e-06 6.133187815917494e-07 3.928747332537433e-07 0.0 
2.1031693998951384e-05 5.747254580001033e-05 1.2577679238947671e-06 6.017957295409299e-07 3.8539280756839675e-07 0.0 
2.075028858390269e-05 5.678137717609855e-05 1.235601745311245e-06 5.905186160697522e-07 3.780724664760146e-07 0.0 
2.0473927722206896e-05 5.610226957387578e-05 1.2138817093939353e-06 5.794785057737366e-07 3.709077782373029e-07 0.0 
2.0202495725070233e-05 5.543494280100401e-05 1.1925968729603684e-06 5.686692695621957e-07 3.638946402979579e-07 0.0 
1.9935874340846545e-05 5.477910673048045e-05 1.1717364785054624e-06 5.58084893770028e-07 3.570290293445152e-07 0.0 
1.9673997641577794e-05 5.413462486544916e-05 1.1512922814444815e-06 5.477209499611236e-07 3.5030806119379375e-07 0.0 
1.9416795200337488e-05 5.3501340044311e-05 1.1312567725772398e-06 5.37573356414913e-07 3.437290542429604e-07 0.0 
1.9164268046230267e-05 5.287923698115039e-05 1.1116323428241557e-06 5.276437950216146e-07 3.3729317334423254e-07 0.0 
1.8916378100123798e-05 5.226822527437043e-05 1.0924155496291827e-06 5.179305981558059e-07 3.30999343139562e-07 0.0 
1.867300135776936e-05 5.166800990316345e-05 1.0735944203465035e-06 5.084269944036079e-07 3.248430272326469e-07 0.0 
1.8434017169121268e-05 5.107830334742978e-05 1.0551573620815123e-06 4.991264376805375e-07 3.1881984223887176e-07 0.0 
1.8199311795898063e-05 5.049882964626907e-05 1.0370939527995685e-06 4.900230272763171e-07 3.129258298805884e-07 0.0 
1.796921330075209e-05 4.992983021175468e-05 1.0194872398272328e-06 4.811601876542765e-07 3.071889696139998e-07 0.0 
1.7744007353173763e-05 4.9372170621554924e-05 1.0023422210540675e-06 4.725417594595847e-07 3.0161226413536705e-07 0.0 
1.752379444059699e-05 4.8826761508350115e-05 9.856113830447496e-07 4.6414577065163726e-07 2.961822711271891e-07 0.0 
1.7308114152315693e-05 4.829231219084344e-05 9.692683335053252e-07 4.5595539765840193e-07 2.908871485825289e-07 0.0 
1.7096286638774884e-05 4.776700373629e-05 9.532654871815876e-07 4.4794279196524517e-07 2.8570807501726014e-07 0.0 
1.6888225963228124e-05 4.725066312828971e-05 9.375932012368455e-07 4.4010261684832773e-07 2.806415316382525e-07 0.0 
1.668389604962551e-05 4.674326094028193e-05 9.222449161754172e-07 4.3243134331626216e-07 2.756852284628338e-07 0.0 
1.6483161389436694e-05 4.6244445156662244e-05 9.07210124338324e-07 4.249230462958751e-07 2.7083520010825734e-07 0.0 
1.628598318745491e-05 4.575411315981172e-05 8.924877623963595e-07 4.175773428133073e-07 2.660912025584621e-07 0.0 
1.609235939219347e-05 4.5272269195763136e-05 8.780791056677234e-07 4.103952156004934e-07 2.6145391359937085e-07 0.0 
1.590218912259417e-05 4.479868021091459e-05 8.639739203372419e-07 4.033709550130286e-07 2.5691953640692623e-07 0.0 
1.5715392299574964e-05 4.433318933310118e-05 8.501621771497627e-07 3.9649941367214677e-07 2.524847409698007e-07 0.0 
1.553194958415502e-05 4.387576953032201e-05 8.366402714669884e-07 3.8977895010279067e-07 2.481485172868169e-07 0.0 
1.5351806308451287e-05 4.342629204335191e-05 8.234029816106107e-07 3.8320671320002555e-07 2.4390897158279646e-07 0.0 
1.5174912731797605e-05 4.2984638822237093e-05 8.104458227953542e-07 3.7678030985977187e-07 2.3976451897783723e-07 0.0 
1.500119441361084e-05 4.25506434414282e-05 7.977603768572552e-07 3.704950659552287e-07 2.35712064169921e-07 0.0 
1.4830613169531363e-05 4.212429037989479e-05 7.853391794058445e-07 3.6434693218026607e-07 2.3174896639274874e-07 0.0 
1.4663160915439143e-05 4.170564542581138e-05 7.731773875347555e-07 3.583332310920155e-07 2.2787349067642097e-07 0.0 
1.4498771552232396e-05 4.129454217853911e-05 7.612684984473364e-07 3.524502772314538e-07 2.2408318076508865e-07 0.0 
1.4337404735893444e-05 4.0890838745332326e-05 7.496110214867696e-07 3.4669693064158747e-07 2.2037721900590106e-07 0.0 
1.4179038289757239e-05 4.0494418737895285e-05 7.382060076501511e-07 3.4107330754297036e-07 2.1675559184439358e-07 0.0 
1.4023610922960072e-05 4.01051132974461e-05 7.270476495003257e-07 3.355760506330024e-07 2.1321605175528247e-07 0.0 
1.3871066695245904e-05 3.972277593666408e-05 7.161302689571859e-07 3.3020189117773754e-07 2.0975641334149288e-07 0.0 
1.3721271037390143e-05 3.934708992094434e-05 7.054405868305154e-07 3.2494365254462737e-07 2.0637195903372065e-07 0.0 
1.3574158489291184e-05 3.897789183841829e-05 6.949730178660866e-07 3.1979858994641374e-07 2.0306092794193255e-07 0.0 
1.3429675128684204e-05 3.861507463806395e-05 6.847214282003744e-07 3.147635535004983e-07 1.9982127527295517e-07 0.0 
1.3287711626429659e-05 3.8258510074437656e-05 6.74670836718547e-07 3.0983123498073614e-07 1.9664833975759412e-07 0.0 
1.3148223481645194e-05 3.7908107918039756e-05 6.648162938221376e-07 3.0499901163962047e-07 1.9354040584865693e-07 0.0 
1.301117054686875e-05 3.7563772130995507e-05 6.551538359190842e-07 3.002647124110887e-07 1.9049603790606917e-07 0.0 
1.2876513899227746e-05 3.722540883138249e-05 6.456796108631097e-07 2.956262282833113e-07 1.8751384165270146e-07 0.0 
1.2744219010900956e-05 3.689293031552088e-05 6.363900804674944e-07 2.9108160838091584e-07 1.845925263408511e-07 0.0 
1.2614249438956062e-05 3.6566247875605826e-05 6.272816155473509e-07 2.866288670221295e-07 1.8173077982949086e-07 0.0 
1.2486568479457115e-05 3.624527372768806e-05 6.183505977406922e-07 2.8226603190439174e-07 1.78927299754598e-07 0.0 
1.236117336435158e-05 3.59300156684214e-05 6.095954448655682e-07 2.7799233038945426e-07 1.761815993869755e-07 0.0 
1.2238066255162772e-05 3.562051058682112e-05 6.010139886162516e-07 2.7380683674892244e-07 1.7349313102272865e-07 0.0 
1.2117135622016827e-05 3.5316492311151676e-05 5.925966728089911e-07 2.697044957241369e-07 1.7085858391445654e-07 0.0 
1.1998375372644346e-05 3.501802061475564e-05 5.843398136754907e-07 2.656834721684885e-07 1.6827680199545558e-07 0.0 
1.1882201511565905e-05 3.47264856630913e-05 5.762578176881126e-07 2.617528184899971e-07 1.6575414395524747e-07 0.0 
1.1769068534055884e-05 3.444279551065488e-05 5.684120533365128e-07 2.5794489916118103e-07 1.633115193035072e-07 0.0 
1.1658569369313095e-05 3.416571929790031e-05 5.607792696416903e-07 2.542457559489185e-07 1.6093942228405994e-07 0.0 
1.1550044122548933e-05 3.389368844571652e-05 5.532903427641844e-07 2.506187789318881e-07 1.5861402537509433e-07 0.0 
1.1443520009347094e-05 3.362665376403194e-05 5.459492670172195e-07 2.470654831344288e-07 1.5633623049249923e-07 0.0 
1.1338948381159265e-05 3.336450489508434e-05 5.387514980336784e-07 2.435834674208007e-07 1.5410446179644972e-07 0.0 
1.1236276347587997e-05 3.310712566615406e-05 5.316920654556297e-07 2.4017013990547556e-07 1.5191702410581067e-07 0.0 
1.113545560242087e-05 3.285440618164465e-05 5.247664638779607e-07 2.368231376565239e-07 1.4977237029280573e-07 0.0 
1.1036426721442465e-05 3.2606242462467786e-05 5.179691979866738e-07 2.3353967807220478e-07 1.4766869427678427e-07 0.0 
1.0939128079990078e-05 3.236257960660484e-05 5.112954348751585e-07 2.3031745988756245e-07 1.4560452280032522e-07 0.0 
1.0843532760426555e-05 3.212334203896791e-05 5.047442957695437e-07 2.271559817259341e-07 1.435795092196792e-07 0.0 
1.0749607230552922e-05 3.188843901845541e-05 4.983131012046111e-07 2.240537773682719e-07 1.4159268208652233e-07 0.0 
1.0657310925176549e-05 3.165776931345582e-05 4.919988246693232e-07 2.2100925099518054e-07 1.3964299109325152e-07 0.0 
1.0566642312597524e-05 3.1431337235552754e-05 4.858005892920973e-07 2.1802204571241302e-07 1.377302258285656e-07 0.0 
1.0477696849236943e-05 3.120940702732605e-05 4.79724150716068e-07 2.1509558137535317e-07 1.3585670683316815e-07 0.0 
1.0390467170600323e-05 3.0991964870575725e-05 4.7376818952826404e-07 2.122291713236081e-07 1.3402198734960812e-07 0.0 
1.0304927950977216e-05 3.077895003933639e-05 4.6793004533987926e-07 2.094213673883023e-07 1.3222511196183864e-07 0.0 
1.0221054977476738e-05 3.057030331186225e-05 4.622071395693357e-07 2.0667076587400243e-07 1.3046515473509913e-07 0.0 
1.013882455515863e-05 3.0365966913354103e-05 4.565969556908733e-07 2.0397599799961015e-07 1.2874121293764393e-07 0.0 
1.0058213206984512e-05 3.0165884800465405e-05 4.510970273172459e-07 2.0133572417992515e-07 1.270524032970721e-07 0.0 
9.979204995839167e-06 2.9970034320709644e-05 4.4570508129043196e-07 1.9874873219665517e-07 1.253979343892275e-07 0.0 
9.901922333103024e-06 2.9778638545641708e-05 4.404376370054677e-07 1.9622315469457514e-07 1.237829891060975e-07 0.0 
9.826667965920386e-06 2.959219305842986e-05 4.353360043585465e-07 1.9377902950240433e-07 1.2222029523984482e-07 0.0 
9.753080725704251e-06 2.9410097793807708e-05 4.303501104857732e-07 1.9139169890638943e-07 1.206941225130446e-07 0.0 
9.68107548494197e-06 2.9232220478865255e-05 4.2546838966899545e-07 1.8905563651100846e-07 1.1920096562171031e-07 0.0 
9.610623245756395e-06 2.905848879016654e-05 4.206883789330995e-07 1.8676948271585878e-07 1.1773992413455278e-07 0.0 
9.541626895499139e-06 2.888864737802231e-05 4.160029828510288e-07 1.845295091776817e-07 1.1630856029842995e-07 0.0 
9.474042647125775e-06 2.872259227684463e-05 4.1140834293445815e-07 1.8233370106729862e-07 1.149055599792724e-07 0.0 
9.40782520766405e-06 2.8560228402042367e-05 4.0690085492657887e-07 1.8018020776637643e-07 1.1352971756804059e-07 0.0 
9.342953030635925e-06 2.8401536543461564e-05 4.024780462586605e-07 1.7806774905518525e-07 1.121802028896514e-07 0.0 
9.27944599178033e-06 2.824659358658769e-05 3.981405159853894e-07 1.7599677799911167e-07 1.1085734085925027e-07 0.0 
9.217307412137548e-06 2.809541932063753e-05 3.9388787111486714e-07 1.739671179784234e-07 1.0956102371701055e-07 0.0 
9.15654245129086e-06 2.7948026971635402e-05 3.8971963281238264e-07 1.7197844450723525e-07 1.0829103170875823e-07 0.0 
9.097219282113275e-06 2.7804590944242633e-05 3.856403765484014e-07 1.7003300718398582e-07 1.0704881781630053e-07 0.0 
9.039579634551807e-06 2.7666018629101248e-05 3.8165828062061225e-07 1.6813561102999673e-07 1.0583767699710658e-07 0.0 
8.983686945012118e-06 2.7532591027036804e-05 3.7777395402911403e-07 1.6628673123490422e-07 1.0465795454869696e-07 0.0 
8.9293922305727e-06 2.7403744574638685e-05 3.7398297745007177e-07 1.644835824514971e-07 1.03507700169579e-07 0.0 
8.876518504138604e-06 2.727883722706752e-05 3.702790248341268e-07 1.627224593169474e-07 1.0238440481311653e-07 0.0 
8.82504367710876e-06 2.7157821311519348e-05 3.666601340827097e-07 1.6100230793923982e-07 1.0128737609851577e-07 0.0 
8.774950986438698e-06 2.7040662033730383e-05 3.631245460047505e-07 1.5932218681501676e-07 1.0021599617332638e-07 0.0 
8.726223264348201e-06 2.692732361943124e-05 3.5967047272072854e-07 1.5768114064011942e-07 9.916963847516893e-08 0.0 
8.67878201026322e-06 2.6817610075810434e-05 3.56291771425982e-07 1.5607599371403972e-07 9.814623925995962e-08 0.0 
8.632571623931843e-06 2.6711384279958595e-05 3.529839991553401e-07 1.5450444053227429e-07 9.714429827772321e-08 0.0 
8.587572112431834e-06 2.6608601828747367e-05 3.497452690300962e-07 1.5296548070491666e-07 9.61631603103508e-08 0.0 
8.543764083658514e-06 2.650921989060526e-05 3.465737402623641e-07 1.5145813783495177e-07 9.520218581740132e-08 0.0 
8.501127476753876e-06 2.6413195089082234e-05 3.4346749448678015e-07 1.4998140568260414e-07 9.42607174730621e-08 0.0 
8.459628203181997e-06 2.632046109077664e-05 3.4042321582831256e-07 1.4853367041885162e-07 9.333772072265429e-08 0.0 
8.419241237180485e-06 2.6230966843722733e-05 3.3743841094259725e-07 1.4711366749294367e-07 9.243237701677835e-08 0.0 
8.37994615095988e-06 2.6144669413152435e-05 3.345110198055034e-07 1.4572032272908103e-07 9.154398652036624e-08 0.0 
8.341966714270234e-06 2.6062108771036735e-05 3.3166026535029635e-07 1.443634283510571e-07 9.067886515592977e-08 0.0 
8.305578916823072e-06 2.5983939869793543e-05 3.2890956726969097e-07 1.4305451557042591e-07 8.984439371857154e-08 0.0 
8.270455778109766e-06 2.590940411422424e-05 3.2622893336673877e-07 1.4177842064722434e-07 8.903082427632049e-08 0.0 
8.236587136769373e-06 2.5838492098428306e-05 3.2361635926308077e-07 1.4053411622052943e-07 8.823749823216218e-08 0.0 
8.203990922965638e-06 2.577125716483844e-05 3.2107234500609163e-07 1.3932174642001679e-07 8.746449524684984e-08 0.0 
8.172718560267161e-06 2.5707859867262977e-05 3.185987429050733e-07 1.381422448524978e-07 8.671242863625816e-08 0.0 
8.142826440075707e-06 2.5648479224294995e-05 3.16197551625239e-07 1.369966374678514e-07 8.598197531576442e-08 0.0 
8.114326262741698e-06 2.559315736375518e-05 3.1386856223741065e-07 1.3588470580069272e-07 8.527297909543359e-08 0.0 
8.087194189110251e-06 2.5541881871722838e-05 3.1160817634570726e-07 1.3480473852417247e-07 8.458435210679532e-08 0.0 
8.06137502653121e-06 2.5494602753072592e-05 3.094098422390516e-07 1.3375374835823187e-07 8.39142145754474e-08 0.0 
8.036849748421246e-06 2.545130242179017e-05 3.072720162627108e-07 1.3273095327955882e-07 8.326205868673734e-08 0.0 
8.013613350531642e-06 2.54119836037362e-05 3.0519453279852027e-07 1.3173619608045326e-07 8.262776944842795e-08 0.0 
7.991679739247225e-06 2.5376694788240642e-05 3.031777733909355e-07 1.3076956739704232e-07 8.201139074147781e-08 0.0 
7.971054333457481e-06 2.5345474001246625e-05 3.012211128624632e-07 1.2983070073560456e-07 8.141267929123697e-08 0.0 
7.951721206161273e-06 2.5318284324384753e-05 2.9932312923889747e-07 1.2891879109607852e-07 8.083110065430506e-08 0.0 
7.933649201516228e-06 2.5295037877699252e-05 2.9748184490118313e-07 1.2803272966288302e-07 8.026591908593128e-08 0.0 
7.916841338381176e-06 2.5275765423508353e-05 2.956965797525547e-07 1.2717211417285368e-07 7.971686700572501e-08 0.0 
7.901305888859462e-06 2.5260512119192395e-05 2.9396678363285517e-07 1.2633661735371078e-07 7.918372887468141e-08 0.0 
7.887159591880343e-06 2.5249888739405472e-05 2.922939807246641e-07 1.2552733532625852e-07 7.866729857008547e-08 0.0 
7.874452932276963e-06 2.5244114991960636e-05 2.906792856242655e-07 1.247448794336124e-07 7.816798092688018e-08 0.0 
7.86315180856077e-06 2.5242987725346205e-05 2.891217123558582e-07 1.239885368031475e-07 7.7685269779361e-08 0.0 
7.853200816248197e-06 2.5246217764561038e-05 2.8761984830049876e-07 1.2325732443628228e-07 7.721847872391154e-08 0.0 
7.844644573335822e-06 2.5253953434375538e-05 2.8617572351087965e-07 1.2255229074190297e-07 7.676829345191333e-08 0.0 
7.837506980601675e-06 2.5266290336790852e-05 2.847894976888021e-07 1.2187348858259217e-07 7.633474918747569e-08 0.0 
7.831803673108913e-06 2.5283298449888824e-05 2.8346090835043234e-07 1.212207199117666e-07 7.591771143689077e-08 0.0 
7.827551595870667e-06 2.5305052388907424e-05 2.821897335057776e-07 1.205938047285043e-07 7.551705716636241e-08 0.0 
7.824761065120826e-06 2.5331611620184378e-05 2.809752289613611e-07 1.1999234030782074e-07 7.513252591067482e-08 0.0 
7.823764836154255e-06 2.5363725924689396e-05 2.798465920196091e-07 1.194300538540747e-07 7.477280197746869e-08 0.0 
7.824619943266639e-06 2.5401553327875374e-05 2.7880620504981924e-07 1.1890773856139841e-07 7.44383455228952e-08 0.0 
7.827020884916416e-06 2.5444497790116946e-05 2.778241861094884e-07 1.1841147529718474e-07 7.412037160270277e-08 0.0 
7.83098141713406e-06 2.5492632439730888e-05 2.768998112961121e-07 1.1794084517262519e-07 7.381860680020267e-08 0.0 
7.836532001043544e-06 2.554607895490959e-05 2.760335424742185e-07 1.1749597594734414e-07 7.353312245755619e-08 0.0 
7.843703973834156e-06 2.5604960533678347e-05 2.752258211224278e-07 1.1707698334929527e-07 7.32639818039252e-08 0.0 
7.852496790044009e-06 2.566930444688621e-05 2.7447553239808293e-07 1.1668321997888493e-07 7.301075561213375e-08 0.0 
7.862886926284058e-06 2.573906476105013e-05 2.7378040289935574e-07 1.1631343383586094e-07 7.277262064275892e-08 0.0 
7.874902205380965e-06 2.5814355405519905e-05 2.7314054815314234e-07 1.1596756977681026e-07 7.254952876276445e-08 0.0 
7.888640956099336e-06 2.5895412436671152e-05 2.725616017899949e-07 1.15647971396336e-07 7.234292834536869e-08 0.0 
7.904208099668232e-06 2.598252798766236e-05 2.720486295443612e-07 1.153567970740464e-07 7.215416797380142e-08 0.0 
7.921644752869495e-06 2.607590387987888e-05 2.71601224969025e-07 1.1509384375252106e-07 7.198312759315923e-08 0.0 
7.940981497095873e-06 2.6175696106968043e-05 2.7121872547189476e-07 1.1485872968771377e-07 7.182956030699506e-08 0.0 
7.96225295134901e-06 2.628207603337992e-05 2.7090051862477367e-07 1.146510953028731e-07 7.16932335520317e-08 0.0 
7.985484725823027e-06 2.6395203981985183e-05 2.7064547179626247e-07 1.144703689534498e-07 7.157378380838388e-08 0.0 
8.010688015717093e-06 2.6515217762136515e-05 2.704520058722642e-07 1.1431581973628849e-07 7.147075107189427e-08 0.0 
8.037930875196574e-06 2.66423820554743e-05 2.703214764519501e-07 1.141879964305239e-07 7.138448000852297e-08 0.0 
8.067323588892255e-06 2.6777112848756142e-05 2.702566415555879e-07 1.1408821480052295e-07 7.131582722157609e-08 0.0 
8.099032205950272e-06 2.6919953232530484e-05 2.702644098511764e-07 1.140197696750834e-07 7.126690403167453e-08 0.0 
8.133647037209302e-06 2.7072620744101053e-05 2.7037719038377627e-07 1.1399839821369171e-07 7.124779670380983e-08 0.0 
8.170895144217566e-06 2.7234376407065307e-05 2.705774887473788e-07 1.1401499210028607e-07 7.125258389244795e-08 0.0 
8.210681152831072e-06 2.7405031734591588e-05 2.708566913098727e-07 1.1406521319368549e-07 7.127847511614308e-08 0.0 
8.253124714302252e-06 2.758515708433043e-05 2.712172447626219e-07 1.1415019641939461e-07 7.132620839994381e-08 0.0 
8.298323217775206e-06 2.7775210493872262e-05 2.7166107720804683e-07 1.1427073585592459e-07 7.139628497019944e-08 0.0 
8.3463415681097e-06 2.797535674117243e-05 2.7218976696173296e-07 1.1442724673818243e-07 7.14889209428313e-08 0.0 
8.397269471603512e-06 2.818577926258573e-05 2.728064771657321e-07 1.1462095027113781e-07 7.16048562202997e-08 0.0 
8.451225097550682e-06 2.84069466405259e-05 2.73513622432926e-07 1.1485290729412319e-07 7.174476915103055e-08 0.0 
8.508320506490087e-06 2.8639290103435287e-05 2.7431337950114514e-07 1.1512393683004487e-07 7.190916346172065e-08 0.0 
8.568670687634626e-06 2.888324312981873e-05 2.752080276930399e-07 1.1543487620824395e-07 7.209854970673136e-08 0.0 
8.632403973800593e-06 2.9139275617252298e-05 2.762004732506215e-07 1.1578682589239968e-07 7.231360213277018e-08 0.0 
8.699657493897547e-06 2.9407888370949044e-05 2.7729390742932754e-07 1.1618100416082321e-07 7.255506823765156e-08 0.0 
8.770577097119647e-06 2.9689615061615598e-05 2.7849222305851687e-07 1.1661895663322418e-07 7.282390214370857e-08 0.0 
8.845314562123747e-06 2.9985020606090176e-05 2.797989585913627e-07 1.1710205136837653e-07 7.312094563264897e-08 0.0 
8.924038068531615e-06 3.0294735566771428e-05 2.8121779935682495e-07 1.1763174284438358e-07 7.344710159960405e-08 0.0 
9.006969627579916e-06 3.0619594321658435e-05 2.8275410940846426e-07 1.1821043221445904e-07 7.38039076062497e-08 0.0 
9.09428533246776e-06 3.096030655202515e-05 2.844111009863158e-07 1.1883942755341317e-07 7.41921866925335e-08 0.0 
9.186181134631066e-06 3.13176274600052e-05 2.8619275169364864e-07 1.1952028932456748e-07 7.461290790231269e-08 0.0 
9.28290591029565e-06 3.1692442467212006e-05 2.881065857885847e-07 1.2025613485493674e-07 7.506801267843235e-08 0.0 
9.384760254416386e-06 3.208576843099521e-05 2.9016339125660336e-07 1.2105149444289945e-07 7.556032256023582e-08 0.0 
9.492035929459857e-06 3.249865394716436e-05 2.92370615982992e-07 1.219093785423878e-07 7.609170929094027e-08 0.0 
9.60503619794304e-06 3.2932191343640736e-05 2.9473607282246195e-07 1.2283293264797276e-07 7.666412646445831e-08 0.0 
9.724077982926982e-06 3.338752589524631e-05 2.9726799928635294e-07 1.2382546451860543e-07 7.727962676789698e-08 0.0 
9.849498051855563e-06 3.3865884136105564e-05 2.9997502894591084e-07 1.248904382911695e-07 7.794035993773865e-08 0.0 
9.981659707447306e-06 3.436859055001919e-05 3.028664806892136e-07 1.2603159889762082e-07 7.864865098380209e-08 0.0 
1.0120889367228271e-05 3.4896996952824114e-05 3.059471232227431e-07 1.2725085590132462e-07 7.940570896599132e-08 0.0 
1.026746171321408e-05 3.545229819171604e-05 3.0921894985049944e-07 1.285487971284627e-07 8.021189815466907e-08 0.0 
1.0421744710068981e-05 3.603588414872032e-05 3.1268988683244126e-07 1.2992840594018292e-07 8.106904919028697e-08 0.0 
1.0584195897301282e-05 3.6649473904459194e-05 3.1637068220945516e-07 1.3139398187257091e-07 8.19798347309653e-08 0.0 
1.0755310659268304e-05 3.729492704095871e-05 3.202729811497546e-07 1.3295018354100864e-07 8.294715057328246e-08 0.0 
1.0935626096526601e-05 3.7974262039946415e-05 3.2440941975272815e-07 1.3460206998901472e-07 8.397414205137353e-08 0.0 
1.1125862795734332e-05 3.869002973364633e-05 3.288025315771487e-07 1.3635921690451546e-07 8.506680582668135e-08 0.0 
1.1327344834829621e-05 3.944640844809966e-05 3.335106024904508e-07 1.3824742127243687e-07 8.62413564074922e-08 0.0 
1.1540346934015944e-05 4.024504175126947e-05 3.385229464314761e-07 1.4026090552824518e-07 8.749410410778285e-08 0.0 
1.1765409358049516e-05 4.1088380706740164e-05 3.4384223032782603e-07 1.424003083810313e-07 8.882546050110628e-08 0.0 
1.2003386452439434e-05 4.197958065260454e-05 3.494893317070804e-07 1.4467410224645547e-07 9.024070427396983e-08 0.0 
1.2255193310744018e-05 4.2921963018348535e-05 3.554866277135604e-07 1.4709125556637996e-07 9.174540450140055e-08 0.0 
1.252187205679619e-05 4.391935846146602e-05 3.6186091842489934e-07 1.4966265525181755e-07 9.334633831280038e-08 0.0 
1.2804585590349472e-05 4.497594456616268e-05 3.6864322748337063e-07 1.5240085332834212e-07 9.505130606030751e-08 0.0 
1.3104559035763221e-05 4.609629950235149e-05 3.7586369391437697e-07 1.5531806092805998e-07 9.686791372174468e-08 0.0 
1.342313898559705e-05 4.728544231289943e-05 3.835553384307032e-07 1.5842764237246894e-07 9.88044825688775e-08 0.0 
1.3761819430563306e-05 4.854893497549985e-05 3.917549951406681e-07 1.6174453947342942e-07 1.0087032000953554e-07 0.0 
1.4122982165457196e-05 4.989543807806735e-05 4.0053241827552995e-07 1.6529988025796928e-07 1.0308518140297858e-07 0.0 
1.4508429964596393e-05 5.133166973899448e-05 4.0993184170885183e-07 1.6911122704475795e-07 1.0545994228032047e-07 0.0 
1.4919609218548842e-05 5.286320203853268e-05 4.199799774446321e-07 1.7318743082944036e-07 1.079998760894176e-07 0.0 
1.535877836276941e-05 5.449845637135168e-05 4.30732247996974e-07 1.7755096516433737e-07 1.107189827324368e-07 0.0 
1.5828477245810604e-05 5.624689935177615e-05 4.422512428864281e-07 1.8222726365477702e-07 1.1363311213046027e-07 0.0 
1.633154783801427e-05 5.811912622895378e-05 4.546069542034343e-07 1.8724476682329517e-07 1.1675998814417702e-07 0.0 
1.68711784534775e-05 6.012702641952613e-05 4.6787785368607887e-07 1.9263535920103439e-07 1.2011948094203414e-07 0.0 
1.7450955694508334e-05 6.228397799270638e-05 4.821521569878149e-07 1.984348823319078e-07 1.2373392666959e-07 0.0 
1.8074920072018753e-05 6.460506814482874e-05 4.975291235305383e-07 2.0468368519008047e-07 1.276284735699761e-07 0.0 
1.8747671193546887e-05 6.710753874476278e-05 5.141214069578592e-07 2.114277832163526e-07 1.318318408364089e-07 0.0 
1.9474486785098545e-05 6.981110817575787e-05 5.320592993792585e-07 2.1872047096698454e-07 1.3637729602349526e-07 0.0 
2.0261377465584517e-05 7.273822603840954e-05 5.514915029029418e-07 2.266225914165579e-07 1.4130281603948238e-07 0.0 
2.1115159219042017e-05 7.591441907165407e-05 5.725848288960652e-07 2.35202219348597e-07 1.4665087848686738e-07 0.0 
2.2043623249697015e-05 7.936887371729832e-05 5.955298423837739e-07 2.445370793214916e-07 1.5246997707893922e-07 0.0 
2.3055744158765176e-05 8.313518968493427e-05 6.205463196791778e-07 2.5471671683514563e-07 1.5881596248419697e-07 0.0 
2.416212071005803e-05 8.725280157539473e-05 6.479006888891416e-07 2.658500739195955e-07 1.6575679979102854e-07 0.0 
2.5374851572272125e-05 9.176700241157634e-05 6.778897742122238e-07 2.780582403165619e-07 1.7336803572266658e-07 0.0 
2.670799804461269e-05 9.673050585328988e-05 7.108565813414375e-07 2.914809941092041e-07 1.81736865034074e-07 0.0 
2.8178027768266768e-05 0.00010220507260380039 7.472024125198215e-07 3.06281865641065e-07 1.909653011383201e-07 0.0 
2.9804320561495257e-05 0.00010826344238328857 7.873990584942154e-07 3.226531315082661e-07 2.0117329721091416e-07 0.0 
3.160980444528406e-05 0.00011499171502711782 8.32004836605539e-07 3.408223340265287e-07 2.1250280915348372e-07 0.0 
3.3622126284391165e-05 0.00012249257509572162 8.817113000555682e-07 3.6107075196075e-07 2.251291230525054e-07 0.0 
3.587411605697525e-05 0.00013088866790120424 9.373254984720551e-07 3.8372682455672434e-07 2.3925702089287503e-07 0.0 
3.8404993233882795e-05 0.00014032720739349229 9.997996426984254e-07 4.091781764531172e-07 2.551282736551855e-07 0.0 
4.126200265021008e-05 0.00015098598484666493 1.0702776113279118e-06 4.378904734065169e-07 2.730333486376983e-07 0.0 
4.45029247602109e-05 0.0001630822640673151 1.1501579032611166e-06 4.704329845136206e-07 2.933273358443288e-07 0.0 
4.81986866011369e-05 0.00017688322698495372 1.2411532460343898e-06 5.075033551887823e-07 3.164455003180106e-07 0.0 
5.243678969768224e-05 0.00019271877121411696 1.3453753207087668e-06 5.499617034337559e-07 3.429244750666642e-07 0.0 
5.7326527267199296e-05 0.00021100020053060664 1.4654645320811954e-06 5.98882556682667e-07 3.7343450459598287e-07 0.0 
6.300522227204e-05 0.00023224457599546887 1.6047339462237433e-06 6.556140558604551e-07 4.088165093943979e-07 0.0 
6.964684217862541e-05 0.00025710739905294647 1.7673742581339227e-06 7.218613597986657e-07 4.5013413013986136e-07 0.0 
7.747368871965799e-05 0.00028642675775014887 1.958731977907036e-06 7.997996108883103e-07 4.987441800038825e-07 0.0 
8.677240354335173e-05 0.00032128392504134713 2.185689496525938e-06 8.922283699872612e-07 5.563929806052874e-07 0.0 
9.791658428195552e-05 0.0003630882793130816 2.457222549934304e-06 1.0027989622069191e-06 6.253581602456329e-07 0.0 
0.00011139751635493555 0.0004136935373439658 2.7851353747099792e-06 1.136313243899239e-06 7.086349970173355e-07 0.0 
0.00012786576546655544 0.00047555671588547153 3.185003547260896e-06 1.2991046842020921e-06 8.10174138994347e-07 0.0 
0.00014819558703356474 0.0005519785398114726 3.6778179051081197e-06 1.4997187980914006e-06 9.353070385836886e-07 0.0 
0.0001735610483599716 0.0006473935964548782 4.291732856871197e-06 1.7496145835051304e-06 1.0911826018777382e-06 0.0 
0.00020551004813483702 0.0007676639019432958 5.063463074768704e-06 2.0637016505247933e-06 1.287100384156352e-06 0.0 
0.00024603628170421783 0.0009203479924140011 6.040259483576495e-06 2.4611884038201064e-06 1.535044229826251e-06 0.0 
0.00029735910035904597 0.0011138981276287002 7.274213425264273e-06 2.9632686574173757e-06 1.848242229525609e-06 0.0 
0.0003606348785472533 0.0013528204062847502 8.790654469036556e-06 3.580164593140451e-06 2.233073592043481e-06 0.0 
0.0004318567679635481 0.0016222650487549288 1.0489140600681257e-05 4.27090446646987e-06 2.6639898390630306e-06 0.0 
0.0004939456628052654 0.0018581564151738824 1.1954203777493368e-05 4.866348425689042e-06 3.0354972644687406e-06 0.0 
0.000516084324428841 0.0019443168042907477 1.2444986595356052e-05 5.0650937486729226e-06 3.159586463906118e-06 0.0 
0.00048098228232881817 0.0018148704184223696 1.1556461946575446e-05 4.70259861491663e-06 2.9335895044199087e-06 0.0 
0.0004086893510091534 0.0015445491868847562 9.783702896520977e-06 3.980560706947034e-06 2.4832848556000735e-06 0.0 
0.00033086786025375515 0.0012524667841912784 7.891760021738708e-06 3.210315743786242e-06 2.0028677769985946e-06 0.0 
0.0002639558166423652 0.0010008018024586591 6.272750198265162e-06 2.5513311560954928e-06 1.5918211428566605e-06 0.0 
0.00021101266338982845 0.0008013594256112063 4.9962326923709125e-06 2.0318289146955524e-06 1.2677621455140175e-06 0.0 
0.00017013428218873105 0.0006471540972857842 4.013597389131817e-06 1.6319773933228782e-06 1.0183291440202722e-06 0.0 
0.00013861604223470308 0.000528106714706247 3.2580940447066675e-06 1.3245857280468887e-06 8.265663059914671e-07 0.0 
0.0001141443238020618 0.0004355631330395549 2.673083702956185e-06 1.0865899889035116e-06 6.780897739957638e-07 0.0 
9.49572151623279e-05 0.00036291987061582917 2.2156170695241855e-06 9.005043651801199e-07 5.619939305671583e-07 0.0 
7.975513661985788e-05 0.00030529907039140715 1.8541100035889479e-06 7.534710625780154e-07 4.702591549485237e-07 0.0 
6.758403604278044e-05 0.0002591154126517499 1.565426382840165e-06 6.360710083215822e-07 3.970102478528518e-07 0.0 
5.774103630130171e-05 0.00022172493006923917 1.3325581986286968e-06 5.413808429018157e-07 3.3792862997322313e-07 0.0 
4.970437632423781e-05 0.00019116326011723835 1.1429059275138465e-06 4.642724621718444e-07 2.8981549624100544e-07 0.0 
4.308320791101285e-05 0.00016595765633106046 9.870497566986011e-07 4.0091233158859684e-07 2.502795176803656e-07 0.0 
3.758199687542375e-05 0.0001449934665700562 8.578816972229668e-07 3.484079343220502e-07 2.175163028414091e-07 0.0 
3.297518025173269e-05 0.0001274190855881127 7.499890195830486e-07 3.0455672831884767e-07 1.9015181538942584e-07 0.0 
2.9088819280686312e-05 0.00011257750680593064 6.592006953313941e-07 2.6766156711813994e-07 1.671273070570674e-07 0.0 
2.578759908421275e-05 9.995728637031896e-05 5.822764613258259e-07 2.3640413968991152e-07 1.4762035307360428e-07 0.0 
2.296538438928308e-05 8.915697081218884e-05 5.166792390845455e-07 2.0975229211580077e-07 1.3098702942674378e-07 0.0 
2.0538241633109174e-05 7.985884300871392e-05 4.6040637419832573e-07 1.8689134821485228e-07 1.1671907437191314e-07 0.0 
1.84392287555973e-05 7.180934058793472e-05 4.1186319526170087e-07 1.6717266744422933e-07 1.0441180697175592e-07 0.0 
1.6614592189191375e-05 6.480468034102428e-05 3.69772678134432e-07 1.5007697041678277e-07 9.374125279024843e-08 0.0 
1.5020836303445305e-05 5.867981541373575e-05 3.331034514596424e-07 1.3518485999678567e-07 8.44457416020255e-08 0.0 
1.3622414702671215e-05 5.329988139328594e-05 3.010115410203202e-07 1.221530575489814e-07 7.631109103539958e-08 0.0 
1.23901630808958e-05 4.8554158031401865e-05 2.7280563777755837e-07 1.1070040973378869e-07 6.916187804708585e-08 0.0 
1.1300003767902865e-05 4.435117623262837e-05 2.479159593578569e-07 1.0059521241696996e-07 6.285353074736024e-08 0.0 
1.0331940921551995e-05 4.0614924621626884e-05 2.258701000899951e-07 9.164538052886504e-08 5.7266195761592685e-08 0.0 
9.469275448263708e-06 3.728188382755941e-05 2.0627418823176847e-07 8.369077877150456e-08 5.229995359168406e-08 0.0 
8.697994165047579e-06 3.429870675130079e-05 1.8879843087044242e-07 7.659733907603874e-08 4.7871147602691976e-08 0.0 
8.006277775789769e-06 3.162036368967684e-05 1.7316532517558015e-07 7.025226603704113e-08 4.390939332596611e-08 0.0 
7.384092776061222e-06 2.9208633422851347e-05 1.5913924286664892e-07 6.45597998708688e-08 4.035493912793306e-08 0.0 
6.823005375825353e-06 2.703158662789877e-05 1.4652221018245925e-07 5.943989492505179e-08 3.715789719890543e-08 0.0 
6.315791076724309e-06 2.5061824019447067e-05 1.3514499737151431e-07 5.482404565432455e-08 3.4275556055828444e-08 0.0 
5.8559659267399e-06 2.327422007787261e-05 1.2485639430369531e-07 5.06501293375488e-08 3.1669051942903707e-08 0.0 
5.438300821623814e-06 2.1648781714337494e-05 1.1553605700074232e-07 4.6869604216081045e-08 2.9308129141827258e-08 0.0 
5.058192340247414e-06 2.0167926235133963e-05 1.0707728762180307e-07 4.343921986336575e-08 2.7165805753239858e-08 0.0 
4.711290354695572e-06 1.881499204906568e-05 9.937666471635226e-08 4.031645502436514e-08 2.5215494161154847e-08 0.0 
4.3940540235861804e-06 1.7576392561208565e-05 9.235218252122661e-08 3.746796200187067e-08 2.3436377234232042e-08 0.0 
4.103394530841445e-06 1.6440313146925825e-05 8.59322797070442e-08 3.4864707926503065e-08 2.181034003071954e-08 0.0 
3.83660384177976e-06 1.5396392611988374e-05 8.00543314994262e-08 3.2481294735468245e-08 2.032153593118964e-08 0.0 
3.5913722180309475e-06 1.4435693103333372e-05 7.466661419691825e-08 3.029674427893094e-08 1.8956865025561594e-08 0.0 
3.3656615621748673e-06 1.355030633393335e-05 6.972351293993737e-08 2.829250424429295e-08 1.7704735574117423e-08 0.0 
3.1575831420374627e-06 1.273301459165884e-05 6.518077266325877e-08 2.6450611644312898e-08 1.655394107287613e-08 0.0 
2.9654683598512282e-06 1.1977434824788134e-05 6.099945531451618e-08 2.475528210897089e-08 1.5494635994785656e-08 0.0 
2.7878289048862997e-06 1.1277889049444685e-05 5.714481232835565e-08 2.3192426088327335e-08 1.4518032079202595e-08 0.0 
2.6233365697479025e-06 1.0629301352026545e-05 5.358588368872875e-08 2.1749483872727235e-08 1.3616293896244987e-08 0.0 
2.470789127537787e-06 1.0027097398202307e-05 5.029465953823072e-08 2.0415123507558564e-08 1.27823557623571e-08 0.0 
2.329099659506331e-06 9.467136987122415e-06 4.7245699553490415e-08 1.9179041092645415e-08 1.2009792715260622e-08 0.0 
2.1973352977920158e-06 8.945833450798797e-06 4.441767411829841e-08 1.8032598878974356e-08 1.1293215878570616e-08 0.0 
2.074659244721199e-06 8.459955307884517e-06 4.1791576338788276e-08 1.696808106355159e-08 1.0627808130471278e-08 0.0 
1.9603161782714746e-06 8.006582422739473e-06 3.935026953482157e-08 1.5978526019553373e-08 1.0009222366953784e-08 0.0 
1.8536247538484378e-06 7.583079279817643e-06 3.707831722865035e-08 1.5057663571023645e-08 9.433543217947543e-09 0.0 
1.7539692572429287e-06 7.187062970575039e-06 3.496178967752575e-08 1.419983624915445e-08 8.897237882199869e-09 0.0 
1.6607923214691854e-06 6.816375251449504e-06 3.2988095212223123e-08 1.3399930650808562e-08 8.397113269581145e-09 0.0 
1.5735885571056076e-06 6.46905809786871e-06 3.1145832872325205e-08 1.2653317469270415e-08 7.930278557871632e-09 0.0 
1.4919013786501319e-06 6.143337273608935e-06 2.9424792767222727e-08 1.1955849618423803e-08 7.494143325719654e-09 0.0 
1.4153237416164431e-06 5.837616300134322e-06 2.781599456032821e-08 1.1303872326247528e-08 7.086423070387696e-09 0.0 
1.3434775332804643e-06 5.550424710810156e-06 2.6310948843405767e-08 1.0693937787257357e-08 6.704964439807105e-09 0.0 
1.2760145777539737e-06 5.280410302695765e-06 2.4901815362214354e-08 1.012286296160301e-08 6.347779731099974e-09 0.0 
1.2126165011120047e-06 5.026335736175209e-06 2.358143586164382e-08 9.587741526046465e-09 6.0130539465865735e-09 0.0 
1.1529904641561606e-06 4.7870639703416895e-06 2.234322390048303e-08 9.085900616311342e-09 5.699118105665407e-09 0.0 
1.0968693289373516e-06 4.561558556659788e-06 2.1181186081241603e-08 8.614909367537304e-09 5.404454451673882e-09 0.0 
1.0440134359406786e-06 4.348884000652831e-06 2.0089952196216378e-08 8.172588437330377e-09 5.127701938652945e-09 0.0 
9.941996820898622e-07 4.148171600790395e-06 1.9064535278489656e-08 7.756914494577719e-09 4.867596967451099e-09 0.0 
9.472187066828248e-07 3.958610698887639e-06 1.810025877731997e-08 7.365992370974886e-09 4.622956275239132e-09 0.0 
9.028738458462008e-07 3.779464164180963e-06 1.719269943791536e-08 6.9980515063396635e-09 4.392677674176933e-09 0.0 
8.609990571585555e-07 3.610139098045688e-06 1.6338121007828136e-08 6.6516323057652926e-09 4.175857830412505e-09 0.0 
8.21417012069155e-07 3.4498974653554775e-06 1.553259363512561e-08 6.325089135690546e-09 3.971461368642345e-09 0.0 
7.839810460027482e-07 3.2981459873459264e-06 1.4772960593298858e-08 6.017129752992566e-09 3.778678807070333e-09 0.0 
7.485564404407997e-07 3.15435829414534e-06 1.4056277075779861e-08 5.726563739049886e-09 3.596766865927429e-09 0.0 
7.150149060023273e-07 3.0180349392722135e-06 1.3379698827901447e-08 5.452238290056719e-09 3.4250056683348787e-09 0.0 
6.832382060372624e-07 2.8887150041127504e-06 1.2740619823672238e-08 5.193097610627383e-09 3.2627358832777186e-09 0.0 
6.531185186538567e-07 2.7659742089700767e-06 1.2136720856462967e-08 4.948202233433447e-09 3.1093704006858573e-09 0.0 
6.245569394011131e-07 2.6494290256744616e-06 1.1565826980437136e-08 4.7166787110797355e-09 2.9643646247587115e-09 0.0 
5.974839976273618e-07 2.538836206019997e-06 1.1026451249819522e-08 4.497979820625759e-09 2.827383591573752e-09 0.0 
5.7179251861494e-07 2.433756819046973e-06 1.051618909991525e-08 4.291088337229679e-09 2.697786740427727e-09 0.0 
5.473866978832073e-07 2.333801485496462e-06 1.0032902912575223e-08 4.095112599419083e-09 2.5750141634496162e-09 0.0 
5.241907043451368e-07 2.238673427875372e-06 9.574926926434985e-09 3.9093782596455516e-09 2.458644731730572e-09 0.0 
5.021339073269566e-07 2.1480959593437853e-06 9.14071376357365e-09 3.733258941353893e-09 2.3482872543476604e-09 0.0 
4.811504682322836e-07 2.0618109204743737e-06 8.728824888292996e-09 3.5661723692343892e-09 2.2435780643217696e-09 0.0 
4.6117896839514015e-07 1.9795772536567047e-06 8.337921927794838e-09 3.4075768493224e-09 2.144178822760407e-09 0.0 
4.421620695492282e-07 1.9011697016228576e-06 7.966758768459271e-09 3.256968063894897e-09 2.0497745193299844e-09 0.0 
4.2404689554209595e-07 1.8263791637129253e-06 7.614204242391862e-09 3.1138875649413757e-09 1.9600786006890204e-09 0.0 
4.06784220597617e-07 1.7550104684999443e-06 7.279209356894359e-09 2.9779101447339976e-09 1.874825252526193e-09 0.0 
3.903273141695898e-07 1.6868805630912598e-06 6.960762687833121e-09 2.848627828129933e-09 1.7937598014214918e-09 0.0 
3.746331276329916e-07 1.621821833309999e-06 6.657937352711862e-09 2.7256691556040724e-09 1.7166506652508496e-09 0.0 
3.596626715950534e-07 1.559680368628266e-06 6.369917176830153e-09 2.6087073814144773e-09 1.6432939910015356e-09 0.0 
3.4538075940833477e-07 1.5003160216282673e-06 6.095983532692429e-09 2.497454358242036e-09 1.5735098004694449e-09 0.0 
3.317512330392156e-07 1.4435855486201993e-06 5.835361730864541e-09 2.3915955769496247e-09 1.5071014356056763e-09 0.0 
3.1874001049684294e-07 1.3893539433998727e-06 5.587322108821263e-09 2.290834856402338e-09 1.4438837088821959e-09 0.0 
3.063150533975831e-07 1.3374942224918038e-06 5.351180327591613e-09 2.1948944925137882e-09 1.3836829874527573e-09 0.0 
2.944462256819885e-07 1.2878868023900836e-06 5.126294030310926e-09 2.103513799603033e-09 1.3263362645070138e-09 0.0 
2.8310516167045836e-07 1.2404186425483423e-06 4.912062902035035e-09 2.0164489688679175e-09 1.2716910332498516e-09 0.0 
2.722628082430394e-07 1.1949744294369511e-06 4.70786690878019e-09 1.933448123567408e-09 1.2195897929918352e-09 0.0 
2.618901438560931e-07 1.151440343223345e-06 4.513068444720526e-09 1.854252966818954e-09 1.1698712635509096e-09 0.0 
2.519635418209971e-07 1.1097223224211177e-06 4.327169355058191e-09 1.7786617971361108e-09 1.1224093471817297e-09 0.0 
2.424607239926039e-07 1.0697315800483231e-06 4.1497017621159626e-09 1.7064851796893296e-09 1.0770856051426175e-09 0.0 
2.3336428833075004e-07 1.0313981541869197e-06 3.980356108966653e-09 1.6375990806869582e-09 1.0338223744555055e-09 0.0 
2.2466086219338406e-07 9.946723070619819e-07 3.818928540958583e-09 1.5719265919852677e-09 9.925719845717147e-10 0.0 
2.1632903278486638e-07 9.594592736376778e-07 3.664943449408828e-09 1.5092664781813979e-09 9.532074520467462e-10 0.0 
2.0834899035738657e-07 9.256786044545981e-07 3.51796068632609e-09 1.449438737472028e-09 9.156161229326946e-10 0.0 
2.007025900966532e-07 8.932595069979869e-07 3.3775790945440072e-09 1.392281634642637e-09 8.796971005569371e-10 0.0 
1.9337250476815387e-07 8.621344539604437e-07 3.2434169838711707e-09 1.3376415045157885e-09 8.453545385040033e-10 0.0 
1.8634122063937476e-07 8.322365169526908e-07 3.115090078778807e-09 1.2853653011265563e-09 8.124931708093367e-10 0.0 
1.7959443850250707e-07 8.035085976212667e-07 2.992302180270111e-09 1.2353333422607962e-09 7.810381696764028e-10 0.0 
1.7311906014731315e-07 7.758978095323534e-07 2.874785481943687e-09 1.1874369710767351e-09 7.509215219581111e-10 0.0 
1.6690267639601393e-07 7.493540202923857e-07 2.7622867639431216e-09 1.141573470656298e-09 7.220789317934861e-10 0.0 
1.609335259310438e-07 7.238296879478051e-07 2.65456650119943e-09 1.09764569957488e-09 6.944495925159744e-10 0.0 
1.552004568914737e-07 6.992797083461374e-07 2.5513980325278133e-09 1.0555617524122737e-09 6.67975974175361e-10 0.0 
1.496931743656114e-07 6.756619728778191e-07 2.452575408450876e-09 1.0152378379561083e-09 6.426055691292875e-10 0.0 
1.444062512554981e-07 6.529611506795685e-07 2.358003802939533e-09 9.766438344363164e-10 6.183205216701119e-10 0.0 
1.393316712144888e-07 6.311468223815387e-07 2.2675266057797765e-09 9.397186827440609e-10 5.95082863484537e-10 0.0 
1.34456460172143e-07 6.101571318456557e-07 2.1808777707269245e-09 9.043448541379633e-10 5.728177797715349e-10 0.0 
1.2977144303734007e-07 5.899545752861748e-07 2.0978695156662348e-09 8.70445772643573e-10 5.514772894787654e-10 0.0 
1.2526817316392017e-07 5.705052606476736e-07 2.0183295067832523e-09 8.379517965109966e-10 5.31017834239604e-10 0.0 
1.2093862935408516e-07 5.51776963797734e-07 1.942094544622324e-09 8.067969762793334e-10 5.113981619786123e-10 0.0 
1.1677519169902133e-07 5.337390362388844e-07 1.8690100276756525e-09 7.769188398214317e-10 4.925791931589658e-10 0.0 
1.1277061894821831e-07 5.163623166121083e-07 1.7989294424491297e-09 7.482581827270441e-10 4.745238893265538e-10 0.0 
1.089180388760262e-07 4.996194264409268e-07 1.731714394696343e-09 7.207594664267916e-10 4.571975533213832e-10 0.0 
1.0521107436081005e-07 4.834848349450332e-07 1.6672417162434886e-09 6.943733505605677e-10 4.405693362700309e-10 0.0 
1.0164352813155899e-07 4.6793327660528943e-07 1.6053887081236204e-09 6.690500551187029e-10 4.2460804959385876e-10 0.0 
9.82094014648325e-08 4.5294041369475786e-07 1.5460343209789597e-09 6.447405510967134e-10 4.092830015625456e-10 0.0 
9.490312933420112e-08 4.3848349275844305e-07 1.4890684919234507e-09 6.214002187446148e-10 3.945662393817644e-10 0.0 
9.171941113293058e-08 4.245409205005212e-07 1.4343901603109812e-09 5.989884262378612e-10 3.8043232064185265e-10 0.0 
8.865282498073363e-08 4.110909480500545e-07 1.3818890938094764e-09 5.774608997376379e-10 3.6685358038553e-10 0.0 
8.569851979998906e-08 3.9811402557038224e-07 1.3314674560276004e-09 5.567784387852486e-10 3.538055313777786e-10 0.0 
8.285169529517154e-08 3.855906072181537e-07 1.2830285844801725e-09 5.369018852432486e-10 3.412636590020962e-10 0.0 
8.010781406117217e-08 3.73503174444197e-07 1.2364825670227046e-09 5.177957194056999e-10 3.2920587241097816e-10 0.0 
7.746282015232457e-08 3.618359584666998e-07 1.1917512157468087e-09 4.994291287986744e-10 3.17613004343648e-10 0.0 
7.491408197817066e-08 3.505756733722693e-07 1.148790429897859e-09 4.817827175202519e-10 3.064725784569506e-10 0.0 
7.245804475088067e-08 3.3970738963806396e-07 1.1075305627489942e-09 4.6482799145083517e-10 2.9576669637735593e-10 0.0 
7.009122622939604e-08 3.2921657338743635e-07 1.06790257001833e-09 4.4853675916036264e-10 2.8547767193536486e-10 0.0 
6.781016194927911e-08 3.1908895931422404e-07 1.0298376841704865e-09 4.3288105808183146e-10 2.7558797829266884e-10 0.0 
6.56115186199905e-08 3.0931079423955635e-07 9.932699883126777e-10 4.178340922561229e-10 2.6608081960810427e-10 0.0 
6.349208104248312e-08 2.9986888603601307e-07 9.581360116794082e-10 4.0337009726623095e-10 2.569400503193627e-10 0.0 
6.144844500528465e-08 2.9074908311276316e-07 9.243678375591508e-10 3.894613426867135e-10 2.4814828137770494e-10 0.0 
5.9476737919082274e-08 2.819349548971472e-07 8.918869186767321e-10 3.7607548890183944e-10 2.39685215608484e-10 0.0 
5.75736521946201e-08 2.7341346202910895e-07 8.606280556761892e-10 3.6318650274010437e-10 2.3153459411045322e-10 0.0 
5.5735817994081164e-08 2.6517166162812695e-07 8.305250877827771e-10 3.507682165367712e-10 2.2368010353142796e-10 0.0 
5.396070708336095e-08 2.571990396176651e-07 8.01529788026061e-10 3.38801049629336e-10 2.1610946155232797e-10 0.0 
5.224591039850277e-08 2.4948555424312547e-07 7.73596364895926e-10 3.272664023756467e-10 2.0881099898576256e-10 0.0 
5.058912306571934e-08 2.4202158864575784e-07 7.466811424628526e-10 3.161465353465752e-10 2.0177358538915478e-10 0.0 
4.898813936402385e-08 2.3479793067377042e-07 7.207424525197378e-10 3.0542452539530435e-10 1.9498660158205304e-10 0.0 
4.7441002491160043e-08 2.2780697095637108e-07 6.957444000938998e-10 2.950863522764923e-10 1.8844131983494408e-10 0.0 
4.5946410713553014e-08 2.2104695520607804e-07 6.716650344949317e-10 2.8512623617353386e-10 1.821345378395439e-10 0.0 
4.4502007010692325e-08 2.1450536302326365e-07 6.484597421720965e-10 2.75523838002807e-10 1.7605317995223068e-10 0.0 
4.3105772988788704e-08 2.081717950010037e-07 6.260922085136886e-10 2.6626290348161753e-10 1.7018682272258755e-10 0.0 
4.1756059127122476e-08 2.0203929928850172e-07 6.045326436006807e-10 2.573313315191925e-10 1.6452786209697645e-10 0.0 
4.045247784272319e-08 1.961053403997814e-07 5.837841785739462e-10 2.487299699914989e-10 1.5907669210113677e-10 0.0 
3.9193628872644564e-08 1.903642529827891e-07 5.638223828451718e-10 2.40449152030873e-10 1.5382726318914118e-10 0.0 
3.797778547312835e-08 1.8480952029332286e-07 5.446125967129435e-10 2.3247538728968797e-10 1.4877120435690364e-10 0.0 
3.6803090153968035e-08 1.7943358294119777e-07 5.261171546797177e-10 2.2479346310457506e-10 1.4389900224184196e-10 0.0 
3.566781138705816e-08 1.74229258519966e-07 5.08301590662007e-10 2.1738937186857536e-10 1.392018813608938e-10 0.0 
3.4570056576067474e-08 1.691888551689708e-07 4.911286126656311e-10 2.1024816294759532e-10 1.3467049699560535e-10 0.0 
3.3508207526318825e-08 1.6430566767684304e-07 4.745673589591188e-10 2.0335741016057698e-10 1.3029706507583704e-10 0.0 
3.24809870340409e-08 1.5957437745955557e-07 4.5859460591911435e-10 1.9670780130289377e-10 1.2607576013844357e-10 0.0 
3.148716712997178e-08 1.5498977010715274e-07 4.4318785082793214e-10 1.9029016999415675e-10 1.2200082219676333e-10 0.0 
3.052556549777484e-08 1.505466711309028e-07 4.283251393823329e-10 1.8409536252556853e-10 1.1806646237835882e-10 0.0 
2.95950479047317e-08 1.4624023997064887e-07 4.1398575332392456e-10 1.7811491652778392e-10 1.1426735812688502e-10 0.0 
2.8694524193401392e-08 1.420658272673842e-07 4.0014984670233293e-10 1.7234073577766883e-10 1.1059841838756324e-10 0.0 
2.7822949125201023e-08 1.3801905367307003e-07 3.8679855367321747e-10 1.6676523234629378e-10 1.0705488410665962e-10 0.0 
2.6979314123739163e-08 1.340956918135874e-07 3.739136753546659e-10 1.6138108436093723e-10 1.0363216281788043e-10 0.0 
2.6162636584943183e-08 1.3029151848044083e-07 3.6147739423559925e-10 1.5618099642163904e-10 1.0032566294876941e-10 0.0 
2.537206956213498e-08 1.2660276835203255e-07 3.494742967878678e-10 1.511585932172572e-10 9.713136304178985e-11 0.0 
2.4606924887413187e-08 1.230262045248314e-07 3.378917420412115e-10 1.463085538213971e-10 9.404589423895818e-11 0.0 
2.3866285093537178e-08 1.195579295960662e-07 3.267134409136423e-10 1.4162423684025742e-10 9.106507812962505e-11 0.0 
2.314924423351004e-08 1.1619412314183863e-07 3.1592344804803594e-10 1.3709916038492923e-10 8.81848382603016e-11 0.0 
2.24550895007367e-08 1.1293202297657964e-07 3.0550940369297295e-10 1.3272855635534535e-10 8.540220522132855e-11 0.0 
2.1783210452629504e-08 1.0976923434185846e-07 2.9546132956106427e-10 1.2850858518860468e-10 8.271478275269867e-11 0.0 
2.1132891739806854e-08 1.0670266847031323e-07 2.857667074064227e-10 1.24434136019927e-10 8.011935044038592e-11 0.0 
2.050339680841711e-08 1.0372916524277886e-07 2.764122681982447e-10 1.204997850941642e-10 7.761249473720298e-11 0.0 
