6.265259767707407e-05 0.00016709036662411415 4.081878800548856e-06 2.000302283792255e-06 1.2881832841426513e-06 0.0 
6.171667295856666e-05 0.00016482366219569778 4.002903376469142e-06 1.959244941405122e-06 1.2613878940371293e-06 0.0 
6.0798697970171036e-05 0.00016259803716858997 3.925734204767827e-06 1.9191694592201515e-06 1.2352401391576814e-06 0.0 
5.989854008919511e-05 0.00016041318046708218 3.8503494075073875e-06 1.880064789288698e-06 1.2097329301444037e-06 0.0 
5.9015806039945343e-05 0.00015826822204556928 3.776702326480597e-06 1.8419043797497194e-06 1.1848485047099572e-06 0.0 
5.81497902617509e-05 0.0001561616450989278 3.704717460030331e-06 1.8046450706145443e-06 1.160558042322098e-06 0.0 
5.7300322210562786e-05 0.00015409326226154983 3.634353139347477e-06 1.7682634283964838e-06 1.1368463230100285e-06 0.0 
5.6467039998591285e-05 0.00015206233588461654 3.5655604238783832e-06 1.7327312117772383e-06 1.1136944742558119e-06 0.0 
5.564957174460226e-05 0.00015006809681840822 3.4982909769890955e-06 1.6980205344189862e-06 1.091083836880581e-06 0.0 
5.484755662999898e-05 0.00014810972642924803 3.4325035158594508e-06 1.6641075962170354e-06 1.0689984295087464e-06 0.0 
5.406067788879191e-05 0.0001461864018858755 3.3681855703599405e-06 1.6309860169999677e-06 1.0474338798067338e-06 0.0 
5.3288647803697744e-05 0.00014429741533672383 3.3053271363608345e-06 1.5986523104142693e-06 1.0263880176532613e-06 0.0 
5.2531227212944534e-05 0.0001424422834285769 3.243898908290588e-06 1.5670899691078262e-06 1.005849858748685e-06 0.0 
5.1788204217054935e-05 0.00014062057323321062 3.1838794815124483e-06 1.5362868496528761e-06 9.858112939491802e-07 0.0 
5.105899551386419e-05 0.00013883101985438475 3.12519566645916e-06 1.506201216427981e-06 9.662445642161247e-07 0.0 
5.0343151435425854e-05 0.00013707263739121887 3.0677921451954277e-06 1.4768016768694246e-06 9.471287858842598e-07 0.0 
4.9640370417406586e-05 0.00013534473987277703 3.0116349481325194e-06 1.4480690790972228e-06 9.284511868603634e-07 0.0 
4.895035868301781e-05 0.00013364665832185852 2.9566911103874385e-06 1.4199848636810842e-06 9.101993955653463e-07 0.0 
4.827309675735261e-05 0.00013197863021491448 2.902937644785148e-06 1.392536737554542e-06 8.923655805543387e-07 0.0 
4.7609846517073945e-05 0.0001303426832055323 2.8506407079516197e-06 1.3658749397325301e-06 8.750484833115237e-07 0.0 
4.6960283865779215e-05 0.00012873799053686965 2.7997613682806876e-06 1.339974535439684e-06 8.582310933307773e-07 0.0 
4.632248311634197e-05 0.00012716151695231132 2.7499255533046608e-06 1.3146292954451333e-06 8.41778475595322e-07 0.0 
4.569615829742065e-05 0.000125612646922978 2.701097192954017e-06 1.289819151871156e-06 8.256773066245571e-07 0.0 
4.508104538448402e-05 0.00012409073695415692 2.653251510745947e-06 1.2655302328032796e-06 8.099183010332698e-07 0.0 
4.4476874205514604e-05 0.00012259512007322163 2.6063641439042655e-06 1.2417489240088779e-06 7.944923503782458e-07 0.0 
4.38834917341304e-05 0.00012112547329201713 2.5604163580860254e-06 1.218465161075176e-06 7.793928968215583e-07 0.0 
4.330073502666215e-05 0.00011968142778311123 2.5153910819251974e-06 1.195669664862611e-06 7.646138420927957e-07 0.0 
4.272859911859488e-05 0.00011826292762552113 2.471293233560456e-06 1.173365951810775e-06 7.501576257093156e-07 0.0 
4.2166992375430985e-05 0.00011686975131516195 2.4281147236402754e-06 1.1515500735432727e-06 7.360216954762422e-07 0.0 
4.16156329563742e-05 0.00011550122441685808 2.3858285546719653e-06 1.1302067699295448e-06 7.221958286752164e-07 0.0 
4.107424670643401e-05 0.00011415668982700288 2.34440858925169e-06 1.1093212908529167e-06 7.086701489252692e-07 0.0 
4.0542575051998836e-05 0.00011283551677187559 2.3038313069036187e-06 1.08888032897896e-06 6.954357303941568e-07 0.0 
4.002134092180734e-05 0.00011153822424564088 2.264280806806663e-06 1.0689801416318397e-06 6.825545899436898e-07 0.0 
3.951117263607895e-05 0.00011026671739632989 2.2257677231887146e-06 1.049629008954191e-06 6.700332314484184e-07 0.0 
3.901228713920028e-05 0.00010902300087043478 2.1881861006004846e-06 1.0307778977191127e-06 6.57841644275773e-07 0.0 
3.8523656389196784e-05 0.00010780419100169745 2.151477031477334e-06 1.0123892823483088e-06 6.459534196239568e-07 0.0 
3.8043765563543835e-05 0.00010660623318009485 2.1155345333206385e-06 9.94401153790009e-07 6.343266505953972e-07 0.0 
3.757241985042726e-05 0.00010542873203149354 2.080336889995034e-06 9.768015032761725e-07 6.229534201693427e-07 0.0 
3.710953550647986e-05 0.00010427161218288192 2.045869247917472e-06 9.595823456895438e-07 6.118285466517657e-07 0.0 
3.6654806600015036e-05 0.00010313407721107626 2.012107941512146e-06 9.427303468242164e-07 6.009431075046172e-07 0.0 
3.6208141667140925e-05 0.00010201588524520382 1.9790501800062726e-06 9.262444228849607e-07 5.902964067213939e-07 0.0 
3.5769531007658305e-05 0.00010091703256772992 1.9466983605141273e-06 9.101265197093595e-07 5.798897934067159e-07 0.0 
3.533874657988805e-05 9.983698954106351e-05 1.9150295038056904e-06 8.943638259237555e-07 5.697147490921103e-07 0.0 
3.49156065436151e-05 9.877539560353743e-05 1.8840210993268472e-06 8.789447816963215e-07 5.597637928773502e-07 0.0 
3.4500063261130545e-05 9.773217685266251e-05 1.853664839481461e-06 8.638655771759603e-07 5.500345722646789e-07 0.0 
3.4091991048779245e-05 9.670703471693746e-05 1.8239488385229494e-06 8.491197264620592e-07 5.405227798505489e-07 0.0 
3.36912751839796e-05 9.56996945268385e-05 1.7948628415629258e-06 8.347017567776096e-07 5.312247915321691e-07 0.0 
3.32977466691614e-05 9.470977541477964e-05 1.7663879409197334e-06 8.206011772700346e-07 5.22133660452973e-07 0.0 
3.2911318299079894e-05 9.373723688287454e-05 1.7385073818708563e-06 8.068089070353517e-07 5.132434653446353e-07 0.0 
3.25319704114738e-05 9.278222118243395e-05 1.7112102793356221e-06 7.933189373987742e-07 5.045503136338245e-07 0.0 
3.2159552660285837e-05 9.184434724267702e-05 1.6844820176380388e-06 7.801229924884058e-07 4.960486900172682e-07 0.0 
3.1793971991635195e-05 9.092328860145726e-05 1.658319123258456e-06 7.67218455421713e-07 4.877367221410564e-07 0.0 
3.14351755573279e-05 9.001877536786502e-05 1.6327237426112471e-06 7.546054874028538e-07 4.796143160209401e-07 0.0 
3.1083023198284175e-05 8.913041957708049e-05 1.6076827689841822e-06 7.422765247831159e-07 4.7167640949890065e-07 0.0 
3.0737387153364476e-05 8.82578850156805e-05 1.583183395467136e-06 7.302242079548759e-07 4.6391808341725565e-07 0.0 
3.0397966437034438e-05 8.740046082761569e-05 1.5591960532832629e-06 7.1843256089172e-07 4.5632883576157645e-07 0.0 
3.0064612322845652e-05 8.655777399122726e-05 1.5357081177663076e-06 7.068953658811408e-07 4.489046744984041e-07 0.0 
2.9737201542517972e-05 8.572957637343209e-05 1.5127057417828549e-06 6.9560550999722e-07 4.416409811957997e-07 0.0 
2.9415488525671466e-05 8.491557467084564e-05 1.4901554918988406e-06 6.845466794058247e-07 4.3452734940924305e-07 0.0 
2.9099371434175057e-05 8.411555940729888e-05 1.4680462031739536e-06 6.737129604135015e-07 4.2755991077364113e-07 0.0 
2.8788758087976992e-05 8.332930804135104e-05 1.4463689016396013e-06 6.630994430380456e-07 4.207354189061668e-07 0.0 
2.8483559100194454e-05 8.255660296301261e-05 1.4251148659974878e-06 6.527013579227298e-07 4.140507211651781e-07 0.0 
2.8183695059938737e-05 8.179724064064447e-05 1.404276086435282e-06 6.425142940516642e-07 4.075028995214435e-07 0.0 
2.7889082223421004e-05 8.105101533079556e-05 1.3838443464351207e-06 6.325337612837228e-07 4.0108898731677415e-07 0.0 
2.759963626930809e-05 8.031772345153098e-05 1.3638114540549453e-06 6.227552998133139e-07 3.9480604007245155e-07 0.0 
2.731534778413998e-05 7.959737240867614e-05 1.3441737129879641e-06 6.131770984440512e-07 3.8865291404441186e-07 0.0 
2.7036218631752266e-05 7.889003467590292e-05 1.3249261765920018e-06 6.037970302944697e-07 3.8262834522534434e-07 0.0 
2.6762000585413905e-05 7.819511610978183e-05 1.3060476622175655e-06 5.946038909822166e-07 3.767249953591893e-07 0.0 
2.6492678289483824e-05 7.751274448688754e-05 1.287529897293072e-06 5.855935602238963e-07 3.7094026812774536e-07 0.0 
2.622916977856381e-05 7.684598866332197e-05 1.269404618706456e-06 5.767859967243923e-07 3.6528818669452355e-07 0.0 
2.597246707395383e-05 7.619682730988241e-05 1.2518060465760226e-06 5.682519815757938e-07 3.5981447667207387e-07 0.0 
2.5721666609475546e-05 7.556252833069207e-05 1.2346825960462175e-06 5.5996057233286e-07 3.5449806908535407e-07 0.0 
2.5475315183316254e-05 7.493963058870795e-05 1.2178824664205408e-06 5.518313569338462e-07 3.4928662369553084e-07 0.0 
2.523347139243512e-05 7.432801858094278e-05 1.201414455879158e-06 5.438676642245257e-07 3.441821201154716e-07 0.0 
2.4996024979494817e-05 7.37274405113594e-05 1.1852683491794456e-06 5.360641015620201e-07 3.3918101980871983e-07 0.0 
2.4762856392004167e-05 7.313763192321971e-05 1.1694329962927806e-06 5.28414858388212e-07 3.3427952292192645e-07 0.0 
2.4533856389201883e-05 7.255834255783337e-05 1.1538982918561397e-06 5.209146386828872e-07 3.29474162348861e-07 0.0 
2.430889121685115e-05 7.198933639859624e-05 1.1386519348935712e-06 5.13557216792594e-07 3.247608976835101e-07 0.0 
2.4087822703469587e-05 7.1430489055202e-05 1.1236830889541466e-06 5.063374335793973e-07 3.2013642658500003e-07 0.0 
2.387058906155343e-05 7.088162655513564e-05 1.1089896667844104e-06 4.992541082346446e-07 3.1559993582984974e-07 0.0 
2.3657114001497577e-05 7.034254131638475e-05 1.0945656286318198e-06 4.923039415784522e-07 3.111492403204863e-07 0.0 
2.3447305786878174e-05 6.981300282276488e-05 1.0804041736067408e-06 4.854833510321339e-07 3.067819826733579e-07 0.0 
2.324115844773462e-05 6.929301244824143e-05 1.0665032218093048e-06 4.787914745484052e-07 3.0249764980033333e-07 0.0 
2.3038878510145983e-05 6.878314108869475e-05 1.0528752220506873e-06 4.722357229801793e-07 2.983012726290637e-07 0.0 
2.2840447043781504e-05 6.828334990294582e-05 1.039517114327091e-06 4.658145050763137e-07 2.941918156263294e-07 0.0 
2.2645805822635305e-05 6.779349743679689e-05 1.0264229060518269e-06 4.595245642581963e-07 2.901671308872253e-07 0.0 
2.245489913547777e-05 6.731344563843292e-05 1.0135867892211228e-06 4.5336274433779767e-07 2.862251370693199e-07 0.0 
2.2267672432807087e-05 6.684305972582316e-05 1.0010030955330494e-06 4.4732596780459676e-07 2.8236380513269537e-07 0.0 
2.2084071646027016e-05 6.638220882910554e-05 9.886662693784773e-07 4.414112228710259e-07 2.785811498596536e-07 0.0 
2.190405949506353e-05 6.59308364049392e-05 9.765711868247096e-07 4.3561578216057773e-07 2.7487539108136556e-07 0.0 
2.1727901311930788e-05 6.548942402090007e-05 9.647537950301193e-07 4.2995734207955795e-07 2.7125780611771904e-07 0.0 
2.1556255542638003e-05 6.505904616361385e-05 9.533041320277297e-07 4.244795732942503e-07 2.677561328494246e-07 0.0 
2.138833007432875e-05 6.463838314945615e-05 9.421125943339043e-07 4.191285014074005e-07 2.64335937620179e-07 0.0 
2.1223936161615838e-05 6.422713773279112e-05 9.311537492521965e-07 4.138919693999181e-07 2.609895080992604e-07 0.0 
2.1063007770842287e-05 6.382514399088537e-05 9.204220610684935e-07 4.087669294424292e-07 2.577148268303538e-07 0.0 
2.0905330060538976e-05 6.343183593851174e-05 9.099018813198479e-07 4.037451620404784e-07 2.5450651980496187e-07 0.0 
2.0750804957631962e-05 6.304697905471178e-05 8.995846505998175e-07 3.9882220104003825e-07 2.513616743222909e-07 0.0 
2.0599330786028133e-05 6.267035780724306e-05 8.894623446444275e-07 3.939939307289476e-07 2.482776096743851e-07 0.0 
2.045085844350394e-05 6.230192523788205e-05 8.795294387344198e-07 3.8925749583705617e-07 2.452524749556608e-07 0.0 
2.030542904575409e-05 6.194184281430264e-05 8.697871098420455e-07 3.8461382130730444e-07 2.4228693814274267e-07 0.0 
2.0163047400529302e-05 6.159014627498783e-05 8.602343683471791e-07 3.800624565245294e-07 2.39380721892536e-07 0.0 
2.0023722780294835e-05 6.124685787165491e-05 8.508700637862771e-07 3.75602640799277e-07 2.3653331257303268e-07 0.0 
1.9887602305595824e-05 6.091235267366495e-05 8.417040920191193e-07 3.7123924024457317e-07 2.3374785330468612e-07 0.0 
1.975521463994904e-05 6.058861770135062e-05 8.327542639975559e-07 3.669827378848012e-07 2.3103153634337399e-07 0.0 
1.9626696230046046e-05 6.027626081635276e-05 8.240217851299285e-07 3.628341124875964e-07 2.283850779450775e-07 0.0 
1.950171625225928e-05 5.997403219955666e-05 8.154967919953503e-07 3.5878716706180275e-07 2.258041425902708e-07 0.0 
1.9379883016615545e-05 5.9680513192977864e-05 8.071652536746898e-07 3.5483369708006867e-07 2.2328317680814596e-07 0.0 
1.926114553720291e-05 5.9395591631118055e-05 7.990227432280447e-07 3.5097133242531603e-07 2.2082062441898863e-07 0.0 
1.914546449394146e-05 5.911918308487332e-05 7.910652813630936e-07 3.471979507054827e-07 2.184150934580169e-07 0.0 
1.9032799713671092e-05 5.885120104717887e-05 7.832888299113527e-07 3.435114015127545e-07 2.1606517434915526e-07 0.0 
1.892297784755655e-05 5.8591211100051206e-05 7.756798962226346e-07 3.399047141971015e-07 2.1376633758670924e-07 0.0 
1.8815875461094618e-05 5.8338907129003745e-05 7.682286937301021e-07 3.363728155345621e-07 2.1151528237577626e-07 0.0 
1.8711446536975623e-05 5.8094184593510456e-05 7.609309947141765e-07 3.3291347079153564e-07 2.0931054581495952e-07 0.0 
1.860964639807931e-05 5.785694244051848e-05 7.537826755531139e-07 3.2952449957760703e-07 2.071507005347025e-07 0.0 
1.8510428951517082e-05 5.762707850710051e-05 7.46779448358114e-07 3.26203659011128e-07 2.050342820736025e-07 0.0 
1.8413717724294356e-05 5.74044409243074e-05 7.3991399923391e-07 3.229473910996932e-07 2.029590095622992e-07 0.0 
1.8319455964174666e-05 5.718891108342501e-05 7.331808054686262e-07 3.197528990378163e-07 2.0092307297917814e-07 0.0 
1.8227596933104072e-05 5.6980388057020816e-05 7.265752893237106e-07 3.166178016836471e-07 1.989249215920201e-07 0.0 
1.8138621833999533e-05 5.6780031106678263e-05 7.201388871163127e-07 3.1356321136694146e-07 1.9697817297281606e-07 0.0 
1.8053124454977436e-05 5.658924742762159e-05 7.139220720733237e-07 3.106139816567389e-07 1.9509873516647576e-07 0.0 
1.797039708385079e-05 5.640639379870486e-05 7.078599720265885e-07 3.077373170444269e-07 1.9326552636692155e-07 0.0 
1.789041560551274e-05 5.623144303954146e-05 7.019481501413296e-07 3.049309481502897e-07 1.9147709194478754e-07 0.0 
1.7813216305597332e-05 5.606450259042265e-05 6.961875721491055e-07 3.0219513248098603e-07 1.8973356954019645e-07 0.0 
1.7738908003511886e-05 5.590591214601774e-05 6.905821274380366e-07 2.995318357111621e-07 1.8803625164496544e-07 0.0 
1.766761002146286e-05 5.5756050690052205e-05 6.851360119475653e-07 2.9694321847557833e-07 1.8638656523481931e-07 0.0 
1.7599344642149928e-05 5.5614999962335645e-05 6.798486305806762e-07 2.9442874124329265e-07 1.8478412965585688e-07 0.0 
1.753405710947098e-05 5.548272344618573e-05 6.747120460903803e-07 2.919846311339675e-07 1.8322654642850293e-07 0.0 
1.7471624894624042e-05 5.535910406147404e-05 6.697119374747801e-07 2.896043582759271e-07 1.8170970619788854e-07 0.0 
1.7412003135008914e-05 5.524409264156789e-05 6.648448165649193e-07 2.8728616251778936e-07 1.8023246677883495e-07 0.0 
1.7355177446130258e-05 5.513768393265074e-05 6.60110190148769e-07 2.85029641804976e-07 1.7879453985249075e-07 0.0 
1.7301174852587076e-05 5.503997275780499e-05 6.555087649784596e-07 2.828349378528612e-07 1.7739598569801728e-07 0.0 
1.7250003876322138e-05 5.495103093882482e-05 6.510390610125338e-07 2.807011996728317e-07 1.760362410441089e-07 0.0 
1.7201626694054547e-05 5.487076754485509e-05 6.466978706163591e-07 2.7862662581566715e-07 1.7471411154404343e-07 0.0 
1.7155972490430826e-05 5.4798981444492706e-05 6.424807848612934e-07 2.7660875848462374e-07 1.7342796803598204e-07 0.0 
1.7113044522145926e-05 5.473572858960354e-05 6.383862097275637e-07 2.746466730205932e-07 1.721771972528035e-07 0.0 
1.7072857370977676e-05 5.468109541604125e-05 6.344128328373438e-07 2.7273960745193824e-07 1.709612988543342e-07 0.0 
1.7035662438349945e-05 5.463640353173381e-05 6.305638709760315e-07 2.7088990837019786e-07 1.6978197704346002e-07 0.0 
1.7001565332951658e-05 5.4602116311412226e-05 6.268416037988681e-07 2.6909883948690394e-07 1.6864007017594849e-07 0.0 
1.6970487083299772e-05 5.457777392306705e-05 6.232437402011821e-07 2.673647818406667e-07 1.6753443320128534e-07 0.0 
1.6942302683369486e-05 5.4562731000904635e-05 6.197670619212874e-07 2.6568553159832764e-07 1.6646353130529491e-07 0.0 
1.691710435008519e-05 5.4557293953813533e-05 6.164157996699333e-07 2.6406328369999093e-07 1.654288013584261e-07 0.0 
1.6894939530631362e-05 5.4561655086018066e-05 6.131901543366298e-07 2.624980881989279e-07 1.6443027878340124e-07 0.0 
1.687583773184233e-05 5.457595100541996e-05 6.100894151916364e-07 2.609894538809961e-07 1.6346763293262902e-07 0.0 
1.6859831156210882e-05 5.460032783604986e-05 6.071129570284236e-07 2.595369279606498e-07 1.625405576012211e-07 0.0 
1.6846937678732292e-05 5.463489864902339e-05 6.04259034481559e-07 2.5813958012085177e-07 1.6164845194531756e-07 0.0 
1.683786543003815e-05 5.468125402142209e-05 6.01590008875951e-07 2.568267333970062e-07 1.6080986664431593e-07 0.0 
1.6832731266394908e-05 5.473971554022931e-05 5.99110751632501e-07 2.5559998236513486e-07 1.6002572128023918e-07 0.0 
1.6830876188281444e-05 5.480899078867176e-05 5.967570999487122e-07 2.5442944344964524e-07 1.5927715496226348e-07 0.0 
1.6832324966335034e-05 5.488922023573475e-05 5.945273541257286e-07 2.5331415386798215e-07 1.5856354057734453e-07 0.0 
1.683713790903994e-05 5.498064807726013e-05 5.924223386582688e-07 2.5225431546413174e-07 1.578849856600553e-07 0.0 
1.6845376972210292e-05 5.508352075329397e-05 5.904428283228463e-07 2.51250101780827e-07 1.5724157877017736e-07 0.0 
1.6857035640706337e-05 5.519787834134637e-05 5.885862590200673e-07 2.5030004951649743e-07 1.5663235222842028e-07 0.0 
1.6872057931397046e-05 5.532360327318042e-05 5.868475803932256e-07 2.49401398675702e-07 1.5605549339222138e-07 0.0 
1.6890497799821678e-05 5.546092019626664e-05 5.852268643118878e-07 2.4855395632063113e-07 1.5551085218058283e-07 0.0 
1.6912560439409097e-05 5.561031532173227e-05 5.837360333400057e-07 2.4776268156470567e-07 1.550014927955312e-07 0.0 
1.6938464800426893e-05 5.5772394514226525e-05 5.823857674970838e-07 2.4703212693741347e-07 1.5453025983279907e-07 0.0 
1.6968292318180665e-05 5.5947568049914966e-05 5.811749769669391e-07 2.463617660890108e-07 1.5409683918135145e-07 0.0 
1.7002101395211598e-05 5.6136146110530216e-05 5.801020160882451e-07 2.4575068622890085e-07 1.537006425269228e-07 0.0 
1.7039958828965678e-05 5.6338470760391215e-05 5.791653439629804e-07 2.4519802137429456e-07 1.5334111187850888e-07 0.0 
1.708191178387637e-05 5.6554859105801954e-05 5.783623013192127e-07 2.447024500328657e-07 1.530174079880994e-07 0.0 
1.712797623915079e-05 5.6785578723971935e-05 5.776892707893568e-07 2.442623093166586e-07 1.5272848480888973e-07 0.0 
1.7178289714934528e-05 5.703116770113989e-05 5.771489206369644e-07 2.43878677520216e-07 1.52475019982028e-07 0.0 
1.7233079657097557e-05 5.729248624640799e-05 5.767469097227873e-07 2.435542701310214e-07 1.5225878412404488e-07 0.0 
1.729269106350833e-05 5.757066095881056e-05 5.764976996435595e-07 2.432959987386327e-07 1.5208420773439835e-07 0.0 
1.735837072779288e-05 5.786931403349852e-05 5.764699767327492e-07 2.431372331098917e-07 1.519726797295921e-07 0.0 
1.7429526828391542e-05 5.8186835085802885e-05 5.766261539109023e-07 2.430584346112209e-07 1.5191150109049984e-07 0.0 
1.7505945846186014e-05 5.852278643618506e-05 5.769475841810216e-07 2.43050238167938e-07 1.5189465006167662e-07 0.0 
1.7587872443415193e-05 5.8878351896788795e-05 5.774391662461156e-07 2.4311493666696287e-07 1.5192362202132653e-07 0.0 
1.7675502597501302e-05 5.925447023333104e-05 5.781046651571606e-07 2.432540823564772e-07 1.519993982539091e-07 0.0 
1.7768960951842645e-05 5.965144175478693e-05 5.789470609635641e-07 2.4346839596873236e-07 1.5212233575023539e-07 0.0 
1.7868423734580683e-05 6.006960048603244e-05 5.799726702130744e-07 2.4376029585190356e-07 1.52293894944368e-07 0.0 
1.7974128429220012e-05 6.0509894690672005e-05 5.811862302350724e-07 2.441318732640669e-07 1.5251541564621389e-07 0.0 
1.808629840222675e-05 6.097318902548245e-05 5.825919474444291e-07 2.445846948600046e-07 1.5278785976343672e-07 0.0 
1.8205162143977738e-05 6.146034874782474e-05 5.841942202965413e-07 2.4512035540527126e-07 1.5311219692756357e-07 0.0 
1.8330975475305995e-05 6.197231268686652e-05 5.859987576841341e-07 2.457410004090214e-07 1.5348973942191885e-07 0.0 
1.846401170020601e-05 6.25100810458551e-05 5.880118434416289e-07 2.4644901354981095e-07 1.5392194764728224e-07 0.0 
1.8604561252360363e-05 6.307471904858737e-05 5.902412098601799e-07 2.4724745683822315e-07 1.5441071036509672e-07 0.0 
1.8752925744531925e-05 6.366735329539295e-05 5.926938006898156e-07 2.4813900096955226e-07 1.5495766896632053e-07 0.0 
1.8909440067980955e-05 6.428924414378088e-05 5.953768335321049e-07 2.4912648499729803e-07 1.5556458521945147e-07 0.0 
1.9074551532311884e-05 6.49420779025442e-05 5.983010415392721e-07 2.5021473740341876e-07 1.56234555488266e-07 0.0 
1.9248608064822445e-05 6.562726914826642e-05 6.014725440687339e-07 2.5140624739987323e-07 1.5696914752643647e-07 0.0 
1.9431997756843713e-05 6.634632173961961e-05 6.048990385132636e-07 2.5270402137208565e-07 1.5777022747940973e-07 0.0 
1.962521828920329e-05 6.710100669842073e-05 6.085956532009766e-07 2.5411432938715533e-07 1.5864169999581698e-07 0.0 
1.9828873908356973e-05 6.78933634785892e-05 6.125843241723811e-07 2.556463903081467e-07 1.5958930644751044e-07 0.0 
2.0043548101199058e-05 6.87254906403315e-05 6.168798786457363e-07 2.573061918761688e-07 1.6061676917558977e-07 0.0 
2.0269845251660583e-05 6.959956714418231e-05 6.214978275555721e-07 2.5909997132667693e-07 1.617279611099079e-07 0.0 
2.050839492158859e-05 7.051787084119649e-05 6.264544823155338e-07 2.610342691919179e-07 1.6292693990783226e-07 0.0 
2.0759864751851495e-05 7.148283770976755e-05 6.317668864302776e-07 2.6311591389822776e-07 1.6421794184751863e-07 0.0 
2.1024974251466784e-05 7.249709571608565e-05 6.374534197199857e-07 2.65352281947924e-07 1.656055454410852e-07 0.0 
2.1304361498288228e-05 7.356331675557415e-05 6.435227993603465e-07 2.677468539130588e-07 1.6709196016577238e-07 0.0 
2.1598551072163476e-05 7.468382451991184e-05 6.499778057968552e-07 2.7030028893100723e-07 1.6867759251591167e-07 0.0 
2.1908258412505598e-05 7.58613334170309e-05 6.568335622558018e-07 2.730182295639181e-07 1.7036589887979171e-07 0.0 
2.2234381666390408e-05 7.709922964001448e-05 6.641109842824373e-07 2.759090301675843e-07 1.7216207167828167e-07 0.0 
2.257789182993855e-05 7.840117028079871e-05 6.718327034141728e-07 2.789817311525645e-07 1.7407172959456702e-07 0.0 
2.2939840035881355e-05 7.977111911117614e-05 6.800232433313891e-07 2.8224613763533347e-07 1.76100967964303e-07 0.0 
2.3321652567007493e-05 8.121412262572538e-05 6.887275885804909e-07 2.8572140231784784e-07 1.7826178393539777e-07 0.0 
2.372600484309119e-05 8.273858784988092e-05 6.980650215673698e-07 2.894603984488206e-07 1.8058741599259365e-07 0.0 
2.415337126996067e-05 8.43475985104434e-05 7.080105478068448e-07 2.9344996984550714e-07 1.8306948033440046e-07 0.0 
2.4604771091214663e-05 8.604588493488612e-05 7.185668736384964e-07 2.976902886553346e-07 1.8570811385227206e-07 0.0 
2.5081864584193117e-05 8.783958866502316e-05 7.297743476490871e-07 3.021977201340185e-07 1.88513512526771e-07 0.0 
2.5586423009342742e-05 8.973513854130776e-05 7.416760437199129e-07 3.0698949765329957e-07 1.9149637390522026e-07 0.0 
2.6120465532631586e-05 9.173996780310155e-05 7.543238245386275e-07 3.1208668294826256e-07 1.9466980819646927e-07 0.0 
2.6686242761848972e-05 9.386215843339104e-05 7.67777836159256e-07 3.1751359586807235e-07 1.9804892582950132e-07 0.0 
2.728611141089695e-05 9.611054424477318e-05 7.820957521174428e-07 3.2329359200684777e-07 2.0164827453188795e-07 0.0 
2.7922654283205148e-05 9.84947785291734e-05 7.97340558518333e-07 3.294521478195001e-07 2.0548371669724496e-07 0.0 
2.8598729870709616e-05 0.00010102553121400004 8.135823833432541e-07 3.360176995386627e-07 2.095729656802056e-07 0.0 
2.9319003760816177e-05 0.00010371977386691394 8.309587691407683e-07 3.4305190630318366e-07 2.1395518798130456e-07 0.0 
3.0086893937006026e-05 0.00010659028023811754 8.495530522082914e-07 3.5058775124457283e-07 2.186507937912196e-07 0.0 
3.0905032723876875e-05 0.00010964727700093471 8.694110633242719e-07 3.586396837055915e-07 2.2366828502218966e-07 0.0 
3.1777681509089455e-05 0.0001129066984311698 8.906368002251567e-07 3.672498515899086e-07 2.290339175332173e-07 0.0 
3.270961769302939e-05 0.00011638639920547516 9.133474010676576e-07 3.764658401369527e-07 2.3477734687626646e-07 0.0 
3.3706164881002134e-05 0.00012010628046875226 9.376733109008611e-07 3.8634063799360976e-07 2.409315961978091e-07 0.0 
3.477326909745607e-05 0.00012408857606371705 9.637601250899486e-07 3.9693338487243397e-07 2.4753352213782064e-07 0.0 
3.591758757233387e-05 0.00012835818606848142 9.917707349547329e-07 4.0831024167244777e-07 2.546243570341132e-07 0.0 
3.7146580979945325e-05 0.00013294304852920128 1.0218874443136376e-06 4.205452958612084e-07 2.6225027954226474e-07 0.0 
3.846870273757868e-05 0.00013787495589198697 1.0543161275418863e-06 4.3372267070152147e-07 2.7046380438489027e-07 0.0 
3.9893608426494725e-05 0.0001431900858826896 1.08929406443036e-06 4.479394727888739e-07 2.793255616617329e-07 0.0 
4.1432225050447705e-05 0.00014892936569678924 1.1270904237232167e-06 4.633058942660302e-07 2.88904346177934e-07 0.0 
4.30968479303271e-05 0.00015513898923266885 1.168004375394278e-06 4.79944049370932e-07 2.992763694554193e-07 0.0 
4.490142211240696e-05 0.00016187136357313534 1.212374998889936e-06 4.979922524625393e-07 3.105279428991107e-07 0.0 
4.6861885369563604e-05 0.00016918634395243214 1.2605903680361635e-06 5.17608613298037e-07 3.227576933789016e-07 0.0 
4.899695916256565e-05 0.00017715373687977607 1.3131203279362521e-06 5.389853455624835e-07 3.3608555433131334e-07 0.0 
5.132776078265451e-05 0.00018585284491805574 1.3704800990413062e-06 5.623326632634072e-07 3.506426977408987e-07 0.0 
5.3878571486252006e-05 0.00019537500006402067 1.4332581225630444e-06 5.878903499792698e-07 3.665787239025915e-07 0.0 
5.667751280649176e-05 0.00020582603033036302 1.5021351041157717e-06 6.15935777321891e-07 3.840666877214121e-07 0.0 
5.975727820556761e-05 0.00021732908301773447 1.5779014685707134e-06 6.467910702686953e-07 4.033075809201679e-07 0.0 
6.315603382877484e-05 0.0002300280043517988 1.6614802660218775e-06 6.80832408994996e-07 4.24536127404778e-07 0.0 
6.691925899405621e-05 0.00024409192482808327 1.7540080255134157e-06 7.185218434035337e-07 4.480402406804773e-07 0.0 
7.110000476481103e-05 0.00025971953291160064 1.8567825266437724e-06 7.603873339858257e-07 4.7414911413943603e-07 0.0 
7.57604098613239e-05 0.00027714493152541356 1.9713003724414864e-06 8.070379388889608e-07 5.032426785271006e-07 0.0 
8.097374816004078e-05 0.00029664506761768825 2.09932005712394e-06 8.591893265060181e-07 5.357674079140941e-07 0.0 
8.682775221256912e-05 0.00031855117720898683 2.2429463247241586e-06 9.176979799866568e-07 5.722576199830617e-07 0.0 
9.342748800072136e-05 0.00034326086662507424 2.404692192404483e-06 9.83587428779554e-07 6.133520351803139e-07 0.0 
0.0001008989406664482 0.0003712514328576129 2.587568677685206e-06 1.0580839682275825e-06 6.598159074710503e-07 0.0 
0.00010939479640870071 0.00040309984655731066 2.795230769919786e-06 1.1426743463034519e-06 7.125767135319749e-07 0.0 
0.0001191003455863212 0.0004395067457431462 3.03210598924162e-06 1.2391593056660144e-06 7.72757819717606e-07 0.0 
0.00013024128128500014 0.00048132633470652434 3.3035760759732376e-06 1.3497274917992424e-06 8.417246231137355e-07 0.0 
0.0001430934453622728 0.0005296033706157872 3.6162042070174877e-06 1.4770474522015754e-06 9.211419165637237e-07 0.0 
0.00015799494886464303 0.0005856194302575878 3.978016133751983e-06 1.624381640889976e-06 1.0130450117105041e-06 0.0 
0.00017536196649045163 0.0006509519183672166 4.398903457005721e-06 1.79575147445668e-06 1.1199426752570054e-06 0.0 
0.00019570632848976084 0.000727541173071686 4.8910370975051735e-06 1.9961049308242915e-06 1.2449216455655478e-06 0.0 
0.00021965256772905848 0.000817758533700872 5.469176103316361e-06 2.2314379122938554e-06 1.3917223722146826e-06 0.0 
0.00024796278864890693 0.0009244957797046385 6.1514328174696315e-06 2.5091255595693513e-06 1.5649473749178828e-06 0.0 
0.0002815290186031508 0.0010511417679111882 6.958942441227299e-06 2.8377697877260334e-06 1.7699644939344057e-06 0.0 
0.0003212828669637651 0.0012012641279958499 7.913096006900594e-06 3.2260248333289345e-06 2.012171369214951e-06 0.0 
0.0003680031007432947 0.001377874286483518 9.031423875656448e-06 3.680998981630077e-06 2.296005830221084e-06 0.0 
0.00042167997656415875 0.0015810570026675158 1.0311908338033867e-05 4.201876266123386e-06 2.620970272754402e-06 0.0 
0.0004800496186376893 0.0018024281039354514 1.1697480771869374e-05 4.765336270016295e-06 2.972518693673282e-06 0.0 
0.0005362870981149766 0.0020164233721506777 1.3021179952685873e-05 5.30335940721624e-06 3.308225364577454e-06 0.0 
0.0005774013691377658 0.002174138108729324 1.3969209712599032e-05 5.6882256861817184e-06 3.548421388879563e-06 0.0 
0.0005881091112880315 0.002217742532753672 1.4177027159972784e-05 5.771668095544318e-06 3.6006091315727887e-06 0.0 
0.0005617734030012503 0.0021216792954051695 1.3493151289374479e-05 5.492228155742854e-06 3.4264278985950056e-06 0.0 
0.0005070042351185236 0.0019178476981954015 1.2133382586538565e-05 4.937909751933188e-06 3.0807503846625104e-06 0.0 
0.0004401610935991614 0.00166767250300655 1.0495298409534349e-05 4.270585387123489e-06 2.6645421430371294e-06 0.0 
0.0003743001150685111 0.0014204356620927284 8.892270441314051e-06 3.6177613185074058e-06 2.257344720884985e-06 0.0 
0.00031575244028803946 0.001200194310892735 7.473904029153198e-06 3.0402639930376947e-06 1.8971107217416322e-06 0.0 
0.0002661547781405494 0.0010133048610913398 6.276863804974506e-06 2.5529603937978874e-06 1.5931228607362378e-06 0.0 
0.00022499263620994467 0.000857969374336948 5.286695165516902e-06 2.1499280743503705e-06 1.3416932745296486e-06 0.0 
0.00019106741278964806 0.0007297671590338153 4.4731144677458105e-06 1.818815479554678e-06 1.135121577467196e-06 0.0 
0.00016311844891426285 0.0006240107613021339 3.804822554858274e-06 1.5468678906479105e-06 9.65454488155659e-07 0.0 
0.0001400307410889646 0.0005365388221365955 3.254351700901007e-06 1.322894781039856e-06 8.257132518963835e-07 0.0 
0.00012087755420685154 0.0004638843905726746 2.7989709482110856e-06 1.1376349161130748e-06 7.101216226904961e-07 0.0 
0.00010490909241063091 0.0004032379310087626 2.4203553837522006e-06 9.836238016866543e-07 6.140238265253763e-07 0.0 
9.152503546821947e-05 0.0003523470738384916 2.103878192523151e-06 8.549045898548853e-07 5.337043586860317e-07 0.0 
8.024621671962619e-05 0.0003094118018335951 1.837896499063609e-06 7.467363362000759e-07 4.6620603068809604e-07 0.0 
7.06901019416467e-05 0.0002729931894545245 1.6131414454785767e-06 6.553450772881349e-07 4.091746983690075e-07 0.0 
6.25506855624231e-05 0.00024193858641317678 1.4222209173703278e-06 5.77721153217613e-07 3.6073286439561133e-07 0.0 
5.558205222439323e-05 0.0002153211191942275 1.2591993695424224e-06 5.114481480452045e-07 3.1937311361055596e-07 0.0 
4.958586897410762e-05 0.00019239262983832169 1.1192982128213595e-06 4.5458085874152703e-07 2.8388196561747887e-07 0.0 
4.4401588791187224e-05 0.00017254692090022856 9.986576893147757e-07 4.055482175626691e-07 2.5327930296693746e-07 0.0 
3.989867756248635e-05 0.0001552906480855238 8.941467069920363e-07 3.630758565356459e-07 2.2677007717224156e-07 0.0 
3.597043189058688e-05 0.00014022021010993014 8.032107681092995e-07 3.261242121576444e-07 2.0370571687272524e-07 0.0 
3.252929554186503e-05 0.0001270040810200716 7.237605404643818e-07 2.9384332248777866e-07 1.835559389255881e-07 0.0 
2.9503039425299964e-05 0.00011536846811736406 6.540762706651645e-07 2.6553355424112227e-07 1.6588422570512015e-07 0.0 
2.6831580969842094e-05 0.00010508565403562899 5.927252872205026e-07 2.406118984681781e-07 1.503268161067203e-07 0.0 
2.4464858528249294e-05 9.596576071071933e-05 5.385161320343849e-07 2.185935636350957e-07 1.3658122517345746e-07 0.0 
2.236096637551526e-05 8.784972331152328e-05 4.904533642500274e-07 1.9907356358486474e-07 1.2439475780200406e-07 0.0 
2.0484667874503063e-05 8.060369232951319e-05 4.4770153463375796e-07 1.8171204340566978e-07 1.1355535441410714e-07 0.0 
1.8806204726211e-05 7.411454660833577e-05 4.0955638786816763e-07 1.6622255053274463e-07 1.0388427383910728e-07 0.0 
1.7300352706976107e-05 6.828631074638112e-05 3.754224344111183e-07 1.5236290167658656e-07 9.523039347202741e-08 0.0 
1.594564203337087e-05 6.303722446503629e-05 3.4479414260706957e-07 1.3992753000330152e-07 8.746543598865237e-08 0.0 
1.4723692714543702e-05 5.829730275541318e-05 3.1723863844943413e-07 1.2874044410086e-07 8.047958476875783e-08 0.0 
1.3618955846631665e-05 5.400773684240497e-05 2.9238989121814514e-07 1.186536519951232e-07 7.418061188342802e-08 0.0 
1.261801799254326e-05 5.011769589124112e-05 2.699328674174337e-07 1.0953961445851839e-07 6.848900308838955e-08 0.0 
1.1708725678358826e-05 4.658004713945117e-05 2.4958351816928016e-07 1.0128150537658273e-07 6.333165826686744e-08 0.0 
1.0881264889549192e-05 4.33572711509554e-05 2.3111564511680023e-07 9.378809017025206e-08 5.8651713804848945e-08 0.0 
1.0126940714682229e-05 4.04161629658679e-05 2.1432733962746197e-07 8.69775038709527e-08 5.439809718347799e-08 0.0 
9.437459498715463e-06 3.7724956122618246e-05 1.9902084835393142e-07 8.076836829354202e-08 5.0519918177348257e-08 0.0 
8.806063806412533e-06 3.525771826036883e-05 1.8503938602368915e-07 7.509689854675371e-08 4.6977357230570596e-08 0.0 
8.226835225690953e-06 3.299181201287011e-05 1.7224558716092504e-07 6.990734616124765e-08 4.373562918673402e-08 0.0 
7.694565305083134e-06 3.090730915015682e-05 1.6051879694131013e-07 6.515076289580502e-08 4.076419277799349e-08 0.0 
7.204801253271188e-06 2.898697082267524e-05 1.4975924762079532e-07 6.078667075600243e-08 3.8037769590624376e-08 0.0 
6.75360098238632e-06 2.7215492104308193e-05 1.3987866429788045e-07 5.677915093664109e-08 3.553391510102989e-08 0.0 
6.337294583609355e-06 2.5578847466554894e-05 1.3079089223084372e-07 5.309322138205727e-08 3.323080440570929e-08 0.0 
5.952631298005421e-06 2.4064599817863217e-05 1.2241993926265163e-07 4.969806742437224e-08 3.1109216197142134e-08 0.0 
5.596703929282417e-06 2.2661657592340748e-05 1.146978133873088e-07 4.6566111862826e-08 2.915194888597107e-08 0.0 
5.266911751704343e-06 2.1360080508535994e-05 1.0756379520231106e-07 4.367271439961965e-08 2.7343629956209453e-08 0.0 
4.9608948735919165e-06 2.0150888906376642e-05 1.0096281975831333e-07 4.099559148514928e-08 2.567036482778593e-08 0.0 
4.676515108642609e-06 1.902593714901774e-05 9.484476616817606e-08 3.851443724673171e-08 2.411949145760344e-08 0.0 
4.411935307096458e-06 1.7978159523508396e-05 8.916758237061853e-08 3.6212217003676996e-08 2.26803818921761e-08 0.0 
4.165504547696195e-06 1.7001177953283296e-05 8.389373319830769e-08 3.4073688169290775e-08 2.1343519368722155e-08 0.0 
3.9357300845260555e-06 1.608921874896595e-05 7.89893203429546e-08 3.2085074942385275e-08 2.0100301246560043e-08 0.0 
3.7212632684543332e-06 1.5237062709065291e-05 7.442376264559617e-08 3.023395111486727e-08 1.894296759998643e-08 0.0 
3.5208835794865284e-06 1.443998388682339e-05 7.016942513533218e-08 2.8509089015129646e-08 1.7864506898582217e-08 0.0 
3.3334846513186147e-06 1.3693695977484365e-05 6.620129465935854e-08 2.690032743584455e-08 1.6858573541154224e-08 0.0 
3.1580620133659424e-06 1.2994305276046878e-05 6.249669567184209e-08 2.5398455923269327e-08 1.5919415605409197e-08 0.0 
2.9937071546919934e-06 1.2338279363166477e-05 5.90353004590531e-08 2.3995214831205967e-08 1.50418734816958e-08 0.0 
2.8396093754194542e-06 1.1722436402741839e-05 5.579921472056395e-08 2.2683318918535466e-08 1.4221393026678446e-08 0.0 
2.69501466981216e-06 1.1143842307960297e-05 5.27714998289139e-08 2.1455886569230917e-08 1.3453676004310144e-08 0.0 
2.559227997337727e-06 1.0599796125067393e-05 4.993649622060309e-08 2.030655811311369e-08 1.2734750764764666e-08 0.0 
2.4316132252225847e-06 1.008782402291003e-05 4.7279894070711035e-08 1.9229521719729835e-08 1.2060987594541183e-08 0.0 
2.3115847384233606e-06 9.605650743005787e-06 4.478851595027801e-08 1.821942811744399e-08 1.1429046113238664e-08 0.0 
2.1986079040423807e-06 9.151200703221633e-06 4.2450362219775036e-08 1.7271408865486222e-08 1.0835886432414504e-08 0.0 
2.0922027816891743e-06 8.722599179999284e-06 4.0254674538411306e-08 1.6381096606367213e-08 1.027878086691221e-08 0.0 
1.9919222248244706e-06 8.3181039130914e-06 3.81914548021915e-08 1.5544433598916505e-08 9.755195135472088e-09 0.0 
1.8973463273609343e-06 7.936087896408706e-06 3.6251321000755836e-08 1.4757616635653614e-08 9.262754524801976e-09 0.0 
1.8080804481699537e-06 7.575070988605002e-06 3.4425395181484574e-08 1.4017091051527709e-08 8.799246099222634e-09 0.0 
1.7237912648064884e-06 7.233862212629328e-06 3.270617563954432e-08 1.3319925524496564e-08 8.362855582172195e-09 0.0 
1.6441224945301538e-06 6.91097741592934e-06 3.108576634602379e-08 1.2662812316238787e-08 7.9515016866762e-09 0.0 
1.568779273626958e-06 6.605222889007568e-06 2.9557819553572964e-08 1.2043151954778605e-08 7.563555936721457e-09 0.0 
1.4974906617099787e-06 6.315539173962941e-06 2.811641206395349e-08 1.1458549223897923e-08 7.197522684051252e-09 0.0 
1.4299985823104418e-06 6.040920732445403e-06 2.675582224195622e-08 1.09066843984458e-08 6.851953258125905e-09 0.0 
1.3660650790500518e-06 5.780439180903297e-06 2.5470805467442276e-08 1.0385432054998131e-08 6.525520265042627e-09 0.0 
1.3054730369761625e-06 5.533239480692473e-06 2.4256690950562476e-08 9.892899523177517e-09 6.217040816637553e-09 0.0 
1.2480232295433801e-06 5.29854830338475e-06 2.3109098093461103e-08 9.427326882959172e-09 5.925417497684381e-09 0.0 
1.1935753510352852e-06 5.075873159761651e-06 2.2025023780460463e-08 8.987607353971243e-09 5.649972599292621e-09 0.0 
1.1419136655665451e-06 4.864330062858436e-06 2.099962922938259e-08 8.571693870421494e-09 5.389417029714749e-09 0.0 
1.0928452705561862e-06 4.663134564347425e-06 2.002861181883908e-08 8.177791540947967e-09 5.1426236728332075e-09 0.0 
1.0462172792394703e-06 4.4716877392613296e-06 1.910861429386791e-08 7.80454083940936e-09 4.908743439138775e-09 0.0 
1.0018872558203698e-06 4.2894310656280515e-06 1.8236517372491525e-08 7.450678699112738e-09 4.686987441827807e-09 0.0 
9.597223993279747e-07 4.115843298807592e-06 1.740942065542576e-08 7.115030767719036e-09 4.476622164993003e-09 0.0 
9.195987992759026e-07 3.9504376189531e-06 1.662462524912192e-08 6.79650435782902e-09 4.276965065695704e-09 0.0 
8.814007560994296e-07 3.792759025009012e-06 1.587961793198539e-08 6.494082024114111e-09 4.0873805668095196e-09 0.0 
8.450215392216553e-07 3.642385032916651e-06 1.517211628814092e-08 6.206838456405703e-09 3.9072902563673375e-09 0.0 
8.103617661802038e-07 3.4989212239229746e-06 1.450000327183309e-08 5.933915258658751e-09 3.7361574743019775e-09 0.0 
7.773270950188186e-07 3.361997622651124e-06 1.386123822059982e-08 5.674489014370308e-09 3.573468164245407e-09 0.0 
7.458305879164379e-07 3.2312753004684084e-06 1.3253950434621059e-08 5.427809694689779e-09 3.4187546753011746e-09 0.0 
7.1579344544575e-07 3.1064428348614268e-06 1.2676490836020882e-08 5.19321676681155e-09 3.2716048575771436e-09 0.0 
6.87144492157594e-07 2.9872164302253633e-06 1.212740560798928e-08 4.970126972291108e-09 3.131654362628927e-09 0.0 
6.59810687183688e-07 2.8733064095179805e-06 1.1605130892385664e-08 4.757905228186685e-09 2.9985060484795914e-09 0.0 
6.337231826051422e-07 2.7644397466077433e-06 1.1108193792020569e-08 4.555953491230415e-09 2.8717859561246053e-09 0.0 
6.088172554498944e-07 2.6603596228526444e-06 1.063521287392236e-08 4.363711015334646e-09 2.7511434520149213e-09 0.0 
5.850320234104563e-07 2.56082417313202e-06 1.0184891442844399e-08 4.180651414307351e-09 2.6362493579179425e-09 0.0 
5.623101784980442e-07 2.4656047651681665e-06 9.756017558882652e-09 4.006282338882907e-09 2.526795674513323e-09 0.0 
5.405931087714787e-07 2.374468502656794e-06 9.347341462719356e-09 3.840095969996648e-09 2.422464831369281e-09 0.0 
5.198223297947614e-07 2.2871857230111604e-06 8.957579968702553e-09 3.681572346678717e-09 2.322932133346325e-09 0.0 
4.999501160744812e-07 2.2035661924309743e-06 8.58572774486773e-09 3.5303042805646808e-09 2.2279429930035862e-09 0.0 
4.809314664289517e-07 2.1234303441116303e-06 8.230840573276001e-09 3.3859093508738648e-09 2.1372582885540636e-09 0.0 
4.6273108182051035e-07 2.0466361484939658e-06 7.892288690280568e-09 3.2481350897250122e-09 2.0507199309439235e-09 0.0 
4.453216944950035e-07 1.9730819435682317e-06 7.569652544133604e-09 3.116822798923513e-09 1.9682295185959257e-09 0.0 
4.28660131593438e-07 1.9025766190821203e-06 7.261974851592305e-09 2.9915674559528113e-09 1.8895314669650693e-09 0.0 
4.127064552016443e-07 1.8349578069317039e-06 6.968369904996725e-09 2.8720067690106425e-09 1.8143990146669855e-09 0.0 
3.974240745489292e-07 1.7700825146981022e-06 6.688030320156265e-09 2.757815112319131e-09 1.7426289973371694e-09 0.0 
3.8277806013125733e-07 1.7078143844045176e-06 6.4201882019288125e-09 2.648683223078455e-09 1.674028490389841e-09 0.0 
3.687331588179303e-07 1.6480184197388308e-06 6.1640715461972384e-09 2.5443034680567595e-09 1.608405970016929e-09 0.0 
3.552605082378978e-07 1.5905792064253332e-06 5.919083213246599e-09 2.4444344774532678e-09 1.5456105090767047e-09 0.0 
3.4233365334438865e-07 1.5353897953205188e-06 5.684682872105409e-09 2.3488569579336253e-09 1.485504828475575e-09 0.0 
3.2992753282980857e-07 1.4823488135833437e-06 5.460359678043882e-09 2.2573636264447227e-09 1.427959165884663e-09 0.0 
3.1801839589839987e-07 1.4313601336981388e-06 5.245630470073311e-09 2.169758473397505e-09 1.3728508145462615e-09 0.0 
3.0658372462271426e-07 1.3823325646189882e-06 5.040038091230572e-09 2.085856076189999e-09 1.3200636935962248e-09 0.0 
2.956027210137665e-07 1.335180946284349e-06 4.843166850514827e-09 2.0054872682364037e-09 1.2694917859394434e-09 0.0 
2.8506424030319376e-07 1.2898732105665252e-06 4.654821312195138e-09 1.9285892481897566e-09 1.221097749054095e-09 0.0 
2.7495202567899987e-07 1.2463474485024868e-06 4.4746840219217244e-09 1.8550380569654659e-09 1.1748044751776915e-09 0.0 
2.652400359658171e-07 1.204479651877676e-06 4.302221530302919e-09 1.784598226239841e-09 1.1304620912030656e-09 0.0 
2.5590977537909653e-07 1.1641941344333274e-06 4.137055832859053e-09 1.717115579321968e-09 1.0879739845178856e-09 0.0 
2.469442093156937e-07 1.1254224395573308e-06 3.978839895993381e-09 1.6524498262490315e-09 1.0472523979205612e-09 0.0 
2.3832716335459075e-07 1.0880994873542175e-06 3.827245132191241e-09 1.5904681353593449e-09 1.0082142332889245e-09 0.0 
2.3004327438241513e-07 1.0521633877352584e-06 3.6819603155163508e-09 1.5310446985530669e-09 9.707807810414233e-10 0.0 
2.2207794480843926e-07 1.0175552612195126e-06 3.5426905507826883e-09 1.4740603075214634e-09 9.348774543732172e-10 0.0 
2.1441732303248357e-07 9.842198214996445e-07 3.4091573213123124e-09 1.4194031342792245e-09 9.004343786013099e-10 0.0 
2.0704854975453837e-07 9.521054936679486e-07 3.2811124265074862e-09 1.3669736927715013e-09 8.673893428423731e-10 0.0 
1.999591354724633e-07 9.211612855597903e-07 3.1583089040814726e-09 1.31667175543869e-09 8.356795446057361e-10 0.0 
1.9313699775673366e-07 8.913380988692054e-07 3.04050337021874e-09 1.2683987086140067e-09 8.052432444701657e-10 0.0 
1.8657092246113238e-07 8.625900152630476e-07 2.9274743526654445e-09 1.2220647349218272e-09 7.760241679153163e-10 0.0 
1.8025023071180814e-07 8.34873460015442e-07 2.8190183782446523e-09 1.1775879779031252e-09 7.479710513498703e-10 0.0 
1.7416402022961201e-07 8.081446141595709e-07 2.7149142492619036e-09 1.1348795464775303e-09 7.210283403673062e-10 0.0 
1.6830252414746483e-07 7.823640384145542e-07 2.61496540002993e-09 1.0938606319535106e-09 6.951467959732086e-10 0.0 
1.6265608744644565e-07 7.5749235254582e-07 2.518977815019071e-09 1.0544526076839204e-09 6.702771873584569e-10 0.0 
1.5721558458889232e-07 7.334942286827959e-07 2.4267710168868287e-09 1.0165841222494887e-09 6.463751275261282e-10 0.0 
1.5197284683820443e-07 7.103378191744931e-07 2.338187770274766e-09 9.801931538973411e-10 6.234020239885088e-10 0.0 
1.469225082026474e-07 6.879961375260639e-07 2.2531378176352843e-09 9.452400786541917e-10 6.013324041842896e-10 0.0 
1.420574008318543e-07 6.664390427000301e-07 2.1714809857206647e-09 9.116675331551925e-10 5.801302319113857e-10 0.0 
1.3737050955254536e-07 6.45637216658635e-07 2.09307849311485e-09 8.794188371670618e-10 5.597599438917723e-10 0.0 
1.3285486274460836e-07 6.2556190622455e-07 2.0177922707573917e-09 8.484378298062706e-10 5.401863337524864e-10 0.0 
1.2850375509155553e-07 6.061854006922766e-07 1.9454900184879686e-09 8.186707113430297e-10 5.213756747535949e-10 0.0 
1.2431072135400408e-07 5.874811262163511e-07 1.8760443986583224e-09 7.900657732033145e-10 5.032955583137975e-10 0.0 
1.2026893491643404e-07 5.694206669347703e-07 1.80931953949529e-09 7.625675274698808e-10 4.859111851368106e-10 0.0 
1.1637066173317777e-07 5.51971185657925e-07 1.7451589475914762e-09 7.361115408867016e-10 4.691821117224866e-10 0.0 
1.1260928370254582e-07 5.351065258655004e-07 1.683432455992382e-09 7.106458064150044e-10 4.530758505856634e-10 0.0 
1.0897806999738643e-07 5.18800756122994e-07 1.6240081939924783e-09 6.861181251000936e-10 4.3755985226670105e-10 0.0 
1.0547194407609892e-07 5.030327287789406e-07 1.5667895257897509e-09 6.624892453061072e-10 4.226094915687023e-10 0.0 
1.0208606918898965e-07 4.877822487191714e-07 1.5116847058262418e-09 6.397218862346186e-10 4.0820137527016936e-10 0.0 
9.881581871626782e-08 4.730299791034204e-07 1.4586062457804862e-09 6.177804986251975e-10 3.943131947417912e-10 0.0 
9.565676598081965e-08 4.5875740047849553e-07 1.4074706968539014e-09 5.966311760574034e-10 3.809236704515162e-10 0.0 
9.260497694314864e-08 4.449491554206733e-07 1.3582060065593059e-09 5.762457342973571e-10 3.680152505439159e-10 0.0 
8.965780556405111e-08 4.3160137684804514e-07 1.310767521686037e-09 5.566121653169218e-10 3.5558122832208044e-10 0.0 
8.681054211761841e-08 4.1868911490026194e-07 1.265066258347479e-09 5.376899612151627e-10 3.4359556813813266e-10 0.0 
8.405914473013674e-08 4.061916022784887e-07 1.2210295569311212e-09 5.194466501965735e-10 3.32037452401613e-10 0.0 
8.140029852489021e-08 3.940948454901802e-07 1.1785976271050648e-09 5.018579331226954e-10 3.2089160980467366e-10 0.0 
7.883314830179109e-08 3.8239346299790104e-07 1.1377748071066519e-09 4.84924736269534e-10 3.1015835024275707e-10 0.0 
7.635487188708487e-08 3.710760008790502e-07 1.0985118563857896e-09 4.686275492660326e-10 2.9982546052882786e-10 0.0 
7.396201691382888e-08 3.6012937109975457e-07 1.0607397296231134e-09 4.529394633751503e-10 2.8987623650223595e-10 0.0 
7.165088049758012e-08 3.4953846886296955e-07 1.0243836077618671e-09 4.3783024504324405e-10 2.802917672476616e-10 0.0 
6.941800991415529e-08 3.392889434818705e-07 9.893749986689611e-10 4.232720464076367e-10 2.7105460318205357e-10 0.0 
6.725964452906037e-08 3.2936547510993586e-07 9.556400189298935e-10 4.092352275409729e-10 2.6214621388878595e-10 0.0 
6.51725613198303e-08 3.197546792412708e-07 9.231173607335375e-10 3.956950864011873e-10 2.5355112188505724e-10 0.0 
6.315420386136954e-08 3.1044588713152107e-07 8.917606381787698e-10 3.8263300915296557e-10 2.4525767977146576e-10 0.0 
6.120211492435063e-08 3.0142864545204087e-07 8.615249250188866e-10 3.700306861303501e-10 2.372543799053108e-10 0.0 
5.93139293233188e-08 2.9269259008230315e-07 8.323664147076209e-10 3.578698505079406e-10 2.2952966930358892e-10 0.0 
5.7487378567365854e-08 2.842280228421416e-07 8.04243768179338e-10 3.4613360984786776e-10 2.2207292132561235e-10 0.0 
5.572028287259642e-08 2.7602563060417446e-07 7.77117397109981e-10 3.3480580634301725e-10 2.1487397380138916e-10 0.0 
5.4010552741047324e-08 2.6807663824800064e-07 7.509496718628812e-10 3.2387129239453065e-10 2.0792332390849666e-10 0.0 
5.235617269012008e-08 2.603725779385578e-07 7.257043085098078e-10 3.1331545764760577e-10 2.0121180527505446e-10 0.0 
5.075518026234702e-08 2.529050008251736e-07 7.013458098554727e-10 3.031237616837159e-10 1.9473026488780213e-10 0.0 
4.920587923508209e-08 2.456663592929449e-07 6.778433970456902e-10 2.9328347134715316e-10 1.884706697815012e-10 0.0 
4.7706884123760124e-08 2.3865014256464457e-07 6.551717182370171e-10 2.8378391881082836e-10 1.8242626552571577e-10 0.0 
4.625636578621844e-08 2.3184856540846905e-07 6.332983660078466e-10 2.746118844526444e-10 1.7658873353921828e-10 0.0 
4.4852519851251774e-08 2.252540024634789e-07 6.121916421751e-10 2.6575447554300433e-10 1.7094996404609158e-10 0.0 
4.3493918823928905e-08 2.1886089063947294e-07 5.918268432140492e-10 2.572021397512311e-10 1.6550400477687793e-10 0.0 
4.21793351983992e-08 2.1266438521015086e-07 5.72183905920544e-10 2.4894713374369955e-10 1.6024602014362191e-10 0.0 
4.0907340032459275e-08 2.066583037465459e-07 5.532378760856986e-10 2.409792626292495e-10 1.5516958497922578e-10 0.0 
3.967646550670703e-08 2.0083633546238352e-07 5.349623855285258e-10 2.3328774224806157e-10 1.5026791063544626e-10 0.0 
