6.264860931482485e-05 0.00016707972607132312 4.0816190515081814e-06 2.000174991694196e-06 1.288101307670531e-06 0.0 
6.171272550134503e-05 0.00016481311606026617 4.0026474429743254e-06 1.959119669705285e-06 1.2613072413722293e-06 0.0 
6.079479063166231e-05 0.0001625875836494815 3.925482005682069e-06 1.919046163384357e-06 1.2351607808525597e-06 0.0 
5.989467208143801e-05 0.00016040281776013627 3.8501008620308936e-06 1.879943424903021e-06 1.2096548368167677e-06 0.0 
5.9011976590178356e-05 0.00015825794837962705 3.776457355760456e-06 1.8417849035261018e-06 1.184771647734657e-06 0.0 
5.8145998633030124e-05 0.0001561514587785442 3.704475989074475e-06 1.8045274414930026e-06 1.1604823945651544e-06 0.0 
5.729656766735181e-05 0.00015408316158124712 3.634115094878706e-06 1.7681476062936686e-06 1.1367718579649954e-06 0.0 
5.646332181934704e-05 0.00015205231916481807 3.565325734843102e-06 1.7326171579201842e-06 1.1136211662953148e-06 0.0 
5.564588922267171e-05 0.00015005816240793774 3.4980595745574757e-06 1.6979082113454845e-06 1.091011661258214e-06 0.0 
5.484390907314534e-05 0.000148099872709115 3.4322753329970955e-06 1.663996967528104e-06 1.0689273621973072e-06 0.0 
5.405706461652758e-05 0.00014617662727016935 3.3679605399365324e-06 1.6308770462161057e-06 1.047363896736245e-06 0.0 
5.328506814555443e-05 0.00014428771826552016 3.305105190981016e-06 1.5985449607787848e-06 1.0263190945617578e-06 0.0 
5.252768050531486e-05 0.00014243266235310735 3.243679981585019e-06 1.5669842044565271e-06 1.0057819717708757e-06 0.0 
5.178468980144131e-05 0.00014061102661257023 3.1836635076186076e-06 1.536182634127854e-06 9.857444194279986e-07 0.0 
5.1055512762267344e-05 0.00013882154621234802 3.1249825835574457e-06 1.50609851649878e-06 9.661786800449613e-07 0.0 
5.033969974178986e-05 0.00013706323529838986 3.0675818943658215e-06 1.4767004606712234e-06 9.470638710671056e-07 0.0 
4.9636949187847106e-05 0.00013533540792684014 3.0114274719421873e-06 1.44796931562118e-06 9.283872209754386e-07 0.0 
4.894696733550562e-05 0.00013363739514689378 2.9564863528492823e-06 1.4198865227496343e-06 9.101363587483249e-07 0.0 
4.8269734702806556e-05 0.0001319694343986772 2.9027355506897277e-06 1.3924397894004728e-06 8.923034531925431e-07 0.0 
4.760651306955414e-05 0.00013033355317340183 2.850441202655143e-06 1.3657793436370383e-06 8.749872385934922e-07 0.0 
4.695697835195924e-05 0.00012872892474917217 2.7995643787438283e-06 1.3398802518169261e-06 8.581707052324072e-07 0.0 
4.631920498897114e-05 0.000127152514061117 2.749731031817044e-06 1.3145362986816818e-06 8.417189272324705e-07 0.0 
4.569290702144151e-05 0.00012560370560410575 2.700905093652544e-06 1.2897274173935437e-06 8.256185818050531e-07 0.0 
4.507782043572563e-05 0.00012408185590969407 2.6530617888460694e-06 1.2654397366568736e-06 8.098603839827691e-07 0.0 
4.447367507135289e-05 0.00012258629803374552 2.6061767556916793e-06 1.241659642851748e-06 7.944352257359029e-07 0.0 
4.38803179052422e-05 0.00012111670899227518 2.5602312605308232e-06 1.2183770719336169e-06 7.793365494638398e-07 0.0 
4.329758599779495e-05 0.00011967271996539025 2.5152082325737817e-06 1.1955827450809588e-06 7.645582571045213e-07 0.0 
4.272547437709726e-05 0.00011825427501691852 2.4711125889392057e-06 1.1732801781223166e-06 7.501027877636685e-07 0.0 
4.216389140743151e-05 0.00011686115263934843 2.4279362401871674e-06 1.1514654226043693e-06 7.359675891918721e-07 0.0 
4.161255526078391e-05 0.00011549267842740987 2.3856521901297475e-06 1.1301232191526646e-06 7.221424391810893e-07 0.0 
4.107119179464228e-05 0.00011414819530673768 2.3442343026315627e-06 1.109238818384839e-06 7.086174618458239e-07 0.0 
4.053954244697168e-05 0.00011282707253150024 2.3036590583166357e-06 1.088798913608669e-06 6.953837317888896e-07 0.0 
4.0018330084526697e-05 0.00011152982903788363 2.264110541874887e-06 1.068899754565437e-06 6.825032609818751e-07 0.0 
3.9508182971241885e-05 0.00011025836980970807 2.225599385827458e-06 1.0495496202922578e-06 6.699825524938214e-07 0.0 
3.900931802517741e-05 0.00010901469931780166 2.188019641845528e-06 1.030699480789753e-06 6.577915976448596e-07 0.0 
3.852070727265309e-05 0.00010779593409012007 2.1513124060487e-06 1.0123118129006178e-06 6.45903989354994e-07 0.0 
3.804083599850287e-05 0.00010659801980552297 2.115371703332036e-06 9.94324611935225e-07 6.342778236816622e-07 0.0 
3.756950939858395e-05 0.0001054205611021996 2.08017581860333e-06 9.767258697189995e-07 6.229051839969486e-07 0.0 
3.710664372871043e-05 0.00010426348259477298 2.0457098988114235e-06 9.595076014280386e-07 6.11780888795409e-07 0.0 
3.665193307377449e-05 0.00010312598790393574 2.0119502796150778e-06 9.426564735757643e-07 6.008960160251202e-07 0.0 
3.620528596994545e-05 0.00010200783515998884 1.9788941698601905e-06 9.261714021379376e-07 5.902498695289502e-07 0.0 
3.576669271058315e-05 0.00010090902062766176 1.946543965857597e-06 9.100543324765603e-07 5.798437980945498e-07 0.0 
3.533592526480746e-05 9.982901469312384e-05 1.91487668957572e-06 8.942924539064448e-07 5.69669283714886e-07 0.0 
3.4912801799745556e-05 9.876745680544958e-05 1.8838698316494913e-06 8.788742072000977e-07 5.597188458788405e-07 0.0 
3.4497274674365404e-05 9.772427304998829e-05 1.8535150845533853e-06 8.637957824993892e-07 5.499901320729498e-07 0.0 
3.408921820793397e-05 9.669916486099799e-05 1.823800562902857e-06 8.490506941133866e-07 5.404788350360485e-07 0.0 
3.368851767995672e-05 9.569185757287602e-05 1.7947160120462262e-06 8.346334693966435e-07 5.31181330755077e-07 0.0 
3.3295004099453625e-05 9.470197033076101e-05 1.7662425252548971e-06 8.205336180435041e-07 5.220906727383097e-07 0.0 
3.290859026112612e-05 9.372946262148775e-05 1.7383633486037534e-06 8.067420595931325e-07 5.132009400059705e-07 0.0 
3.252925649699787e-05 9.277447666537953e-05 1.7110675973384948e-06 7.9325278556801e-07 5.045082401108106e-07 0.0 
3.215685246614409e-05 9.183663140391873e-05 1.684340656431033e-06 7.800575204889989e-07 4.960070580152118e-07 0.0 
3.17912851150966e-05 9.091560038290575e-05 1.6581790520835425e-06 7.671536473976368e-07 4.876955213295331e-07 0.0 
3.1432501592657193e-05 9.001111371475738e-05 1.6325849299461325e-06 7.545413271834571e-07 4.795735358813278e-07 0.0 
3.108036174414097e-05 8.912278344819528e-05 1.6075451838280778e-06 7.422129965362038e-07 4.716360397447787e-07 0.0 
3.073473781183493e-05 8.82502733791866e-05 1.5830470073278035e-06 7.301612961776117e-07 4.6387811398791674e-07 0.0 
3.03953288287283e-05 8.739287269377198e-05 1.559060833642833e-06 7.183702511659297e-07 4.562892573117413e-07 0.0 
3.006198607410768e-05 8.655020838403586e-05 1.5355740386558803e-06 7.068336440510632e-07 4.488654778494689e-07 0.0 
2.9734586283342197e-05 8.572203232002065e-05 1.5125727759045206e-06 6.955443622550483e-07 4.4160215739522666e-07 0.0 
2.941288390061873e-05 8.490805120550905e-05 1.4900236143778701e-06 6.84486093115584e-07 4.3448889024900166e-07 0.0 
2.9096777089952703e-05 8.410805556422437e-05 1.467915389638686e-06 6.736529232153879e-07 4.275218082273628e-07 0.0 
2.8786173672627117e-05 8.332182285578726e-05 1.4462391280380372e-06 6.630399427656441e-07 4.206976650781385e-07 0.0 
2.848098426287359e-05 8.254913547084721e-05 1.4249861085827768e-06 6.526423825953913e-07 4.140133082853073e-07 0.0 
2.818112945003281e-05 8.178978987712944e-05 1.4041483217087193e-06 6.424558318466902e-07 4.0746581992716614e-07 0.0 
2.788652549094861e-05 8.104358033073242e-05 1.3837175511718213e-06 6.324758005479232e-07 4.010522334604429e-07 0.0 
2.759708806499042e-05 8.031030324905676e-05 1.3636856053089957e-06 6.226978290648253e-07 3.94769604522427e-07 0.0 
2.7312807752456104e-05 7.958996601763413e-05 1.3440487876821432e-06 6.131201061308486e-07 3.88616789320873e-07 0.0 
2.7033686409691605e-05 7.888264108314377e-05 1.3248021516296532e-06 6.037405048211618e-07 3.8259252380967703e-07 0.0 
2.6759475825825274e-05 7.81877343372009e-05 1.3059245160113999e-06 5.945478215639023e-07 3.766894702650815e-07 0.0 
2.649016063941176e-05 7.750537352380574e-05 1.2874076085839013e-06 5.855379362373273e-07 3.709050324665263e-07 0.0 
2.622665878967753e-05 7.68386271838509e-05 1.2692831627404696e-06 5.767308054062913e-07 3.652532320861213e-07 0.0 
2.5969962192834362e-05 7.618947376929627e-05 1.2516853851457297e-06 5.681972030731538e-07 3.597797901532628e-07 0.0 
2.5719167358499792e-05 7.555518141635761e-05 1.2345626951152751e-06 5.599061893606546e-07 3.544636394535501e-07 0.0 
2.5472821216563646e-05 7.493228929812329e-05 1.2177633060356473e-06 5.517773596828874e-07 3.492524446152049e-07 0.0 
2.5230982350691715e-05 7.432068190137527e-05 1.2012960147766602e-06 5.438140423388994e-07 3.4414818491468155e-07 0.0 
2.499354050667487e-05 7.372010743313855e-05 1.1851506066397967e-06 5.360108449914205e-07 3.3914732201867966e-07 0.0 
2.4760376136183466e-05 7.313030144112202e-05 1.1693159322510067e-06 5.283619574392283e-07 3.3424605630944353e-07 0.0 
2.453138000170827e-05 7.255101366980563e-05 1.153781886816378e-06 5.208620839779574e-07 3.2944092088994196e-07 0.0 
2.4306418354869577e-05 7.19820081044017e-05 1.1385361701709229e-06 5.135049993747208e-07 3.2472787562838007e-07 0.0 
2.408535303067737e-05 7.142316034495721e-05 1.1235679465502941e-06 5.062855448160205e-07 3.201036183910213e-07 0.0 
2.3868122240443996e-05 7.087429641427924e-05 1.108875128504233e-06 4.992025394164533e-07 3.155673359106709e-07 0.0 
2.365464969486101e-05 7.033520872907262e-05 1.094451676488554e-06 4.922526841374395e-07 3.111168431874516e-07 0.0 
2.3444843659442824e-05 6.9805666774273e-05 1.0802907899087617e-06 4.854323965759467e-07 3.067497829567646e-07 0.0 
2.323869815716606e-05 6.928567190050803e-05 1.066390388670483e-06 4.787408145783235e-07 3.0246564205823897e-07 0.0 
2.303641968417335e-05 6.877579491888186e-05 1.0527629198354794e-06 4.721853480058223e-07 2.982694507539737e-07 0.0 
2.283798930345516e-05 6.827599696622626e-05 1.0394053232598944e-06 4.6576440555053997e-07 2.9416017347530923e-07 0.0 
2.2643348786375568e-05 6.778613657678996e-05 1.0263116065303426e-06 4.5947473075575205e-07 2.9013566240130744e-07 0.0 
2.2452442418725327e-05 6.730607568649778e-05 1.0134759618022722e-06 4.533131675485338e-07 2.861938362691056e-07 0.0 
2.2265215647810035e-05 6.683567950034189e-05 1.0008927209233304e-06 4.472766385288324e-07 2.8233266611536975e-07 0.0 
2.2081614401697126e-05 6.637481713466603e-05 9.885563284269818e-07 4.4136213201618334e-07 2.7855016679683246e-07 0.0 
2.1901601394988024e-05 6.592343202355027e-05 9.764616604798939e-07 4.355669207130236e-07 2.748445581986771e-07 0.0 
2.172544191999302e-05 6.548200565041263e-05 9.646446597014307e-07 4.299086987989943e-07 2.712271162208767e-07 0.0 
2.155379433685682e-05 6.505161234733339e-05 9.531953532621549e-07 4.2443113167559e-07 2.677255753985981e-07 0.0 
2.1385866610694487e-05 6.463093254616118e-05 9.420041493953537e-07 4.1908025072604146e-07 2.6430550576285737e-07 0.0 
2.1221470006875083e-05 6.421966900228813e-05 9.310456177718014e-07 4.138439000651742e-07 2.609591957008626e-07 0.0 
2.106053848854288e-05 6.38176557787556e-05 9.203142228006306e-07 4.087190319719304e-07 2.5768462783336275e-07 0.0 
2.0902857228528786e-05 6.342432692298309e-05 9.097943173422463e-07 4.0369742767549536e-07 2.5447642862853063e-07 0.0 
2.074832815468073e-05 6.303944790841201e-05 8.994773425170172e-07 3.987746213244641e-07 2.5133168558621344e-07 0.0 
2.059684959234312e-05 6.266280319484297e-05 8.893552745447911e-07 3.939464974791105e-07 2.482477181790933e-07 0.0 
2.044837243440246e-05 6.229434579531947e-05 8.794225889044244e-07 3.8921020099858907e-07 2.4522267558801756e-07 0.0 
2.030293778046745e-05 6.193423712234142e-05 8.696804619535361e-07 3.84566656497255e-07 2.422572255709403e-07 0.0 
2.0160550426133143e-05 6.158251287287092e-05 8.601279037033844e-07 3.8001541318964927e-07 2.393510906751225e-07 0.0 
2.0021219630707654e-05 6.12391952573083e-05 8.507637633278092e-07 3.7555571024817135e-07 2.3650375718417874e-07 0.0 
1.9885092483715104e-05 6.090465925771171e-05 8.415979349174329e-07 3.711924129328554e-07 2.3371836766980397e-07 0.0 
1.9752697567764585e-05 6.0580891597986596e-05 8.326482265769217e-07 3.669360026651884e-07 2.3100211330102363e-07 0.0 
1.9624171296104926e-05 6.026850000983249e-05 8.239158428969181e-07 3.627874577725605e-07 2.2835571003940433e-07 0.0 
1.9499182871277228e-05 5.9966234781261444e-05 8.153909210508489e-07 3.5874058174201826e-07 2.257748227181356e-07 0.0 
1.937734063856634e-05 5.967267738796928e-05 8.070594312869294e-07 3.5478717080788623e-07 2.2325389839357843e-07 0.0 
1.925859360353077e-05 5.9387715630177586e-05 7.989169466053252e-07 3.509248548709685e-07 2.2079138090376595e-07 0.0 
1.9142902435719913e-05 5.911126503965141e-05 7.909594875934479e-07 3.471515115255035e-07 2.183858782809392e-07 0.0 
1.9030226951364225e-05 5.884323906911551e-05 7.831830159677599e-07 3.434649903541148e-07 2.1603598094887447e-07 0.0 
1.8920393808811097e-05 5.8583203306401375e-05 7.755740402494836e-07 3.3985832135491043e-07 2.1373715982765595e-07 0.0 
1.8813279574234827e-05 5.833085162565633e-05 7.681227745833656e-07 3.363264317184348e-07 2.1148611439709596e-07 0.0 
1.870883822033438e-05 5.808607944672653e-05 7.608249912198023e-07 3.3286708674881827e-07 2.0928138178679634e-07 0.0 
1.860702505947077e-05 5.784878567505345e-05 7.53676566493586e-07 3.294781060883398e-07 2.0712153465514057e-07 0.0 
1.8507793988077296e-05 5.7618868104896334e-05 7.466732124965291e-07 3.261572468993811e-07 2.0500510857578864e-07 0.0 
1.8411068526477767e-05 5.73961748301102e-05 7.398076157504676e-07 3.229009514254476e-07 2.0292982283389234e-07 0.0 
1.831679191269773e-05 5.718058719867837e-05 7.330742537214069e-07 3.197064229977973e-07 2.0089386750138466e-07 0.0 
1.822491739715119e-05 5.6972004235730726e-05 7.26468548720669e-07 3.165712805574783e-07 1.9889569190636072e-07 0.0 
1.8135926092568146e-05 5.677158496690287e-05 7.200319303001557e-07 3.1351663303974817e-07 1.9694891143625166e-07 0.0 
1.805041167609489e-05 5.658073630417626e-05 7.138148632692213e-07 3.105673299086699e-07 1.9506943151170704e-07 0.0 
1.7967666516826583e-05 5.639781519280114e-05 7.077524841412652e-07 3.076905801010067e-07 1.93236173188998e-07 0.0 
1.788766648009399e-05 5.6222794379391515e-05 7.01840355904805e-07 3.048841142103953e-07 1.9144768182593875e-07 0.0 
1.7810447821871695e-05 5.605578120757756e-05 6.960794432742491e-07 3.0214818932613377e-07 1.89704094803816e-07 0.0 
1.773611931929363e-05 5.589711523492764e-05 6.904736341193977e-07 2.994847704200223e-07 1.8800670416356657e-07 0.0 
1.7664800248822356e-05 5.574717529599965e-05 6.850271227473135e-07 2.9689601736252054e-07 1.8635693638907875e-07 0.0 
1.7596512861043187e-05 5.5606043022818194e-05 6.797393131278856e-07 2.9438139025902175e-07 1.847544106036505e-07 0.0 
1.753120237893806e-05 5.5473681805670314e-05 6.746022682374515e-07 2.9193711637691783e-07 1.8319672842424907e-07 0.0 
1.746874626314019e-05 5.5349974480810506e-05 6.696016683656221e-07 2.8955666645592584e-07 1.8167978088051568e-07 0.0 
1.7409099627302985e-05 5.523487178353311e-05 6.647340249006979e-07 2.872382801944631e-07 1.8020242569823816e-07 0.0 
1.7352248057096093e-05 5.512836835051271e-05 6.599988436668958e-07 2.8498155515374053e-07 1.787643743226641e-07 0.0 
1.7298218538928137e-05 5.5030558873532075e-05 6.553968302056126e-07 2.827866325553548e-07 1.77365686727281e-07 0.0 
1.7247019558102946e-05 5.494151504138991e-05 6.509265035906011e-07 2.806526610673934e-07 1.7600579942984432e-07 0.0 
1.7198613261251633e-05 5.486114581300672e-05 6.465846555689754e-07 2.785778390501362e-07 1.7468351797487145e-07 0.0 
1.7152928807547547e-05 5.4789249961685695e-05 6.423668767843637e-07 2.7655970862680315e-07 1.7339721316569267e-07 0.0 
1.710996941388325e-05 5.472588329391009e-05 6.382715722700379e-07 2.7459734478215354e-07 1.7214627151819807e-07 0.0 
1.7069749618423282e-05 5.4671132088198126e-05 6.342974286102754e-07 2.7268998514425425e-07 1.7093019244585995e-07 0.0 
1.7032520733091713e-05 5.4626317558882864e-05 6.30447660668028e-07 2.708399753108225e-07 1.6975067948589454e-07 0.0 
1.6998388300166884e-05 5.459190282901753e-05 6.267245462645677e-07 2.690485781568064e-07 1.686085704599165e-07 0.0 
1.6967273313739105e-05 5.456742797867669e-05 6.23125793243493e-07 2.6731417439244527e-07 1.675027201348866e-07 0.0 
1.6939050740781427e-05 5.4552247586608796e-05 6.196481824259444e-07 2.656345599564282e-07 1.664315935826123e-07 0.0 
1.6913812727783637e-05 5.454666781883406e-05 6.162959421169904e-07 2.640119286962854e-07 1.6539662697741387e-07 0.0 
1.6891606656900277e-05 5.455088074743267e-05 6.130692714750995e-07 2.624463299405507e-07 1.643978552870406e-07 0.0 
1.6872461970404836e-05 5.4565022748125225e-05 6.099674581401889e-07 2.6093727182436503e-07 1.6343494746062848e-07 0.0 
1.6856410802590745e-05 5.458923969965129e-05 6.069898751822648e-07 2.594843008737079e-07 1.6250759686652305e-07 0.0 
1.684347095989291e-05 5.462364442269743e-05 6.041347756612062e-07 2.580864861489581e-07 1.6161520227469575e-07 0.0 
1.68343503574073e-05 5.466982692419678e-05 6.01464505913224e-07 2.567731437384882e-07 1.6077630997515295e-07 0.0 
1.6829165748790087e-05 5.472810845796047e-05 5.989839336525044e-07 2.5554586672796454e-07 1.5999183863168e-07 0.0 
1.6827258192876354e-05 5.479719660287567e-05 5.966289069687265e-07 2.543747767192396e-07 1.5924293062623187e-07 0.0 
1.6828652374278566e-05 5.487723151458261e-05 5.943977241483928e-07 2.532589101382199e-07 1.585289583557145e-07 0.0 
1.683340850327256e-05 5.496845703666682e-05 5.922912070189228e-07 2.521984677433495e-07 1.5785002867967234e-07 0.0 
1.6841588432014107e-05 5.507111923813311e-05 5.90310127564528e-07 2.511936219430062e-07 1.572062294528478e-07 0.0 
1.685318555189705e-05 5.5185257853055566e-05 5.884519195111329e-07 2.502429086164205e-07 1.5659659249569828e-07 0.0 
1.686814379303383e-05 5.531075498861999e-05 5.867115307993503e-07 2.493435672114963e-07 1.5601930483823498e-07 0.0 
1.6886516993987484e-05 5.5447834870645116e-05 5.85089030315584e-07 2.4849540360792495e-07 1.5547421566847535e-07 0.0 
1.6908510188681552e-05 5.559698320318917e-05 5.835963346428774e-07 2.477033744399163e-07 1.5496438764888884e-07 0.0 
1.693434215547797e-05 5.575880528634287e-05 5.82244117770986e-07 2.469720297108324e-07 1.5449266379851567e-07 0.0 
1.6964094181993912e-05 5.593371084816222e-05 5.810312864147151e-07 2.4630084165394936e-07 1.540587291190863e-07 0.0 
1.699782452066798e-05 5.6122009516642305e-05 5.799561913999494e-07 2.4568889608423673e-07 1.536619944312985e-07 0.0 
1.703559980830477e-05 5.6324042762917256e-05 5.790172881025954e-07 2.451353255392452e-07 1.5330190082597056e-07 0.0 
1.70774670447243e-05 5.654012707269257e-05 5.782119136158713e-07 2.446388070869918e-07 1.5297760816143415e-07 0.0 
1.7123442043444873e-05 5.6770529379947586e-05 5.775364469984991e-07 2.4419767641489677e-07 1.5268806950525553e-07 0.0 
1.717366211673928e-05 5.70157870174269e-05 5.769935510572587e-07 2.4381300957946204e-07 1.524339611020322e-07 0.0 
1.7228354465539333e-05 5.727675930722161e-05 5.765888780545644e-07 2.434875192491924e-07 1.5221705178961054e-07 0.0 
1.7287863795099538e-05 5.7554571832851854e-05 5.763368801377066e-07 2.4322811285452566e-07 1.5204176943958957e-07 0.0 
1.735343633213899e-05 5.785284500214328e-05 5.76306218199254e-07 2.4306814822726177e-07 1.519294953588241e-07 0.0 
1.7424480180562184e-05 5.816996803372593e-05 5.764593086262505e-07 2.429880892369452e-07 1.5186753222596186e-07 0.0 
1.7500781633447184e-05 5.8505502489193555e-05 5.767775026834494e-07 2.429785705516929e-07 1.518498581743535e-07 0.0 
1.7582585017117637e-05 5.886063088928777e-05 5.772656902485932e-07 2.4304188132802466e-07 1.5187796623440778e-07 0.0 
1.767008596633996e-05 5.923629069895358e-05 5.779276273335586e-07 2.431795700726418e-07 1.5195283535031657e-07 0.0 
1.776340878224485e-05 5.963278104289369e-05 5.787662846208341e-07 2.4339235380069264e-07 1.5207482022072344e-07 0.0 
1.786272931227844e-05 6.005043467594981e-05 5.79787967630436e-07 2.436826463684247e-07 1.5224537849225708e-07 0.0 
1.7968284613839507e-05 6.049019830700917e-05 5.809974024349642e-07 2.4405253434463436e-07 1.5246584703798295e-07 0.0 
1.808029760326427e-05 6.095293496051265e-05 5.823987836197132e-07 2.4450357955607947e-07 1.5273718475801651e-07 0.0 
1.819899628845918e-05 6.143950814984717e-05 5.839964969524943e-07 2.4503737160804125e-07 1.5306035807276283e-07 0.0 
1.8324635965093012e-05 6.195085481421042e-05 5.857962373221434e-07 2.456560503089854e-07 1.5343667571827437e-07 0.0 
1.8457489369093117e-05 6.248797311270443e-05 5.878042733861772e-07 2.463619931589069e-07 1.5386759425085698e-07 0.0 
1.8597846319634177e-05 6.305192605626137e-05 5.90028320671295e-07 2.4715825531272993e-07 1.5435499816403677e-07 0.0 
1.874600776666788e-05 6.364383785020495e-05 5.924753052527876e-07 2.480475002638794e-07 1.5490052436681232e-07 0.0 
1.890230787780919e-05 6.426496623159602e-05 5.951524256779388e-07 2.490325592815816e-07 1.5550592977751684e-07 0.0 
1.906719314208232e-05 6.49169945298042e-05 5.980703932942203e-07 2.5011825172716437e-07 1.561743050404597e-07 0.0 
1.9241010643284977e-05 6.560133422270797e-05 6.012353058385021e-07 2.5130705792791513e-07 1.5690721236158877e-07 0.0 
1.9424147548993652e-05 6.631948579748416e-05 6.046548368325168e-07 2.526019745129749e-07 1.5770651180414243e-07 0.0 
1.9617100499761523e-05 6.707321653280254e-05 6.08344085850691e-07 2.5400925970527044e-07 1.5857610063135244e-07 0.0 
1.9820472574609057e-05 6.786456173018866e-05 6.123249550265895e-07 2.5553811833945324e-07 1.595217114685391e-07 0.0 
2.003484600761677e-05 6.869561543687955e-05 6.166122379754701e-07 2.5719452437785916e-07 1.6054705806782213e-07 0.0 
2.026082381867895e-05 6.95685516969663e-05 6.212214090045259e-07 2.5898470005173593e-07 1.6165600400847514e-07 0.0 
2.0499034081588505e-05 7.048564299369402e-05 6.2616873952734e-07 2.6091516952003025e-07 1.6285259674614783e-07 0.0 
2.0750142806728993e-05 7.144931941333342e-05 6.314712293721856e-07 2.629927433379735e-07 1.6414106142454434e-07 0.0 
2.1014867709043834e-05 7.246220243558773e-05 6.371472103452042e-07 2.6522477836300456e-07 1.655259643159946e-07 0.0 
2.1293844957165285e-05 7.352695688497521e-05 6.432053522342089e-07 2.6761473575119056e-07 1.6700950277183967e-07 0.0 
2.1587597113073015e-05 7.46458989385121e-05 6.496483870851435e-07 2.7016325500841944e-07 1.6859207104624048e-07 0.0 
2.1896837322433925e-05 7.582173462236788e-05 6.564913792213883e-07 2.728759548242229e-07 1.7027711067284347e-07 0.0 
2.2222461134594094e-05 7.705784063195805e-05 6.637551769575618e-07 2.757611621186452e-07 1.7206979697535625e-07 0.0 
2.2565436668943763e-05 7.835786353586923e-05 6.714623375331237e-07 2.7882788699367184e-07 1.7397572975040601e-07 0.0 
2.292681186697642e-05 7.972575542080024e-05 6.796373023756011e-07 2.820859010199424e-07 1.7600098342991248e-07 0.0 
2.3308009297853246e-05 8.116654934893032e-05 6.88324954101531e-07 2.855543147483757e-07 1.7815752885115083e-07 0.0 
2.371169955349991e-05 8.268863557807195e-05 6.976444185021868e-07 2.8928593485406484e-07 1.804785628269094e-07 0.0 
2.4138353075886482e-05 8.42950826419417e-05 7.075706170462362e-07 2.9326757229352694e-07 1.8295568116308086e-07 0.0 
2.458898441258367e-05 8.599060312383508e-05 7.181061469139433e-07 2.9749935500553457e-07 1.8558899316095212e-07 0.0 
2.5065248250374882e-05 8.778131808976509e-05 7.292912122287411e-07 3.019975891390121e-07 1.8838865794413287e-07 0.0 
2.5568909600590046e-05 8.967363356989148e-05 7.411687256024128e-07 3.0677944225731997e-07 1.9136533205156086e-07 0.0 
2.610198054146916e-05 9.167495685573278e-05 7.537903652469388e-07 3.1186590065326903e-07 1.9453207866159833e-07 0.0 
2.6666703655721152e-05 9.379334069067614e-05 7.67216066771776e-07 3.1728119821403606e-07 1.979039546377867e-07 0.0 
2.726542666469932e-05 9.60375858419841e-05 7.815032719360885e-07 3.2304859583041274e-07 2.014954486670624e-07 0.0 
2.7900722191081812e-05 9.841730818768908e-05 7.967147050275321e-07 3.2919346302687033e-07 2.053223564858287e-07 0.0 
2.8575437155039507e-05 0.00010094313511391182 8.129201966058331e-07 3.3574411453946566e-07 2.0940231570693914e-07 0.0 
2.9294222692638446e-05 0.00010363198533538155 8.302569003013668e-07 3.427620458415923e-07 2.137743901742795e-07 0.0 
3.0060481662182866e-05 0.00010649657695791903 8.488077631503502e-07 3.5028008126110004e-07 2.1845889112780802e-07 0.0 
3.087683014066363e-05 0.00010954707654864572 8.68618213866112e-07 3.5831250909907806e-07 2.2346422046707805e-07 0.0 
3.1747509745806064e-05 0.00011279934551499699 8.897917449962595e-07 3.669012709025803e-07 2.288165053912803e-07 0.0 
3.267727509264584e-05 0.00011627115450587557 9.1244491293559e-07 3.760937142257577e-07 2.3454525325049176e-07 0.0 
3.367142348893126e-05 0.00011998230762181315 9.367074924440631e-07 3.8594255391310593e-07 2.406833164709783e-07 0.0 
3.473587051659848e-05 0.00012395492628993626 9.62724304292022e-07 3.9650661332841086e-07 2.472673544459521e-07 0.0 
3.587723805550089e-05 0.00012821377996191107 9.906573419125648e-07 4.0785168674075627e-07 2.5433837091780123e-07 0.0 
3.710294561353981e-05 0.0001327866544317157 1.0206878654792882e-06 4.200514354996718e-07 2.6194227885061916e-07 0.0 
3.8421398425601285e-05 0.00013770516365614382 1.0530205307846598e-06 4.331894848452714e-07 2.701312823441213e-07 0.0 
3.9842195411315766e-05 0.00014300527546422175 1.0878911844924347e-06 4.4736235548703116e-07 2.789656460455972e-07 0.0 
4.137619686388014e-05 0.0001487276697819174 1.125567309723707e-06 4.62679550392435e-07 2.885137348691346e-07 0.0 
4.303561943443865e-05 0.00015491824852139277 1.1663460966361076e-06 4.79262374821392e-07 2.9885125573414247e-07 0.0 
4.483431498720893e-05 0.00016162907263483136 1.2105642841222088e-06 4.972481869312336e-07 3.1006392360976716e-07 0.0 
4.6788110419661e-05 0.0001689195852490065 1.2586071652587702e-06 5.16793960815176e-07 3.2224965702873754e-07 0.0 
4.891559403152699e-05 0.0001768590983675545 1.310941228739618e-06 5.380905382640861e-07 3.3552753367901977e-07 0.0 
5.123772408830253e-05 0.0001855263227268509 1.3680777152816425e-06 5.613465075449721e-07 3.5002771141931765e-07 0.0 
5.37785906676179e-05 0.00019501187802547517 1.4306002972794072e-06 5.867997048111942e-07 3.658985757630876e-07 0.0 
5.656608447810742e-05 0.00020542073144864947 1.4991839356673561e-06 6.14725155981992e-07 3.833117183581302e-07 0.0 
5.9632619324967207e-05 0.00021687498621385267 1.5746121116395259e-06 6.454421509356161e-07 4.024663622996398e-07 0.0 
6.301602142376419e-05 0.00022951721807603452 1.6577994524507227e-06 6.793234310921752e-07 4.2359508621222873e-07 0.0 
6.676135396558583e-05 0.00024351500611345417 1.7498721131882123e-06 7.168268141751009e-07 4.469831641763424e-07 0.0 
7.092116037136009e-05 0.0002590651419923477 1.8521152964812717e-06 7.584751297845938e-07 4.7295658923046775e-07 0.0 
7.555695946560109e-05 0.0002763994070111637 1.9660103365686294e-06 8.048712073996569e-07 5.018914065653247e-07 0.0 
8.074126782425082e-05 0.0002957919062069275 2.09329714148514e-06 8.567231344675538e-07 5.342293608792934e-07 0.0 
8.656089162138486e-05 0.00031757039548505945 2.2360577911419555e-06 9.148781515857772e-07 5.704990036980177e-07 0.0 
9.31197691693504e-05 0.00034212823568367757 2.396777829991396e-06 9.80348583422219e-07 6.113320642155445e-07 0.0 
0.00010054252498949896 0.0003699375901431708 2.578435264955997e-06 1.054347263389667e-06 6.574853961881246e-07 0.0 
0.00010898022326221582 0.00040156930149799324 2.784645892966881e-06 1.138344965069293e-06 7.098765086173997e-07 0.0 
0.00011861626819819087 0.00043771686176417103 3.0197919447202193e-06 1.234123976918384e-06 7.696172518834867e-07 0.0 
0.00012967425144970321 0.000479226480761158 3.2892051480048525e-06 1.3438525725318089e-06 8.380603086744858e-07 0.0 
0.0001424278572760768 0.0005271346522752777 3.599398078509756e-06 1.4701786992900351e-06 9.168576120841641e-07 0.0 
0.00015721335996563324 0.0005827158111883325 3.958354834403259e-06 1.616347874058147e-06 1.0080338947014966e-06 0.0 
0.00017444620401780385 0.0006475442665829659 4.375953702363952e-06 1.7863761382322586e-06 1.1140945506921146e-06 0.0 
0.00019464014450544146 0.0007235670879814388 4.864418732534984e-06 1.9852331829560905e-06 1.2381398357975173e-06 0.0 
0.00021842719717423374 0.0008131830310028075 5.438699995449831e-06 2.218992834695439e-06 1.383958770733799e-06 0.0 
0.00024658760250737373 0.0009193511428458584 6.117361571942147e-06 2.4952142664108416e-06 1.5562686139687605e-06 0.0 
0.0002800507959640441 0.0010455998392631118 6.922459996091351e-06 2.822874663084771e-06 1.7606712256266122e-06 0.0 
0.0003198180104598784 0.0011957574093624552 7.877090389572793e-06 3.211322453501082e-06 2.002997219414406e-06 0.0 
0.0003667840647352398 0.001373271235978243 9.001601185883469e-06 3.6688132442842224e-06 2.2884000556759406e-06 0.0 
0.00042110322570830554 0.0015788444166202416 1.0297924955554614e-05 4.196138695587678e-06 2.6173849711259385e-06 0.0 
0.0004806680299064679 0.0018046867128319823 1.1712700304595127e-05 4.7714863773394095e-06 2.976346902345057e-06 0.0 
0.0005386141281417909 0.0020250962386591472 1.307786080331135e-05 5.326384247677349e-06 3.3225784232433373e-06 0.0 
0.0005814255906607935 0.0021892040237283653 1.4066769785510672e-05 5.727883440776896e-06 3.573149574257809e-06 0.0 
0.0005928691435969662 0.0022356027590605607 1.4291978146474854e-05 5.818395621743361e-06 3.6297483193429757e-06 0.0 
0.0005657942814786324 0.0021367814076853732 1.3589917088546688e-05 5.531549667417151e-06 3.4509487233021948e-06 0.0 
0.0005093765381943326 0.0019267500883576342 1.2190314175097186e-05 4.961023107433147e-06 3.0951617216770076e-06 0.0 
0.0004409258410941493 0.0016705132025308103 1.0513657851793614e-05 4.278011398259394e-06 2.6691682755493153e-06 0.0 
0.00037398567733929567 0.0014191991340488288 8.884894045057144e-06 3.614726376580815e-06 2.2554455780966926e-06 0.0 
0.0003148917433379979 0.0011968905259075943 7.453600064576766e-06 3.031979444626572e-06 1.8919371471642884e-06 0.0 
0.0002651095213989871 0.0010093015932166668 6.2522630640683455e-06 2.542936065754213e-06 1.5868643991397184e-06 0.0 
0.000223961207819491 0.000854018703162765 5.262495869046875e-06 2.1400733339705064e-06 1.3355410899132904e-06 0.0 
0.00019013975068486993 0.0007262110860232943 4.451423315398631e-06 1.8099855346089454e-06 1.129609196197208e-06 0.0 
0.0001623236807032256 0.0006209607376847458 3.7863036347347523e-06 1.5393314339099175e-06 9.607495189970103e-07 0.0 
0.00013936789327096747 0.000533991835931645 3.2389613462821937e-06 1.316632968389027e-06 8.2180390579732e-07 0.0 
0.00012033285255136564 0.0004617885397484992 2.7863689138442597e-06 1.1325085869691217e-06 7.069210417643275e-07 0.0 
0.00010446485318402847 0.0004015262162476452 2.410114470649487e-06 9.794586709303e-07 6.11423236946419e-07 0.0 
9.116383322476324e-05 0.00035095329598588704 2.095581453716714e-06 8.515307169541646e-07 5.315976975819036e-07 0.0 
7.99525780741403e-05 0.0003082770623085354 1.8311759874717363e-06 7.440038323931785e-07 4.6449974760559334e-07 0.0 
7.045098291894658e-05 0.00027206775617297696 1.6076884650197588e-06 6.531282367762501e-07 4.0779033391408335e-07 0.0 
6.235539846973369e-05 0.00024118165233092957 1.4177835477874155e-06 5.759174192798548e-07 3.5960640573720974e-07 0.0 
5.5421979240996406e-05 0.00021469973500040087 1.255575233898725e-06 5.099751521687207e-07 3.1845314694402476e-07 0.0 
4.9454121138431335e-05 0.0001918804215231589 1.116326095394163e-06 4.533729982087366e-07 2.8312754064164656e-07 0.0 
4.4292681369979775e-05 0.00017212286376311887 9.962096561614743e-07 4.0455344199583556e-07 2.526579277071026e-07 0.0 
3.980824857031782e-05 0.0001549380006795502 8.921213297336827e-07 3.622529060016878e-07 2.2625599447995474e-07 0.0 
3.589500946321001e-05 0.00013992563120500523 8.015275594338452e-07 3.254403500112353e-07 2.0327848956466411e-07 0.0 
3.246611032354321e-05 0.0001267569164170739 7.223554819544556e-07 2.9327251350584547e-07 1.831993127633728e-07 0.0 
2.944987582549906e-05 0.00011516018434367059 6.528982868446402e-07 2.650550292713441e-07 1.6558523361302989e-07 0.0 
2.6786660495169287e-05 0.00010490939303306843 5.917334986499059e-07 2.402090366048677e-07 1.5007508049817385e-07 0.0 
2.442674800003889e-05 9.581598952184968e-05 5.376776910693975e-07 2.1825301119089465e-07 1.3636840805161953e-07 0.0 
2.2328506146803615e-05 8.772195978707731e-05 4.897417675685964e-07 1.9878454727942393e-07 1.2421413206915024e-07 0.0 
2.0456915672683502e-05 8.049429029921315e-05 4.4709530697964124e-07 1.8146583473388824e-07 1.1340146953297737e-07 0.0 
1.878239165278431e-05 7.402052737532723e-05 4.0903805362481697e-07 1.660120473275739e-07 1.0375269463828038e-07 0.0 
1.7279848663771238e-05 6.820523056972289e-05 3.74977711216293e-07 1.521823000606464e-07 9.51174953693813e-08 0.0 
1.5927928495342825e-05 6.296707007836483e-05 3.444113080257214e-07 1.3977206677149353e-07 8.736824417306428e-08 0.0 
1.4708341248207164e-05 5.8236408774811874e-05 3.169080329829657e-07 1.2860619458470626e-07 8.039564800333359e-08 0.0 
1.3605610815729999e-05 5.395471885823737e-05 2.921035184465838e-07 1.1853736666943599e-07 7.410790038529363e-08 0.0 
1.2606383062911568e-05 5.0071398751866245e-05 2.696840821400532e-07 1.094385926015694e-07 6.842582972571613e-08 0.0 
1.1698553489655769e-05 4.653950614547687e-05 2.4936678788733187e-07 1.0119349984497017e-07 6.327661935352241e-08 0.0 
1.0872347598253241e-05 4.332167486693268e-05 2.3092633038274427e-07 9.371121610202447e-08 5.8603631838228236e-08 0.0 
1.0119103190241576e-05 4.038482689772666e-05 2.141615404899494e-07 8.691017679263114e-08 5.435598225486036e-08 0.0 
9.430554189064806e-06 3.769730292227284e-05 1.9887529131582392e-07 8.070925907887392e-08 5.048293993567958e-08 0.0 
8.799965626609783e-06 3.5233257993881636e-05 1.8491130297048786e-07 7.50448833892674e-08 4.69448135657574e-08 0.0 
8.221437788605973e-06 3.297012749958974e-05 1.7213262980754e-07 6.98614717089606e-08 4.3706924444347136e-08 0.0 
7.689777846397924e-06 3.0888044055753775e-05 1.6041896696098274e-07 6.511021786978684e-08 4.073882003759166e-08 0.0 
7.2005460220483124e-06 2.896981966678456e-05 1.4967083557231856e-07 6.075076116023917e-08 3.801529520036613e-08 0.0 
6.749811187399437e-06 2.720019228010444e-05 1.3980020382924612e-07 5.674728152312563e-08 3.5513967107054075e-08 0.0 
6.333912784019641e-06 2.5565172838937668e-05 1.3072112636463278e-07 5.306488191010849e-08 3.3213063948655697e-08 0.0 
5.949607956241769e-06 2.405235511663587e-05 1.2235778737681456e-07 4.9672819231538834e-08 3.109340912522987e-08 0.0 
5.593996218635067e-06 2.2650673765109753e-05 1.1464234426554704e-07 4.6543576930424135e-08 2.913783892750827e-08 0.0 
5.264482557146024e-06 2.1350210849835466e-05 1.0751420442473746e-07 4.365256618212859e-08 2.733101299478431e-08 0.0 
4.95871196692273e-06 2.014200583178264e-05 1.0091841112105808e-07 4.09775473397885e-08 2.5659064171277545e-08 0.0 
4.674550448916635e-06 1.9017929481253023e-05 9.48049360594468e-08 3.8498252107537066e-08 2.410935388866878e-08 0.0 
4.410164407782846e-06 1.7970930060481727e-05 8.913180510500333e-08 3.619767743116979e-08 2.267127395549029e-08 0.0 
4.163905978877767e-06 1.6994641533155944e-05 8.38615498687132e-08 3.406060784206118e-08 2.133532455765262e-08 0.0 
3.934285053659231e-06 1.6083300609594083e-05 7.896032954025268e-08 3.2073290891560846e-08 2.0092917650963488e-08 0.0 
3.719955262569092e-06 1.5231697085362038e-05 7.439761254896439e-08 3.022332051011342e-08 1.8936305897814865e-08 0.0 
3.5196980603893037e-06 1.4435112814957507e-05 7.014580678731588e-08 2.849948643229355e-08 1.7858488648411232e-08 0.0 
3.332408795300829e-06 1.368926827287627e-05 6.617993623400153e-08 2.6891642528287807e-08 1.6853129726934786e-08 0.0 
3.157084488383009e-06 1.2990275657792378e-05 6.247735757745449e-08 2.5390591432454373e-08 1.591448539318938e-08 0.0 
2.9928179277333445e-06 1.2334607699161513e-05 5.9017771067076456e-08 2.398808485291863e-08 1.5037403136499595e-08 0.0 
2.8387995436832388e-06 1.1719087052775628e-05 5.578330661641783e-08 2.2676847384165953e-08 1.4217334964144002e-08 0.0 
2.6942763244666502e-06 1.1140783577104562e-05 5.275704694907818e-08 2.1450006078167498e-08 1.3449988059619187e-08 0.0 
2.558554103037647e-06 1.0596999786974719e-05 4.992335124342108e-08 2.030120887255705e-08 1.2731395529802783e-08 0.0 
2.4309975140665897e-06 1.0085264901660468e-05 4.726792610261851e-08 1.9224650605334e-08 1.2057931830815864e-08 0.0 
2.3110216185982656e-06 9.603306351596536e-06 4.477760854302586e-08 1.821498786762217e-08 1.1426260248152418e-08 0.0 
2.1980923790714804e-06 9.149050924110962e-06 4.244041161096801e-08 1.7267357366554183e-08 1.083334411239037e-08 0.0 
2.0917303782570496e-06 8.720625982606248e-06 4.024558808479223e-08 1.637739625734252e-08 1.0276458560530228e-08 0.0 
1.991488933870482e-06 8.316291119134944e-06 3.818314970368669e-08 1.5541050793379454e-08 9.753071809543475e-09 0.0 
1.8969485529161165e-06 7.93442097506683e-06 3.62437231986081e-08 1.4754521313596717e-08 9.260811364066818e-09 0.0 
1.8077149621823204e-06 7.573536867666824e-06 3.4418438400388575e-08 1.4014256301760336e-08 8.797466256455385e-09 0.0 
1.7234551597938932e-06 7.232449082769709e-06 3.2699800362490414e-08 1.3317327157172708e-08 8.36122390932836e-09 0.0 
1.6438131578512885e-06 6.909674669468454e-06 3.10799192478106e-08 1.2660428677222417e-08 7.95000462526769e-09 0.0 
1.5684943484496285e-06 6.60402095309498e-06 2.9552452628484723e-08 1.204096355389928e-08 7.562181283071572e-09 0.0 
1.497228019177468e-06 6.314429391388212e-06 2.811148205630765e-08 1.1456538497476488e-08 7.196259439732121e-09 0.0 
1.4297562985581692e-06 6.039895269301202e-06 2.6751290174568116e-08 1.0904835519159908e-08 6.85079151108237e-09 0.0 
1.3658414133594525e-06 5.77949093980145e-06 2.546663617214529e-08 1.0383730741243564e-08 6.524451070394753e-09 0.0 
1.3052664120916053e-06 5.5323620235913185e-06 2.4252852633129578e-08 9.891332862556319e-09 6.216056086442529e-09 0.0 
1.2478322144774864e-06 5.297735781016826e-06 2.3105561988211678e-08 9.42588318983561e-09 5.924509911440407e-09 0.0 
1.1933986395438666e-06 5.075120218778587e-06 2.202176367827517e-08 8.986275964249799e-09 5.649135473936681e-09 0.0 
1.1417500765024182e-06 4.863631860980377e-06 2.099662152494582e-08 8.570465190897866e-09 5.388644354068326e-09 0.0 
1.0926937337270678e-06 4.662486711727836e-06 2.0025835204522488e-08 8.176656918545046e-09 5.141910025001835e-09 0.0 
1.0460768204293165e-06 4.471086234444003e-06 1.9106049431026557e-08 7.803492419877003e-09 4.908083897238598e-09 0.0 
1.0017569873584637e-06 4.288872257802364e-06 1.8234146692883307e-08 7.449709346490219e-09 4.686377533613578e-09 0.0 
9.59601511667855e-07 4.1153238540687856e-06 1.740722818437707e-08 7.114133992616925e-09 4.476057822999004e-09 0.0 
9.194865534669972e-07 3.94995449010644e-06 1.6622596447868065e-08 6.795674253487568e-09 4.276442587237847e-09 0.0 
8.812964770489048e-07 3.7923094245141765e-06 1.587773955694104e-08 6.493313209327507e-09 4.086896578279722e-09 0.0 
8.449246094983201e-07 3.641966408264221e-06 1.5170376258301774e-08 6.206126021905605e-09 3.906841679733047e-09 0.0 
8.102716205804793e-07 3.4985312357904803e-06 1.4498390556262472e-08 5.9332547214722135e-09 3.735741498546329e-09 0.0 
7.772432158823885e-07 3.3616341254449953e-06 1.3859742746018051e-08 5.673876279879993e-09 3.5730822215355258e-09 0.0 
7.457525006096472e-07 3.2309363239232917e-06 1.3252562991254645e-08 5.427241018007328e-09 3.418396416763288e-09 0.0 
7.157207141875454e-07 3.1061265677060567e-06 1.2675202987055458e-08 5.192688716178818e-09 3.2712721304491216e-09 0.0 
6.870767162817842e-07 2.9869212053094223e-06 1.2126209610327368e-08 4.96963639719869e-09 3.131345190360998e-09 0.0 
6.59747498650107e-07 2.8730306934821728e-06 1.160401965405972e-08 4.757449242826984e-09 2.9982186204045766e-09 0.0 
6.336642431304825e-07 2.764182128227251e-06 1.1107160813589982e-08 4.555529450670539e-09 2.871518612533745e-09 0.0 
6.087622538920372e-07 2.6601188024217843e-06 1.063425219493428e-08 4.363316493744536e-09 2.750894670522557e-09 0.0 
5.84980673402384e-07 2.560598952866284e-06 1.0183997593546371e-08 4.180284185342532e-09 2.6360177411780996e-09 0.0 
5.622622163061097e-07 2.46539404056609e-06 9.755185516105072e-09 4.005940357789188e-09 2.5265799390202504e-09 0.0 
5.405482917377352e-07 2.3742712560291445e-06 9.346566619691031e-09 3.839777361346782e-09 2.4222637997626825e-09 0.0 
5.197804347730602e-07 2.287001016862812e-06 8.95685810656946e-09 3.6812753926753055e-09 2.3227447270434927e-09 0.0 
4.999109371527806e-07 2.2033931605232357e-06 8.58505498185722e-09 3.530027400399758e-09 2.2277682193141754e-09 0.0 
4.808948134839893e-07 2.1232681855652397e-06 8.230213335481193e-09 3.3856510888668237e-09 2.137095233250785e-09 0.0 
4.626967786761369e-07 2.046484120376197e-06 7.891703666190081e-09 3.247894096677585e-09 2.0505677466058893e-09 0.0 
4.452895773747883e-07 1.972939353962742e-06 7.569106651331236e-09 3.1165978179926063e-09 1.9680874156829027e-09 0.0 
4.2863004940132793e-07 1.9024428300353227e-06 7.2614652592100604e-09 2.9913573338643754e-09 1.8893987210550583e-09 0.0 
4.1267826840179074e-07 1.8348322286201783e-06 6.967894010582947e-09 2.871810445574124e-09 1.8142749597243098e-09 0.0 
3.973976541322274e-07 1.7699646007735898e-06 6.687585728076678e-09 2.7576316112999545e-09 1.7425130199486203e-09 0.0 
3.827532867779788e-07 1.7077036285806997e-06 6.419772706143871e-09 2.648511645192858e-09 1.6739200253784357e-09 0.0 
3.687099222495204e-07 1.6479143529709692e-06 6.1636831171351305e-09 2.544142985445317e-09 1.6083044969571592e-09 0.0 
3.5523870620265164e-07 1.59048139317757e-06 5.9187199746582904e-09 2.4442843246033163e-09 1.5455155466671252e-09 0.0 
3.423131909334069e-07 1.5352978308223482e-06 5.68434308718735e-09 2.3487164261018065e-09 1.4854159310529264e-09 0.0 
3.299083219066947e-07 1.482262321469369e-06 5.460041738293916e-09 2.257232059122272e-09 1.4278759205798322e-09 0.0 
3.180003545768313e-07 1.4312787638441085e-06 5.245332885104142e-09 2.1696352621653727e-09 1.372772838684607e-09 0.0 
3.0656677678754744e-07 1.3822559911564794e-06 5.0397594794525054e-09 2.0857406569278304e-09 1.3199906323197044e-09 0.0 
2.9558679585161945e-07 1.335108865703671e-06 4.842905929690646e-09 2.0053791173130193e-09 1.2694233098234116e-09 0.0 
2.850492714499656e-07 1.2898053374728707e-06 4.654576881305414e-09 1.9284878741936933e-09 1.2210335488149293e-09 0.0 
2.749379512145873e-07 1.2462835160973196e-06 4.474454962541527e-09 1.8549430019479946e-09 1.1747442625342644e-09 0.0 
2.652267986272188e-07 1.2044194139316482e-06 4.302006812217547e-09 1.7845090692084794e-09 1.1304056012110053e-09 0.0 
2.558973218801469e-07 1.1641373615260218e-06 4.136854500452668e-09 1.7170319297165969e-09 1.0879209713527458e-09 0.0 
2.4693249002410013e-07 1.1253689176689723e-06 3.9786510619344155e-09 1.6523713213064338e-09 1.0472026332165081e-09 0.0 
2.3831613202162918e-07 1.0880490167468337e-06 3.827067972192692e-09 1.5903944379851777e-09 1.0081675048043054e-09 0.0 
2.3003288789417241e-07 1.0521157819215988e-06 3.681794063527116e-09 1.5309754953684903e-09 9.707368914336853e-10 0.0 
2.2206816295676258e-07 1.0175103460125044e-06 3.5425344945727447e-09 1.4739953070698641e-09 9.348362200741635e-10 0.0 
2.1440810830287086e-07 9.841774341026557e-07 3.4090107983722263e-09 1.4193420653274396e-09 9.003956287472317e-10 0.0 
2.0703986711873258e-07 9.520654818255179e-07 3.280974819662041e-09 1.3669163025282746e-09 8.673529181594626e-10 0.0 
1.999509522217477e-07 9.211235068985312e-07 3.158179638637703e-09 1.3166178084491854e-09 8.356452967212914e-10 0.0 
1.931292833445917e-07 8.913024202263146e-07 3.040381911194604e-09 1.2683479856241085e-09 8.052110351970711e-10 0.0 
1.8656364833841907e-07 8.625563120096346e-07 2.9273602014824344e-09 1.2220170315359579e-09 7.759938684113356e-10 0.0 
1.8024337018633182e-07 8.348416154591136e-07 2.818911069816226e-09 1.1775431033740691e-09 7.479425413568857e-10 0.0 
1.7415754836346543e-07 8.081145190837288e-07 2.7148133506226253e-09 1.1348373231427845e-09 7.210015078523403e-10 0.0 
1.6829641761071734e-07 7.823355904765587e-07 2.61487050747427e-09 1.093820894070035e-09 6.951215363973474e-10 0.0 
1.626503244182166e-07 7.57465455873324e-07 2.5188885522456148e-09 1.0544152007048488e-09 6.702534032264584e-10 0.0 
1.5721014464979578e-07 7.334687933528137e-07 2.4266870328711628e-09 1.0165489018941084e-09 6.46352727792254e-10 0.0 
1.519677108557437e-07 7.103137607526224e-07 2.3381087369700305e-09 9.801599852242885e-10 6.233809234773089e-10 0.0 
1.4691765816436404e-07 6.879733765991999e-07 2.2530634264178264e-09 9.452088347838546e-10 6.013125228206156e-10 0.0 
1.4205281984159805e-07 6.664175046941101e-07 2.1714109479226694e-09 9.116380953889721e-10 5.801114947736228e-10 0.0 
1.3736618176192576e-07 6.456168315380391e-07 2.093012538818027e-09 8.793910944893233e-10 5.597422808969178e-10 0.0 
1.3285077329211204e-07 6.255426082186911e-07 2.017730147682832e-09 8.484116784228134e-10 5.401696793648059e-10 0.0 
1.2849989003837852e-07 6.061671280239477e-07 1.945431490796203e-09 8.186460541905308e-10 5.213599676762087e-10 0.0 
1.2430706762471793e-07 5.874638208441896e-07 1.875989245851203e-09 7.900425194986061e-10 5.032807412050527e-10 0.0 
1.2026548026062888e-07 5.694042743975656e-07 1.809267555775351e-09 7.62545592456625e-10 4.85897204451297e-10 0.0 
1.1636739470395672e-07 5.51955654996878e-07 1.745109941582405e-09 7.360908457350539e-10 4.691689176483513e-10 0.0 
1.1260619357916053e-07 5.350918092385588e-07 1.6833862491526099e-09 7.10626277525522e-10 4.5306339660280653e-10 0.0 
1.089751467469024e-07 5.187868086243824e-07 1.6239646199111473e-09 6.860996938047516e-10 4.375480949573679e-10 0.0 
1.0546917827064513e-07 5.03019508149306e-07 1.5667484285502874e-09 6.624718472409466e-10 4.225983902289886e-10 0.0 
1.0208345196628342e-07 4.877697151769137e-07 1.5116459392907315e-09 6.397054610476996e-10 4.0819089172633214e-10 0.0 
9.881334174335604e-08 4.730180951888095e-07 1.4585696729358497e-09 6.177649897092449e-10 3.943032931819916e-10 0.0 
9.565442142030835e-08 4.5874613090832e-07 1.4074361892047017e-09 5.966165303014899e-10 3.8091431726953107e-10 0.0 
9.260275741442922e-08 4.449384668948696e-07 1.3581734433812107e-09 5.762319017555999e-10 3.6800641412741204e-10 0.0 
8.965570408829191e-08 4.3159123767251515e-07 1.3107367889527487e-09 5.565990986533752e-10 3.555728786875778e-10 0.0 
8.680855214535564e-08 4.186794954030607e-07 1.2650372494193353e-09 5.376776162389929e-10 3.4358767730173126e-10 0.0 
8.405726010256958e-08 4.061824746010276e-07 1.2210021717711223e-09 5.194349855007558e-10 3.3202999414650705e-10 0.0 
8.139851343665773e-08 3.9408618333697557e-07 1.178571771630333e-09 5.018469097477374e-10 3.20884559459538e-10 0.0 
7.88314572299646e-08 3.823852413716682e-07 1.1377503915035042e-09 4.849143170354197e-10 3.1015168426739815e-10 0.0 
7.635326961902191e-08 3.7106819614560853e-07 1.0984887960420254e-09 4.686176991204578e-10 2.9981915672555554e-10 0.0 
7.396049854397732e-08 3.601219609517528e-07 1.0607179452593814e-09 4.5293014943343707e-10 2.8987027403752747e-10 0.0 
7.164944141625974e-08 3.495314322921859e-07 1.024363025256245e-09 4.378214365379728e-10 2.8028612662300966e-10 0.0 
6.941664578673401e-08 3.392822606957489e-07 9.89355548645113e-10 4.2326371452425886e-10 2.7104926613131667e-10 0.0 
6.725835128714086e-08 3.293591274861296e-07 9.556216365976981e-10 4.09227345344466e-10 2.621411633310756e-10 0.0 
6.51713351367875e-08 3.1974864922929024e-07 9.230999853974335e-10 3.956876286392044e-10 2.535463418018933e-10 0.0 
6.315304112729617e-08 3.1044015814658774e-07 8.917442127400047e-10 3.8262595205218945e-10 2.45253155078507e-10 0.0 
6.120101223312435e-08 3.0142320182239887e-07 8.615093957605749e-10 3.700240073140871e-10 2.372500964013898e-10 0.0 
5.931288346053903e-08 2.926874170016289e-07 8.323517310981637e-10 3.5786352892287715e-10 2.2952561362579233e-10 0.0 
5.748638649889044e-08 2.842231063139971e-07 8.04229882662447e-10 3.4612762567053984e-10 2.220690808890575e-10 0.0 
5.571934173387321e-08 2.760209573947665e-07 7.771042649200815e-10 3.348001409035062e-10 2.1487033675101143e-10 0.0 
5.400965982701862e-08 2.6807219583903596e-07 7.509372508477362e-10 3.2386592810000145e-10 2.07919879070395e-10 0.0 
5.235532544597312e-08 2.6036835448667083e-07 7.256925589737389e-10 3.1331037791827443e-10 2.0120854211611521e-10 0.0 
5.075437627512014e-08 2.529009851282238e-07 7.01334694420494e-10 3.03118950899942e-10 1.9472717348279048e-10 0.0 
4.9205116222378124e-08 2.4566254074410314e-07 6.778328804584408e-10 2.9327891477191753e-10 1.8846774076440506e-10 0.0 
4.770615992255508e-08 2.386465111073925e-07 6.551617671783401e-10 2.8377960251360357e-10 1.8242349004200453e-10 0.0 
4.625567835379699e-08 2.3184511152932828e-07 6.332889491036242e-10 2.746077953080297e-10 1.7658610324417853e-10 0.0 
4.485186725882533e-08 2.252507171628848e-07 6.121827298862902e-10 2.6575060118488466e-10 1.709474710758169e-10 0.0 
4.349329924553864e-08 2.1885776537692427e-07 5.918184076425818e-10 2.571984684862522e-10 1.6550164169291618e-10 0.0 
4.2178746903150106e-08 2.126614118725618e-07 5.721759206636967e-10 2.489436544932798e-10 1.6024377989674958e-10 0.0 
4.0906781382751316e-08 2.066554746467255e-07 5.532303162310195e-10 2.4097596493389384e-10 1.5516746091274423e-10 0.0 
3.967593495419702e-08 2.008336433201962e-07 5.349552275981806e-10 2.3328461624439e-10 1.5026589647051036e-10 0.0 
