3.755966044936981e-05 0.00010016916828395064 2.4470486168604578e-06 1.19916274959635e-06 7.722539898082755e-07 0.0 
3.699875210576507e-05 9.881075365410765e-05 2.3997145992592723e-06 1.1745546457997734e-06 7.561938734780136e-07 0.0 
3.6448601318692316e-05 9.747695860954714e-05 2.353463111923651e-06 1.1505349978656787e-06 7.40521903387494e-07 0.0 
3.59091286719872e-05 9.616759686795667e-05 2.3082810486327843e-06 1.1270971878456375e-06 7.252338329718881e-07 0.0 
3.538009848820666e-05 9.488214704500309e-05 2.2641404473334285e-06 1.104225303170632e-06 7.103190172315297e-07 0.0 
3.486108787128306e-05 9.361970001607045e-05 2.2209960538850804e-06 1.0818934744446197e-06 6.957601815780759e-07 0.0 
3.435199466596092e-05 9.238014365367173e-05 2.1788228965656586e-06 1.0600876580933235e-06 6.815482048179691e-07 0.0 
3.3852602004545356e-05 9.116303593247516e-05 2.1375916438991466e-06 1.0387909280434981e-06 6.676717759189099e-07 0.0 
3.336268702605502e-05 8.996791593830367e-05 2.097273326108869e-06 1.0179865708239983e-06 6.541197116047565e-07 0.0 
3.2882033499452535e-05 8.879429308626974e-05 2.0578432019342887e-06 9.976603225125609e-07 6.408824338415516e-07 0.0 
3.241045160177084e-05 8.764167426977402e-05 2.019293803597534e-06 9.77808362604627e-07 6.279573243256543e-07 0.0 
3.1947768923557724e-05 8.650963530982852e-05 1.9816191417927035e-06 9.584286055366342e-07 6.153430850484755e-07 0.0 
3.1493842164438865e-05 8.539788661676247e-05 1.944801655600746e-06 9.395111593990088e-07 6.030331337277348e-07 0.0 
3.1048544367731676e-05 8.430616883109968e-05 1.9088285207944758e-06 9.21048748494618e-07 5.910226117621288e-07 0.0 
3.061152590829088e-05 8.32337238010368e-05 1.8736558663580924e-06 9.030163556172674e-07 5.792948797805989e-07 0.0 
3.0182517274005646e-05 8.217996063098471e-05 1.8392505352195469e-06 8.853951641670641e-07 5.678374201599001e-07 0.0 
2.9761337742780712e-05 8.114446823687017e-05 1.805592168946311e-06 8.681736960074209e-07 5.566425782777415e-07 0.0 
2.9347811259506582e-05 8.012684571873251e-05 1.7726610112178072e-06 8.513408280541944e-07 5.457029395386545e-07 0.0 
2.8941926223744054e-05 7.91272356330508e-05 1.740443287562098e-06 8.348891940536788e-07 5.350138112704167e-07 0.0 
2.8544439269499352e-05 7.814685384262783e-05 1.7090985791939486e-06 8.189088735964715e-07 5.246343964299716e-07 0.0 
2.8155156176358257e-05 7.718520487437658e-05 1.6786035548565007e-06 8.033849226095033e-07 5.145545000384147e-07 0.0 
2.7772922479047476e-05 7.62404691307331e-05 1.6487339474178864e-06 7.88193700701854e-07 5.046932246685295e-07 0.0 
2.7397566794315874e-05 7.531227774712533e-05 1.6194681371812977e-06 7.733231794689532e-07 4.950425843994129e-07 0.0 
2.7028930895162105e-05 7.440024508737953e-05 1.5907912753181478e-06 7.587650451795713e-07 4.855970142715754e-07 0.0 
2.666685286684033e-05 7.350397143411063e-05 1.562688760852982e-06 7.44511138488875e-07 4.7635105533880975e-07 0.0 
2.631124102962459e-05 7.26232633078127e-05 1.535149367261199e-06 7.30555428308434e-07 4.6730077784751874e-07 0.0 
2.5961997757263137e-05 7.17578997448049e-05 1.508162864982222e-06 7.168923543177974e-07 4.584425275494068e-07 0.0 
2.5619120143675028e-05 7.09078473921253e-05 1.4817322087759217e-06 7.035240280863715e-07 4.4977776922782746e-07 0.0 
2.5282553318903753e-05 7.007297362018059e-05 1.455852554586905e-06 6.904480855574357e-07 4.4130497482157527e-07 0.0 
2.4952128368675415e-05 6.925287423006359e-05 1.4305077213622523e-06 6.776553803436936e-07 4.330180171575387e-07 0.0 
2.4627680984638708e-05 6.844715540909513e-05 1.4056820434988881e-06 6.651370717105057e-07 4.249109766238783e-07 0.0 
2.4309056198564408e-05 6.765543912629766e-05 1.3813614242406677e-06 6.528851838624671e-07 4.1697850345446075e-07 0.0 
2.3996687546010128e-05 6.687803674292067e-05 1.357656254767598e-06 6.409574355334564e-07 4.0925778483359843e-07 0.0 
2.369095184875575e-05 6.611609077282772e-05 1.3345729196114454e-06 6.293587958794455e-07 4.01752723353247e-07 0.0 
2.3391979277960595e-05 6.537080342596438e-05 1.3120478959183678e-06 6.18059868912993e-07 3.944453274990921e-07 0.0 
2.3099153505311978e-05 6.46404458729655e-05 1.2900458696697043e-06 6.070381580549038e-07 3.8731976503416597e-07 0.0 
2.2811566307527028e-05 6.392258712870338e-05 1.2685032992862739e-06 5.962564855810658e-07 3.80350910481294e-07 0.0 
2.2529100939928515e-05 6.321699028831634e-05 1.2474071691936338e-06 5.857076538785212e-07 3.7353401865546004e-07 0.0 
2.2251707255494073e-05 6.252361032462105e-05 1.2267485785445332e-06 5.753868778833983e-07 3.6686598445395105e-07 0.0 
2.1979201877483647e-05 6.184196985255557e-05 1.2065133424829158e-06 5.652861650180142e-07 3.603414596271415e-07 0.0 
2.1711530027154568e-05 6.117192400449786e-05 1.186699793065646e-06 5.554048682744841e-07 3.539600287030117e-07 0.0 
2.144868595439496e-05 6.051347071835084e-05 1.167309373296166e-06 5.457441573820741e-07 3.477225025713561e-07 0.0 
2.1190532984551054e-05 5.986629257390586e-05 1.1483283097193584e-06 5.362963531801928e-07 3.4162377521309924e-07 0.0 
2.093696214514509e-05 5.9230173531443406e-05 1.1297431096610228e-06 5.27054526839082e-07 3.3565936268096456e-07 0.0 
2.068794493659884e-05 5.8605069444124596e-05 1.1115487969784345e-06 5.180163966662265e-07 3.298278561848542e-07 0.0 
2.0443406059765094e-05 5.799080144482565e-05 1.093738249877371e-06 5.091780762760762e-07 3.241266746772569e-07 0.0 
2.020327678790961e-05 5.738720499858111e-05 1.0763053244530921e-06 5.00536286770582e-07 3.1855364682991255e-07 0.0 
1.9967455847287045e-05 5.6794051886909644e-05 1.0592386879995522e-06 4.920847400738396e-07 3.131046087657243e-07 0.0 
1.9735891011173975e-05 5.621131799827389e-05 1.0425282986633294e-06 4.838179934910643e-07 3.0777601154008695e-07 0.0 
1.950857055686975e-05 5.563908881540093e-05 1.0261676342886728e-06 4.757324465661537e-07 3.0256552270073294e-07 0.0 
1.9285404394770853e-05 5.507713600312356e-05 1.0101479354922248e-06 4.6782313920998304e-07 2.9746983665102647e-07 0.0 
1.906633679141017e-05 5.452526397165031e-05 9.94467124521773e-07 4.6008850485133626e-07 2.924878323533914e-07 0.0 
1.885133612430474e-05 5.398331105481559e-05 9.791264939211578e-07 4.5252864293338747e-07 2.876194552527484e-07 0.0 
1.8640318411978866e-05 5.34510447776078e-05 9.641181892183113e-07 4.4513902043101157e-07 2.8286167145775117e-07 0.0 
1.8433207107111556e-05 5.2928263697516174e-05 9.494345356168115e-07 4.3791522660544866e-07 2.78211532781206e-07 0.0 
1.8229821778180146e-05 5.241454169511037e-05 9.350578060321958e-07 4.3084768333342577e-07 2.736627429170843e-07 0.0 
1.8030073300439257e-05 5.190965524337431e-05 9.20980434446881e-07 4.2393266438270657e-07 2.692129094835985e-07 0.0 
1.7833887815490446e-05 5.141345570985237e-05 9.071941215801984e-07 4.1716590658590375e-07 2.6485926439896955e-07 0.0 
1.76411181168987e-05 5.092576737217118e-05 8.936788216525074e-07 4.10537628704199e-07 2.6059556832826244e-07 0.0 
1.745170319482291e-05 5.044646477990579e-05 8.80427843305549e-07 4.0404428645572267e-07 2.564195028161489e-07 0.0 
1.7265587831268167e-05 4.997541464727906e-05 8.674358090600385e-07 3.9768293745138117e-07 2.523291223870951e-07 0.0 
1.7082718483197555e-05 4.951248664615062e-05 8.546974928994758e-07 3.914507235951956e-07 2.483225377549493e-07 0.0 
1.6903047590487812e-05 4.905755889198627e-05 8.422080954484608e-07 3.853450016610379e-07 2.443980003117508e-07 0.0 
1.672652499440048e-05 4.8610508174179566e-05 8.299626933021207e-07 3.7936308092958725e-07 2.4055373225843034e-07 0.0 
1.6553100189756392e-05 4.817121257892884e-05 8.179563777305215e-07 3.7350228883449833e-07 2.3678796907029678e-07 0.0 
1.6382767598348453e-05 4.773967673576441e-05 8.061869362573944e-07 3.67761541308021e-07 2.3310002620999885e-07 0.0 
1.6215528407634837e-05 4.731594430594367e-05 7.946514065424922e-07 3.6213956497033574e-07 2.2948914702776815e-07 0.0 
1.605123380879979e-05 4.68996591371637e-05 7.833370882849143e-07 3.5662964198661567e-07 2.2595093169591462e-07 0.0 
1.5889874660967992e-05 4.649089806362839e-05 7.72239024016462e-07 3.5122930322301516e-07 2.2248382437541712e-07 0.0 
1.5732001663622624e-05 4.6091501960498615e-05 7.613762534797919e-07 3.459505218535374e-07 2.1909623741023876e-07 0.0 
1.557820991912077e-05 4.5702657899627304e-05 7.508292864176443e-07 3.408357547065639e-07 2.158155985565395e-07 0.0 
1.542795757984734e-05 4.532272748041202e-05 7.405671899922583e-07 3.358664465276058e-07 2.1262927326856403e-07 0.0 
1.5280373099956928e-05 4.494963495060094e-05 7.30498919736743e-07 3.3099436897139124e-07 2.09505869689855e-07 0.0 
1.5135491699078538e-05 4.4583311238859694e-05 7.206297571115255e-07 3.2622152078367666e-07 2.0644657654859083e-07 0.0 
1.4993247317529395e-05 4.42236055248081e-05 7.109535792115646e-07 3.215446694930118e-07 2.0344927274101417e-07 0.0 
1.4853568319239462e-05 4.387035939302237e-05 7.014637022623355e-07 3.1696033186175357e-07 2.005116803590877e-07 0.0 
1.471638925237667e-05 4.352342294348693e-05 6.921540689348216e-07 3.1246533319052715e-07 1.9763172102232443e-07 0.0 
1.4581629959832978e-05 4.318265481859585e-05 6.830173046988448e-07 3.080559410486517e-07 1.9480697239615308e-07 0.0 
1.4449207633126472e-05 4.284798062043185e-05 6.740469132870487e-07 3.037290626363126e-07 1.9203545479747852e-07 0.0 
1.4319085281760086e-05 4.251929621097529e-05 6.652416465540468e-07 2.994839915121847e-07 1.8931668161242026e-07 0.0 
1.4191217216259303e-05 4.2196477292312255e-05 6.565978854317872e-07 2.953187505122906e-07 1.8664934329512493e-07 0.0 
1.4065548480870871e-05 4.1879385809261414e-05 6.481115542018888e-07 2.912311924261951e-07 1.8403202692023346e-07 0.0 
1.394207556945715e-05 4.156802281422503e-05 6.397814091180199e-07 2.8722080200194336e-07 1.8146442589532129e-07 0.0 
1.3820922453458069e-05 4.126273102037433e-05 6.316149222004819e-07 2.8329202689477245e-07 1.7894955947951886e-07 0.0 
1.3702077861759178e-05 4.096348738442816e-05 6.236102622374173e-07 2.7944391468352317e-07 1.7648680785376516e-07 0.0 
1.3585506951462955e-05 4.067020731138329e-05 6.157638387741514e-07 2.7567451391741317e-07 1.740748838866186e-07 0.0 
1.3471176389210867e-05 4.0382808251117924e-05 6.080721720389088e-07 2.7198193333468845e-07 1.717125403530362e-07 0.0 
1.3359053539577686e-05 4.0101209619111614e-05 6.005318660224942e-07 2.6836432883879527e-07 1.6939856138101404e-07 0.0 
1.3249106056697263e-05 3.982533318211713e-05 5.931395922780178e-07 2.6481989572812503e-07 1.671317573650141e-07 0.0 
1.3141311668091927e-05 3.9555145303647915e-05 5.85892281298195e-07 2.6134699989949305e-07 1.649110616949073e-07 0.0 
1.3035829657429407e-05 3.929093519843925e-05 5.788115044454437e-07 2.579562606221658e-07 1.6274324167904786e-07 0.0 
1.29330551770067e-05 3.90333478409019e-05 5.719512873412615e-07 2.546738816096391e-07 1.60644940894369e-07 0.0 
1.2832513107087818e-05 3.8781591811940816e-05 5.652458790908224e-07 2.514674836264549e-07 1.5859550259697508e-07 0.0 
1.273409031335637e-05 3.8535489101429004e-05 5.586800260992987e-07 2.483297753085006e-07 1.5659030120754052e-07 0.0 
1.263774728431984e-05 3.829494049196315e-05 5.522504120712344e-07 2.4525893038106334e-07 1.5462812780297573e-07 0.0 
1.2543355223812438e-05 3.805960673051001e-05 5.459476529495703e-07 2.422500194971863e-07 1.5270575947900032e-07 0.0 
1.2450855393628157e-05 3.7829347436576816e-05 5.397666177676949e-07 2.3930036512464437e-07 1.508214499909689e-07 0.0 
1.2360186893147292e-05 3.760403362495014e-05 5.337024964652029e-07 2.364074998957124e-07 1.489735922233443e-07 0.0 
1.2271320367636762e-05 3.7383637464443656e-05 5.277519786352603e-07 2.335697126611537e-07 1.4716107691087794e-07 0.0 
1.2184280599221415e-05 3.716825619949592e-05 5.219157751448408e-07 2.3078756053943114e-07 1.453843062107147e-07 0.0 
1.2099070588779666e-05 3.695791164887183e-05 5.161932969964178e-07 2.2806077534988985e-07 1.436431151101562e-07 0.0 
1.2015696020805016e-05 3.675261755332947e-05 5.105838588146595e-07 2.253889029098702e-07 1.4193719684794799e-07 0.0 
1.1934245305090595e-05 3.655259938904394e-05 5.05093404084992e-07 2.227748656449107e-07 1.4026843905470263e-07 0.0 
1.185503582613717e-05 3.635904999316303e-05 4.997326267873716e-07 2.202249569985781e-07 1.386411594455719e-07 0.0 
1.1778149625771754e-05 3.617233466763499e-05 4.945022568372375e-07 2.177397674271695e-07 1.3705578983836056e-07 0.0 
1.17033883389119e-05 3.599170392715075e-05 4.89396381800389e-07 2.1531558121696927e-07 1.3550973047670458e-07 0.0 
1.1630517062137393e-05 3.5816306918446086e-05 4.844065879469815e-07 2.1294747767534248e-07 1.3399965053196653e-07 0.0 
1.1559505350845973e-05 3.564607682372715e-05 4.795302248935474e-07 2.1063403731903015e-07 1.325246179340974e-07 0.0 
1.1490329764880335e-05 3.548096348387012e-05 4.7476491093283047e-07 2.0837398932921793e-07 1.3108379915930572e-07 0.0 
1.1422966355915293e-05 3.5320915507128936e-05 4.701082290612872e-07 2.0616604607488227e-07 1.2967635011307096e-07 0.0 
1.1357311249499667e-05 3.516567270579846e-05 4.655520878728662e-07 2.0400602688726883e-07 1.282995541631549e-07 0.0 
1.1293290526442313e-05 3.501505189619129e-05 4.6109061986333635e-07 2.018908896635652e-07 1.26951431972863e-07 0.0 
1.1230876733709753e-05 3.48689908852785e-05 4.567212937191089e-07 1.998192958258237e-07 1.2563110721796385e-07 0.0 
1.1170043226419292e-05 3.472742958828857e-05 4.5244164061018047e-07 1.9778993939420513e-07 1.2433772488575709e-07 0.0 
1.1110762513847518e-05 3.45903072700784e-05 4.4824909311256777e-07 1.958014768604115e-07 1.2307040768472063e-07 0.0 
1.1052988873434933e-05 3.4457533375539935e-05 4.4413926741519257e-07 1.9385177528754117e-07 1.218277882504746e-07 0.0 
1.0996688422799214e-05 3.432903732886857e-05 4.4010885471317867e-07 1.9193915855197005e-07 1.2060878178616849e-07 0.0 
1.094183329461245e-05 3.4204759184888755e-05 4.3615511336645045e-07 1.9006219998312015e-07 1.194124590992825e-07 0.0 
1.088871255079649e-05 3.408539551290261e-05 4.323029240954204e-07 1.882335760808516e-07 1.1824699655298141e-07 0.0 
1.0837682879583233e-05 3.397179182364476e-05 4.285825956231372e-07 1.8646821077529973e-07 1.1712194648593228e-07 0.0 
1.078831968043816e-05 3.386296247702835e-05 4.249551943872203e-07 1.8474642098913415e-07 1.1602465605449748e-07 0.0 
1.0740608714838394e-05 3.375889194970712e-05 4.2141806542677966e-07 1.830668480871388e-07 1.149542543546942e-07 0.0 
1.0694572015078804e-05 3.3659645570683165e-05 4.179717973765647e-07 1.814296505031525e-07 1.1391082643301272e-07 0.0 
1.065027517475271e-05 3.356542815354178e-05 4.146187346443507e-07 1.7983601241798039e-07 1.1289515080895624e-07 0.0 
1.060779011203806e-05 3.347646816155363e-05 4.1136140636739823e-07 1.7828723538122954e-07 1.1190808694837086e-07 0.0 
1.0567130500356417e-05 3.339281565099393e-05 4.081994657476737e-07 1.7678300003456604e-07 1.1094940918937227e-07 0.0 
1.0528263769563301e-05 3.331444971868814e-05 4.051281578287281e-07 1.7532104572518508e-07 1.1001768037087125e-07 0.0 
1.0491116663169222e-05 3.324130112658481e-05 4.021388942851962e-07 1.73897456235922e-07 1.0911043595436848e-07 0.0 
1.0455662565622446e-05 3.3173341452740264e-05 3.9922959107634547e-07 1.725111791803853e-07 1.0822699294428747e-07 0.0 
1.0421893173941557e-05 3.3110568688300904e-05 3.96399962830933e-07 1.711619777757087e-07 1.0736718113093562e-07 0.0 
1.0389825065922653e-05 3.305304097280005e-05 3.9365044522904465e-07 1.69849941962724e-07 1.0653103975456416e-07 0.0 
1.035946372510825e-05 3.300080269246031e-05 3.9098016123138576e-07 1.6857456574167073e-07 1.0571823372309121e-07 0.0 
1.0330786818242295e-05 3.2953800550198724e-05 3.8838719665232696e-07 1.6733477244578855e-07 1.049280490320483e-07 0.0 
1.0303752210787118e-05 3.291191511323116e-05 3.8586891607850046e-07 1.6612909128503056e-07 1.0415951057131962e-07 0.0 
1.0278362268310284e-05 3.287518139963068e-05 3.8342437494079395e-07 1.6495697231457357e-07 1.0341225339700101e-07 0.0 
1.0254626177398174e-05 3.284365280584863e-05 3.810527982692294e-07 1.638179634668982e-07 1.0268598049117616e-07 0.0 
1.0232695395578412e-05 3.281812473281991e-05 3.787561321025171e-07 1.6271348007506989e-07 1.0198171914893116e-07 0.0 
1.021263384872889e-05 3.279887724729342e-05 3.765357604911123e-07 1.6164428748555515e-07 1.0129997688781763e-07 0.0 
1.0194394615333982e-05 3.278563595533456e-05 3.74390322669369e-07 1.6060941979478053e-07 1.0064007002828544e-07 0.0 
1.0177903135019143e-05 3.277801504325169e-05 3.723179013806351e-07 1.5960755988696838e-07 1.0000108082161816e-07 0.0 
1.0163215360120354e-05 3.277620051475025e-05 3.703210548861219e-07 1.5864003337600717e-07 9.938387685110302e-08 0.0 
1.0150360381884819e-05 3.27803099449695e-05 3.683999216189004e-07 1.577068778193467e-07 9.87884840879411e-08 0.0 
1.0139356545955938e-05 3.279042756470601e-05 3.665540931709806e-07 1.5680780593799986e-07 9.821470879202568e-08 0.0 
1.013022385087241e-05 3.280664344224656e-05 3.647832133449886e-07 1.5594255386978065e-07 9.766237211205791e-08 0.0 
1.0122973721595329e-05 3.282902791299623e-05 3.630862537480348e-07 1.55110571165259e-07 9.713111837194425e-08 0.0 
1.0118032397916342e-05 3.2858539286520255e-05 3.615007089006307e-07 1.5432948711868324e-07 9.663210036087188e-08 0.0 
1.0115470924460101e-05 3.2895373611787574e-05 3.6002953429427717e-07 1.5360027204366834e-07 9.616587826538966e-08 0.0 
1.011489413675921e-05 3.293875715299864e-05 3.586342000355405e-07 1.529049796773125e-07 9.572112532346237e-08 0.0 
1.0116317775863231e-05 3.2988777323291275e-05 3.5731370983154815e-07 1.5224304196538485e-07 9.529747125876611e-08 0.0 
1.0119778989335606e-05 3.304558405168888e-05 3.560685855800125e-07 1.5161459124809002e-07 9.48949875993181e-08 0.0 
1.012531596972956e-05 3.310932881305752e-05 3.548993207724479e-07 1.5101974345432156e-07 9.451373484064332e-08 0.0 
1.0132925809720523e-05 3.3180039245886466e-05 3.538044034390852e-07 1.504576312259914e-07 9.415313895780418e-08 0.0 
1.014257591665694e-05 3.325764841340398e-05 3.527808281773719e-07 1.4992660813500103e-07 9.381211824227122e-08 0.0 
1.0154299839150144e-05 3.334229529447366e-05 3.5182866984724824e-07 1.494265712871449e-07 9.349059064007589e-08 0.0 
1.0168222121821446e-05 3.343427637240931e-05 3.509551299488398e-07 1.4896051600233903e-07 9.319040701946389e-08 0.0 
1.0184475677675762e-05 3.353396037846046e-05 3.5016666660889614e-07 1.4853119468119982e-07 9.291328716660372e-08 0.0 
1.020311083681437e-05 3.364159877961809e-05 3.4946266445857536e-07 1.481383073483398e-07 9.26590525074512e-08 0.0 
1.0224164168092632e-05 3.375738318552127e-05 3.4884217590935863e-07 1.4778132247279216e-07 9.24273600962784e-08 0.0 
1.0247677380618357e-05 3.388152471983917e-05 3.4830431845138747e-07 1.4745973749124605e-07 9.221788573038278e-08 0.0 
1.027368047482234e-05 3.401421986469005e-05 3.47847539171907e-07 1.4717277675900912e-07 9.203013659361095e-08 0.0 
1.0302184796252272e-05 3.41556357013741e-05 3.4746971104681894e-07 1.4691946013921799e-07 9.186349601196157e-08 0.0 
1.0333274905014176e-05 3.430610243933763e-05 3.471724901931313e-07 1.467004572485172e-07 9.171838468961014e-08 0.0 
1.0367089594058488e-05 3.446614456232826e-05 3.4695933533661587e-07 1.4651742405269068e-07 9.159588174591962e-08 0.0 
1.0403838541921135e-05 3.463644741298489e-05 3.4683900555560225e-07 1.4637454288871705e-07 9.149866774709837e-08 0.0 
1.0444274221887548e-05 3.481919858233848e-05 3.4685289255970875e-07 1.4629191841794542e-07 9.143962867770519e-08 0.0 
1.0488043157458359e-05 3.501343831625003e-05 3.4697845836608724e-07 1.4625782728879686e-07 9.141114424713981e-08 0.0 
1.0535019562191173e-05 3.5218912798231776e-05 3.472045594620796e-07 1.4626666622032362e-07 9.140961094953808e-08 0.0 
1.0585353527597175e-05 3.543634461656926e-05 3.4753422390692226e-07 1.4631984816377052e-07 9.143594935873222e-08 0.0 
1.0639166079164311e-05 3.566630978584189e-05 3.479698036001692e-07 1.4641834289666898e-07 9.149077226318166e-08 0.0 
1.0696535544266662e-05 3.590900090857781e-05 3.4851318427224576e-07 1.465626222755079e-07 9.157431828592467e-08 0.0 
1.0757571551532475e-05 3.6164631725889855e-05 3.4916826705302697e-07 1.4675418282481804e-07 9.1687491988304e-08 0.0 
1.0822420892719297e-05 3.643378675029256e-05 3.4993801037838333e-07 1.4699432745703912e-07 9.183112737074211e-08 0.0 
1.0891222176854318e-05 3.6717001312583276e-05 3.508250613208854e-07 1.4728404665968963e-07 9.200583304967864e-08 0.0 
1.096411743915291e-05 3.7014812341453736e-05 3.518321914755178e-07 1.4762435146110428e-07 9.221222454200817e-08 0.0 
1.10412655469013e-05 3.7327802419585364e-05 3.529629714082529e-07 1.4801658853687472e-07 9.245112619104188e-08 0.0 
1.1122836308934027e-05 3.765659257658569e-05 3.542213288941657e-07 1.4846225244937534e-07 9.272345431126278e-08 0.0 
1.1209010304423851e-05 3.8001844636083606e-05 3.5561207633865267e-07 1.4896325130394768e-07 9.303038631967783e-08 0.0 
1.1299975343280219e-05 3.836425918730515e-05 3.571395644694572e-07 1.4952126291502574e-07 9.337295400071859e-08 0.0 
1.1395939832655145e-05 3.874461938847042e-05 3.588083234264494e-07 1.5013807240645547e-07 9.375226532287072e-08 0.0 
1.1497180541603447e-05 3.914396732162029e-05 3.6062501808479096e-07 1.5081667045216436e-07 9.417023668293769e-08 0.0 
1.160391502513281e-05 3.956318379486796e-05 3.6259355037775465e-07 1.515586452510453e-07 9.462786782203633e-08 0.0 
1.1716385778106738e-05 4.0003206113797724e-05 3.647187920441658e-07 1.523659043622527e-07 9.512634309981841e-08 0.0 
1.1834902188914239e-05 4.0465135643856146e-05 3.6701011664452415e-07 1.5324233191318188e-07 9.56680814344653e-08 0.0 
1.1959838849789598e-05 4.095023899584243e-05 3.6948102955365316e-07 1.5419360120270583e-07 9.625661617621287e-08 0.0 
1.2091558896171536e-05 4.145982222115839e-05 3.7214077897094573e-07 1.5522344928098134e-07 9.689427075355898e-08 0.0 
1.2230439231388885e-05 4.1995244057455256e-05 3.7499905665093786e-07 1.5633577644609756e-07 9.75834673777438e-08 0.0 
1.2376873237228593e-05 4.255792754863753e-05 3.780660718328482e-07 1.5753468011357972e-07 9.832674851487114e-08 0.0 
1.2531278706282827e-05 4.314939632970804e-05 3.813525139024588e-07 1.588244471167499e-07 9.912677419265298e-08 0.0 
1.2694106337652988e-05 4.3771295698921036e-05 3.848699215713019e-07 1.6020971257386164e-07 9.998642189162505e-08 0.0 
1.2865759438893905e-05 4.442530393753326e-05 3.886240459542996e-07 1.6169277834312786e-07 1.0090715057538696e-07 0.0 
1.3046574682349402e-05 4.5112896146006974e-05 3.92617099076776e-07 1.6327426123363191e-07 1.0188934213355584e-07 0.0 
1.3237006114461155e-05 4.583579119448058e-05 3.9685879865787975e-07 1.649578085259417e-07 1.0293523335017069e-07 0.0 
1.3437620604159978e-05 4.659612273808242e-05 4.0136242429103734e-07 1.6674873115500638e-07 1.0404812559497226e-07 0.0 
1.3649031846724269e-05 4.739619839818877e-05 4.0614236470812405e-07 1.6865278405388718e-07 1.052315961559451e-07 0.0 
1.3871905147135991e-05 4.823852278421232e-05 4.1121423380679363e-07 1.7067621757643724e-07 1.0648953111571256e-07 0.0 
1.4107136302415071e-05 4.912626851162416e-05 4.1660611349589306e-07 1.7283097358455359e-07 1.0782940971063231e-07 0.0 
1.435638121422704e-05 5.006465703714967e-05 4.2239115992662136e-07 1.7514944646799196e-07 1.0927159441279772e-07 0.0 
1.4619969361896339e-05 5.105570779042243e-05 4.285553941766121e-07 1.7762414660564214e-07 1.1081130608439373e-07 0.0 
1.4898564749077212e-05 5.210245512855013e-05 4.351017027585124e-07 1.8025569034879828e-07 1.1244894696747482e-07 0.0 
1.5193225347647211e-05 5.3208809784941776e-05 4.4205590159641573e-07 1.830545544965682e-07 1.1419104472016947e-07 0.0 
1.550508338141307e-05 5.4378882218712336e-05 4.4944563835798455e-07 1.860318156132823e-07 1.1604447689464787e-07 0.0 
1.5835429371837032e-05 5.561742102185797e-05 4.5730409487326516e-07 1.8920095517606223e-07 1.1801763603562343e-07 0.0 
1.618570352860423e-05 5.692960235383317e-05 4.6566971918417175e-07 1.9257752975910823e-07 1.2012018956153855e-07 0.0 
1.6557421264571276e-05 5.832109796912669e-05 4.7457974272528755e-07 1.9617662664546813e-07 1.2236153560279799e-07 0.0 
1.6952247666899314e-05 5.979812276589787e-05 4.84074941385388e-07 2.0001475103051318e-07 1.247519516719703e-07 0.0 
1.7372029707328332e-05 6.136756219358266e-05 4.942007992427734e-07 2.041103569828183e-07 1.2730293373979212e-07 0.0 
1.7819729520894604e-05 6.304019365247331e-05 5.050442057968243e-07 2.0850226727527376e-07 1.3003912658763924e-07 0.0 
1.8297572439233244e-05 6.482432177006032e-05 5.166596781670002e-07 2.132121159179595e-07 1.3297392562360927e-07 0.0 
1.880732891986425e-05 6.672678664782728e-05 5.290795062789244e-07 2.1825050132646199e-07 1.36113630929881e-07 0.0 
1.935178688207676e-05 6.875799823495962e-05 5.423720250535985e-07 2.236451378365468e-07 1.3947550827967428e-07 0.0 
1.9934080929661243e-05 7.092965554736803e-05 5.566143991553927e-07 2.2942738886413736e-07 1.43079104420867e-07 0.0 
2.0557717084629435e-05 7.32548469205774e-05 5.718928851772667e-07 2.3563231195237133e-07 1.469462685064679e-07 0.0 
2.1226626899495117e-05 7.574825283263373e-05 5.883041482300349e-07 2.422991931875751e-07 1.5110148513504835e-07 0.0 
2.1945230967685493e-05 7.842638400903834e-05 6.05956806074686e-07 2.494721739129884e-07 1.5557226490615856e-07 0.0 
2.271850669288168e-05 8.130785086849582e-05 6.249730090425954e-07 2.5720092083280354e-07 1.6038956595948507e-07 0.0 
2.355211813906043e-05 8.441391520952007e-05 6.454913356604957e-07 2.6554206015866377e-07 1.6558873387664424e-07 0.0 
2.4452561893408208e-05 8.776888102687593e-05 6.676720314477776e-07 2.7456116382542855e-07 1.7121070451199443e-07 0.0 
2.5427231592090143e-05 9.140039941843497e-05 6.916978644588877e-07 2.8433304109281477e-07 1.773021770846439e-07 0.0 
2.6484504596494874e-05 9.533988717978268e-05 7.177736484801946e-07 2.949413030747489e-07 1.8391532888005412e-07 0.0 
2.763394880460448e-05 9.962323488048205e-05 7.4613316773543e-07 3.0648133202874194e-07 1.9110967634280428e-07 0.0 
2.8886576801331237e-05 0.00010429172722003034 7.770458408863486e-07 3.1906293161983345e-07 1.9895371153039894e-07 0.0 
3.025538888940715e-05 0.00010939379194103453 8.108383228147867e-07 3.3281971752039726e-07 2.0753080018193005e-07 0.0 
3.1755205643581065e-05 0.00011498498545910799 8.478738728296973e-07 3.4789992846503717e-07 2.169334358078794e-07 0.0 
3.340323230009629e-05 0.00012112989475433154 8.885717416883602e-07 3.6447446321031036e-07 2.2726823635595146e-07 0.0 
3.5219595146709464e-05 0.00012790410417065452 9.33421863742577e-07 3.827430281213241e-07 2.3865979408209103e-07 0.0 
3.72279493459711e-05 0.00013539652219528024 9.829994880834444e-07 4.029401341050096e-07 2.5125442422075646e-07 0.0 
3.945624126753931e-05 0.00014371223955581116 1.0379844127773379e-06 4.253429173535216e-07 2.6522503925569643e-07 0.0 
4.1938125886394845e-05 0.00015297639067165064 1.0992181692986979e-06 4.5029373500090885e-07 2.8078500072339794e-07 0.0 
4.471348917221167e-05 0.0001633381631105981 1.1676804367402513e-06 4.781913785331344e-07 2.981829741851463e-07 0.0 
4.782987464712827e-05 0.00017497625955044998 1.2445241442898617e-06 5.095053046608603e-07 3.177117973084888e-07 0.0 
5.1344414127814305e-05 0.00018810598940389257 1.3311307751971954e-06 5.447980572140488e-07 3.397223990314186e-07 0.0 
5.5326806527979526e-05 0.00020298980042974063 1.4291851429535822e-06 5.847556317022317e-07 3.6464271799745464e-07 0.0 
5.986235454772639e-05 0.00021994949763847705 1.5407443263244028e-06 6.302161795722192e-07 3.929957336451729e-07 0.0 
6.505592217774998e-05 0.0002393810273785512 1.6683355317279107e-06 6.822093607157469e-07 4.2542392061431735e-07 0.0 
7.103797189301246e-05 0.0002617760481005386 1.8151063750945983e-06 7.420164213102186e-07 4.627265351901003e-07 0.0 
7.797165208521497e-05 0.00028774973169885663 1.984987460694737e-06 8.112371578805035e-07 5.059015576834633e-07 0.0 
8.606249392876168e-05 0.0003180776281462157 2.1829224423738543e-06 8.918835509112677e-07 5.562041265391138e-07 0.0 
9.557138691063641e-05 0.00035374474203917584 2.415175911605094e-06 9.865047815225364e-07 6.152245102047877e-07 0.0 
0.00010683205188586401 0.0003960118080310564 2.6897469441950788e-06 1.0983552668066389e-06 6.849929347491891e-07 0.0 
0.0001202753234596133 0.00044650652377902243 3.016968806535281e-06 1.2316393418108459e-06 7.681322017182753e-07 0.0 
0.00013646126101512232 0.0005073452014097476 3.410275097165177e-06 1.3918225829852631e-06 8.680518699826846e-07 0.0 
0.00015612115399066018 0.000581293902856814 3.88713846111271e-06 1.5860106888653608e-06 9.891846176189683e-07 0.0 
0.0001802220435596986 0.0006720088402415608 4.470737215944819e-06 1.823641705698968e-06 1.1374192562168373e-06 0.0 
0.00021003764387955682 0.0007843076139990186 5.191559909030333e-06 2.117126681188979e-06 1.3204992545592503e-06 0.0 
0.0002472076362554568 0.0009244098043779962 6.088374336469304e-06 2.4822064482227466e-06 1.548243032969827e-06 0.0 
0.0002937908586591526 0.0011001330366608134 7.209827197761924e-06 2.938656374070123e-06 1.8329889996622102e-06 0.0 
0.0003519950147345794 0.0013199021748811432 8.607510316224414e-06 3.507469330883332e-06 2.1878415436683984e-06 0.0 
0.00042276545121260257 0.0015874410089744193 1.0301395695498286e-05 4.196673090014024e-06 2.6178105974234787e-06 0.0 
0.0005014083647442001 0.001885311896460869 1.2174241942861818e-05 4.958437306238634e-06 3.093067647132556e-06 0.0 
0.0005692086945497702 0.002143239086975918 1.3771119237434958e-05 5.607523986384906e-06 3.4980717336362508e-06 0.0 
0.0005928691435969661 0.0022356027590605594 1.4291978146474852e-05 5.81839562174336e-06 3.629748319342974e-06 0.0 
0.0005538185458798364 0.002091587231612255 1.33021942470644e-05 5.414463173307981e-06 3.377906621241869e-06 0.0 
0.0004737249476955174 0.0017919919046535267 1.1336891956815038e-05 4.61378633613553e-06 2.878534332939236e-06 0.0 
0.0003868921467506609 0.0014659355065385433 9.224950393019595e-06 3.7537433249292246e-06 2.3420804003595723e-06 0.0 
0.0003113906101088135 0.0011818076109366168 7.397491740374449e-06 3.009705083064153e-06 1.877954489962619e-06 0.0 
0.0002508884487841827 0.0009537461324996473 5.938342537665138e-06 2.4157035260680865e-06 1.5074009310843542e-06 0.0 
0.0002035960401822082 0.0007752200282697991 4.801321881921072e-06 1.952889402349061e-06 1.2186719596164413e-06 0.0 
0.00016673442044483236 0.0006358837697604954 3.917641608809377e-06 1.593234255531336e-06 9.942895471901096e-07 0.0 
0.0001378524663420828 0.0005265729857811709 3.227174395049888e-06 1.3122469456901254e-06 8.18979506338286e-07 0.0 
0.00011503917396978303 0.0004401265755768019 2.683260774780169e-06 1.090925684785256e-06 6.80890389716003e-07 0.0 
9.685613272620742e-05 0.0003711453143427663 2.250895771238414e-06 9.150156979300746e-07 5.711309044065177e-07 0.0 
8.222888045620459e-05 0.000315590481697799 1.9039940112308265e-06 7.73893737212433e-07 4.830744110758907e-07 0.0 
7.035430712011382e-05 0.00027044000405450293 1.62310414061662e-06 6.596392129420793e-07 4.117800165192394e-07 0.0 
6.062911745967638e-05 0.00023342151533683358 1.3936467737321734e-06 5.663162254180285e-07 3.5354481013117153e-07 0.0 
5.259696979600989e-05 0.00020281454933434022 1.2046169340404559e-06 4.894446353279119e-07 3.055739401565469e-07 0.0 
4.591005480518698e-05 0.000177306475708127 1.0476453005385424e-06 4.256174917992108e-07 2.6574196282078013e-07 0.0 
4.030117639266357e-05 0.00015588781188706843 9.163177211937297e-07 3.722238676270696e-07 2.3241996061487967e-07 0.0 
3.556317702976424e-05 0.00013777550780231 8.056650277862101e-07 3.272411745507831e-07 2.0434607185873406e-07 0.0 
3.153417830376136e-05 0.00012235725061373045 7.118099064076252e-07 2.890913797562677e-07 1.8053577362054192e-07 0.0 
2.8086736870537487e-05 0.00010915060425745107 6.317053699800257e-07 2.565344630718148e-07 1.6021540419804492e-07 0.0 
2.5119753458961138e-05 9.777255597118784e-05 5.629388889451154e-07 2.2858867831001811e-07 1.4277242364561963e-07 0.0 
2.2552381893407455e-05 8.791661588406655e-05 5.035844237393397e-07 2.044703335734994e-07 1.2771785632427414e-07 0.0 
2.031955808509776e-05 7.933590524770191e-05 4.5209620420872234e-07 1.8355065623091775e-07 1.1465938542736178e-07 0.0 
1.8368533017556644e-05 7.183008479414379e-05 4.072234539914013e-07 1.6532085784011604e-07 1.0327954280623806e-07 0.0 
1.665612644219615e-05 6.523517796260806e-05 3.679409797571716e-07 1.4936380973106094e-07 9.331804824986396e-08 0.0 
1.5146860427335077e-05 5.9416370708144786e-05 3.334078673299748e-07 1.3533739937551777e-07 8.456142687235882e-08 0.0 
1.3811408791363662e-05 5.426215066287226e-05 3.029301961932343e-07 1.2295934653933787e-07 7.683353575028995e-08 0.0 
1.2625390909067222e-05 4.967975011174687e-05 2.759320388084154e-07 1.1199539453127238e-07 6.998819637192613e-08 0.0 
1.1568426876659377e-05 4.559157408417879e-05 2.519327766476706e-07 1.0225007425412575e-07 6.390343218505923e-08 0.0 
1.0623400873365523e-05 4.193240045336664e-05 2.3052966662368555e-07 9.355960703600728e-08 5.847703923975259e-08 0.0 
9.775866462608292e-06 3.864713634179983e-05 2.1138358895114327e-07 8.578610627002297e-08 5.3622969103381526e-08 0.0 
9.013552265625634e-06 3.568898935766257e-05 1.9420642195014092e-07 7.881243989125644e-08 4.9268128418330563e-08 0.0 
8.326137972667604e-06 3.301884857948415e-05 1.7875596462173268e-07 7.254064782900671e-08 4.535145934117125e-08 0.0 
7.704778609312413e-06 3.060313431189948e-05 1.648250815877379e-07 6.688685149348841e-08 4.1820661226416707e-08 0.0 
7.141532508898489e-06 2.841104220965048e-05 1.5222861676207635e-07 6.177495705204373e-08 3.862812619678003e-08 0.0 
6.629991503267902e-06 2.641804505491754e-05 1.4081912500885784e-07 5.714546798126913e-08 3.573676695334243e-08 0.0 
6.164512726272846e-06 2.460256728985533e-05 1.3046585138026852e-07 5.2945363224263165e-08 3.311350322291614e-08 0.0 
5.739764956246285e-06 2.2944169911066386e-05 1.2104210113463496e-07 4.9122540217522794e-08 3.072575424714295e-08 0.0 
5.3514062477235385e-06 2.1426175223786342e-05 1.1244734840063236e-07 4.563610690171313e-08 2.8547991254308542e-08 0.0 
4.995648070335505e-06 2.0034076876687845e-05 1.045938516128339e-07 4.245045413740002e-08 2.6557994164492352e-08 0.0 
4.669168297253183e-06 1.8755150549813856e-05 9.740481185689152e-08 3.953442493029106e-08 2.473632150713483e-08 0.0 
4.369132028961519e-06 1.7578415356623922e-05 9.081674847648971e-08 3.686226337656454e-08 2.306688851776177e-08 0.0 
4.09303737279152e-06 1.6494154080968513e-05 8.477366867375785e-08 3.4411188771632956e-08 2.1535460398103164e-08 0.0 
3.838566616970933e-06 1.549349986857792e-05 7.922129332754725e-08 3.2159162248293126e-08 2.0128286639796353e-08 0.0 
3.6036719654259718e-06 1.4568610332363298e-05 7.411185992589326e-08 3.008681569477169e-08 1.88332852571844e-08 0.0 
3.386526868730529e-06 1.3712509246330594e-05 6.940274678396545e-08 2.8176861682827716e-08 1.7639672386568e-08 0.0 
3.1855012398743487e-06 1.2918959912927683e-05 6.505597969009635e-08 2.6413890056152728e-08 1.653783348017075e-08 0.0 
2.999119846216682e-06 1.2182342459959114e-05 6.103720980109209e-08 2.478399942300774e-08 1.5519099933360613e-08 0.0 
2.8260492044041367e-06 1.149757129322561e-05 5.7315249373510035e-08 2.3274553811189734e-08 1.4575591869502996e-08 0.0 
2.6651442142117186e-06 1.0860238663091064e-05 5.386393051870912e-08 2.1874952387919474e-08 1.370069506004511e-08 0.0 
2.5153776521797043e-06 1.0266373288158025e-05 5.065993252272258e-08 2.0575725011832253e-08 1.288849658818702e-08 0.0 
2.375822353349165e-06 9.712386685826318e-06 4.7682230646528116e-08 1.936832780237914e-08 1.2133660863466694e-08 0.0 
2.2456419874228673e-06 9.195040221235174e-06 4.4911887000606415e-08 1.8245065853631843e-08 1.1431382430575607e-08 0.0 
2.1240808149908606e-06 8.711405779494641e-06 4.233181317724132e-08 1.7198996589928966e-08 1.0777325622545634e-08 0.0 
2.010454747970867e-06 8.25883143360355e-06 3.992656328727289e-08 1.622384550806187e-08 1.016757194823275e-08 0.0 
1.9041435301915606e-06 7.83491140349739e-06 3.768215310610293e-08 1.5313932555047914e-08 9.598574120659862e-09 0.0 
1.804586798689318e-06 7.4374657683728765e-06 3.558605826819314e-08 1.4464168923800405e-08 9.067153210958494e-09 0.0 
1.711284891905126e-06 7.064532817943651e-06 3.362725894487933e-08 1.3670068475530323e-08 8.57050482774145e-09 0.0 
1.6237738081583156e-06 6.714306060874882e-06 3.179534344870293e-08 1.2927401395315533e-08 8.1059869793059e-09 0.0 
1.5416263678493314e-06 6.385124590062699e-06 3.008069876842473e-08 1.2232263721571254e-08 7.671161556116889e-09 0.0 
1.464451997872819e-06 6.075468747993751e-06 2.8474549204115753e-08 1.1581091344116865e-08 7.263802577293057e-09 0.0 
1.3918915215478937e-06 5.783942314707896e-06 2.696882202239666e-08 1.0970607243129303e-08 6.881863635101103e-09 0.0 
1.323617304531648e-06 5.5092726446140915e-06 2.5556171867033164e-08 1.0397831303683489e-08 6.523483871638369e-09 0.0 
1.2593353707827947e-06 5.250310914841347e-06 2.4230016406763162e-08 9.860091457575233e-09 6.186994372745127e-09 0.0 
1.1987721182966175e-06 5.005990555598736e-06 2.2984244521130378e-08 9.354907522348998e-09 5.8708460899258424e-09 0.0 
1.1416708958035831e-06 4.775316569849488e-06 2.1813127781078342e-08 8.87995733192665e-09 5.573589027412638e-09 0.0 
1.0877907448025697e-06 4.557384272719648e-06 2.071125153837201e-08 8.433072519099592e-09 5.2938731881828426e-09 0.0 
1.0369280268425303e-06 4.351464630569124e-06 1.9674038302750176e-08 8.012463434837219e-09 5.030590728420506e-09 0.0 
9.888656637138373e-07 4.156653712603023e-06 1.8696681299864635e-08 7.616117191325401e-09 4.782475178918713e-09 0.0 
9.434238548588704e-07 3.97222364885523e-06 1.777531210317995e-08 7.242449813370648e-09 4.548534247991162e-09 0.0 
9.004374744548982e-07 3.797528464712759e-06 1.690632363404533e-08 6.8900026143109194e-09 4.327857059352956e-09 0.0 
8.597493857299809e-07 3.631955621696182e-06 1.6086235359431994e-08 6.557364467233169e-09 4.119562339578739e-09 0.0 
8.212147744881292e-07 3.474939870641868e-06 1.5311858302745797e-08 6.24324299628005e-09 3.922842938082776e-09 0.0 
7.847015547341801e-07 3.325960851200877e-06 1.4580352628077257e-08 5.946487441418773e-09 3.736979634932006e-09 0.0 
7.500885687271163e-07 3.1845480224989482e-06 1.3889056594997567e-08 5.666028322535469e-09 3.561305516029903e-09 0.0 
7.172902242713185e-07 3.0504002424465967e-06 1.3236139551884758e-08 5.401189995961037e-09 3.3954067228082983e-09 0.0 
6.861757313333326e-07 2.9229816193372882e-06 1.261867044239953e-08 5.15073284790117e-09 3.2385026688092595e-09 0.0 
6.566281535031369e-07 2.8018166168770367e-06 1.2034043198256162e-08 4.913569955079538e-09 3.0899108260010047e-09 0.0 
6.285547129397986e-07 2.6865416372134025e-06 1.1480222186557207e-08 4.6888769703449715e-09 2.949116337055267e-09 0.0 
6.018690088628583e-07 2.5768177511052423e-06 1.0955316786326348e-08 4.475888325539801e-09 2.815641031293795e-09 0.0 
5.764905162013849e-07 2.472328776220144e-06 1.045756968434875e-08 4.273892483098686e-09 2.68904046225236e-09 0.0 
5.523441287008167e-07 2.372779524725361e-06 9.985346229098804e-09 4.082227617255291e-09 2.5689012131959652e-09 0.0 
5.293597420980991e-07 2.2778942035381e-06 9.537124736784715e-09 3.900277681803149e-09 2.454838443737217e-09 0.0 
5.07472701676277e-07 2.187416802925497e-06 9.111523433214959e-09 3.727482489086322e-09 2.346501973690897e-09 0.0 
4.866228218009603e-07 2.1011083953245557e-06 8.707261002554663e-09 3.563322501361768e-09 2.243566987843707e-09 0.0 
4.667529941761571e-07 2.018744936144049e-06 8.323103025909342e-09 3.4072996033210812e-09 2.145722505680993e-09 0.0 
4.478106019340215e-07 1.940121207177599e-06 7.957918069723048e-09 3.2589601223175316e-09 2.052685646783275e-09 0.0 
4.2974795537951845e-07 1.865048670107904e-06 7.610708592942273e-09 3.1179044548482503e-09 1.964207063551712e-09 0.0 
4.1252197842490393e-07 1.7933555209326428e-06 7.280595014200319e-09 2.9837796860604877e-09 1.880066291850303e-09 0.0 
3.9608850784434354e-07 1.7248665582541897e-06 6.966632344795811e-09 2.8562020540069046e-09 1.800023346351816e-09 0.0 
3.804059277489129e-07 1.659416699597105e-06 6.667930813418233e-09 2.734810280918779e-09 1.7238523145903e-09 0.0 
3.6543512574398585e-07 1.596850703026086e-06 6.383656105711079e-09 2.619265702354815e-09 1.6513414265696505e-09 0.0 
3.5113931955220314e-07 1.5370224034227528e-06 6.11302526989335e-09 2.5092504810043985e-09 1.582291917757395e-09 0.0 
3.3748389469240567e-07 1.4797936698475916e-06 5.8553066762477696e-09 2.4044673921087198e-09 1.5165178502144069e-09 0.0 
3.244334746081703e-07 1.425023896112583e-06 5.609746408169146e-09 2.3046100934888143e-09 1.453827646393511e-09 0.0 
3.1195277839457537e-07 1.3725744947841e-06 5.3755708738419295e-09 2.2093651126564084e-09 1.394025550975962e-09 0.0 
3.000129991472816e-07 1.322330611137718e-06 5.152173577128145e-09 2.1184867963455893e-09 1.3369579706782227e-09 0.0 
2.8858697996344076e-07 1.274183853818412e-06 4.9389849969984335e-09 2.0317444763381946e-09 1.2824806696109755e-09 0.0 
2.776533994006755e-07 1.2280484119956187e-06 4.735624569457094e-09 1.9489855717599953e-09 1.230498103961083e-09 0.0 
2.67195766746065e-07 1.1838627448337027e-06 4.5418380821117245e-09 1.8701138545588056e-09 1.180950599488167e-09 0.0 
2.571880587959921e-07 1.1415116855738256e-06 4.357048880781151e-09 1.7948853813181523e-09 1.1336842217751502e-09 0.0 
2.4760620429220553e-07 1.1008973591442414e-06 4.180723479628143e-09 1.7230819388296525e-09 1.088562387965436e-09 0.0 
2.384281500809153e-07 1.0619335561499379e-06 4.012375585179781e-09 1.6545073940281798e-09 1.0454627238559927e-09 0.0 
2.296328486661137e-07 1.024538084168916e-06 3.851542776131702e-09 1.588975504024408e-09 1.0042690444327039e-09 0.0 
2.2119906670085448e-07 9.88629601457734e-07 3.6977603326381287e-09 1.5263010708725676e-09 9.648660471812034e-10 0.0 
2.1310941219697396e-07 9.541385443224688e-07 3.550668585529563e-09 1.4663387084926167e-09 9.271628213634882e-10 0.0 
2.0534794390137202e-07 9.210004545809022e-07 3.4099420726430065e-09 1.4089563262626243e-09 8.91076676183661e-10 0.0 
1.9789956263843342e-07 8.891542440981936e-07 3.2752731357482014e-09 1.3540290853426332e-09 8.565294595204321e-10 0.0 
1.9074996085769143e-07 8.585419940796467e-07 3.146370828831964e-09 1.3014389524299223e-09 8.234472786068334e-10 0.0 
1.838855755799386e-07 8.29108767832696e-07 3.0229599010290065e-09 1.2510742841155467e-09 7.917602398683121e-10 0.0 
1.7729388008670286e-07 8.008032654111616e-07 2.904790061518712e-09 1.2028332234556597e-09 7.614045086367031e-10 0.0 
1.709681414922461e-07 7.73606046877299e-07 2.7917431997888046e-09 1.1566777396185854e-09 7.323574588961752e-10 0.0 
1.6489856435782667e-07 7.474797886712865e-07 2.6836280870428758e-09 1.1125331467893765e-09 7.045726306083419e-10 0.0 
1.5906948883215725e-07 7.223499393038617e-07 2.580124023150623e-09 1.0702579110599943e-09 6.779599413334164e-10 0.0 
1.534697839679288e-07 6.981709436579717e-07 2.481003604428443e-09 1.0297592814586076e-09 6.524612694176234e-10 0.0 
1.4808919824479202e-07 6.749015954460834e-07 2.386058060829382e-09 9.909528594898267e-10 6.280238192421503e-10 0.0 
1.4291799885852682e-07 6.525027253383709e-07 2.2950897390098738e-09 9.537587415763453e-10 6.045976031511585e-10 0.0 
1.3794694217285638e-07 6.309370878978725e-07 2.207911447242406e-09 9.181012564353858e-10 5.821352780127433e-10 0.0 
1.3316724604495094e-07 6.101692532243603e-07 2.124345832944681e-09 8.839087092062572e-10 5.605919847518953e-10 0.0 
1.2857057791246825e-07 5.901659554544649e-07 2.0442254073583004e-09 8.511138478755851e-10 5.399257007336406e-10 0.0 
1.2414920229766188e-07 5.708961628398452e-07 1.9674008990031455e-09 8.196568367689436e-10 5.200990086475638e-10 0.0 
1.198956073643232e-07 5.523292010355619e-07 1.893723814260636e-09 7.894774099378792e-10 5.010741454506792e-10 0.0 
1.1580252713187138e-07 5.344355387299858e-07 1.8230478383545505e-09 7.605162826402985e-10 4.828139940060985e-10 0.0 
1.118632178758848e-07 5.17187558209899e-07 1.7552398252251443e-09 7.327194568260158e-10 4.6528472174227543e-10 0.0 
1.0807125831840721e-07 5.005590533100803e-07 1.6901774485964981e-09 7.0603771900044e-10 4.484555076701547e-10 0.0 
1.0442009464313715e-07 4.84523677360696e-07 1.6277277811757634e-09 6.804176485061917e-10 4.3229296480368423e-10 0.0 
1.0090385509156274e-07 4.6905771508712117e-07 1.567772688575407e-09 6.558118796405625e-10 4.16767498875356e-10 0.0 
9.751673616748725e-08 4.541374916996201e-07 1.5101955877967087e-09 6.321731649684976e-10 4.018495262540528e-10 0.0 
9.425325294159751e-08 4.397417666759424e-07 1.4548880333401001e-09 6.094586272933296e-10 3.8751237267047335e-10 0.0 
9.110849513930474e-08 4.258513902576067e-07 1.4017555327355618e-09 5.876309904047849e-10 3.7373284258403055e-10 0.0 
8.807923366408437e-08 4.124501308611874e-07 1.3507437635703791e-09 5.666664123698735e-10 3.604956101209481e-10 0.0 
8.516116001521107e-08 3.9951986937306764e-07 1.3017684933427544e-09 5.465304224618653e-10 3.477790202814692e-10 0.0 
8.23500580300698e-08 3.870429835359069e-07 1.2547463387695704e-09 5.271889655552549e-10 3.355617053992108e-10 0.0 
7.964173841600116e-08 3.750021929704287e-07 1.2095943575667948e-09 5.086083035701125e-10 3.238225153541045e-10 0.0 
7.703217223641425e-08 3.6338084528031376e-07 1.1662330788357405e-09 4.907561192185537e-10 3.1254119038690604e-10 0.0 
7.451747513835956e-08 3.5216297242037634e-07 1.124586018693154e-09 4.736013537537724e-10 3.0169826405169634e-10 0.0 
7.209354677307806e-08 3.413315048458821e-07 1.0845715890155754e-09 4.5711068761682577e-10 2.912728397539804e-10 0.0 
6.975574345931573e-08 3.308667253442471e-07 1.0460958516279697e-09 4.412454437178975e-10 2.8124064047100477e-10 0.0 
6.750009103902597e-08 3.207529238351902e-07 1.0090806601678383e-09 4.259743980927379e-10 2.715821610699961e-10 0.0 
6.532254832092773e-08 3.109745274061574e-07 9.734468567764873e-10 4.112662156904592e-10 2.622778617504002e-10 0.0 
6.322006620666433e-08 3.015188326770771e-07 9.391364127496932e-10 3.9709732585375165e-10 2.533129548804342e-10 0.0 
6.118973975856816e-08 2.923737090720575e-07 9.060942382245535e-10 3.834453423640531e-10 2.446733932379583e-10 0.0 
5.922879038910415e-08 2.8352754218659493e-07 8.742678021748675e-10 3.7028891976936686e-10 2.3634578152067073e-10 0.0 
5.733455972631296e-08 2.7496920915971237e-07 8.43607001389171e-10 3.576077000046791e-10 2.28317342947947e-10 0.0 
5.550468502030275e-08 2.666894838739161e-07 8.140685694282843e-10 3.453847572357533e-10 2.2057753658659014e-10 0.0 
5.373757582001957e-08 2.586860284603427e-07 7.856256675113678e-10 3.3361286329351233e-10 2.1312232310231352e-10 0.0 
5.203040505216421e-08 2.509438698717046e-07 7.582248913678714e-10 3.2226771003639946e-10 2.0593607921962502e-10 0.0 
5.038074622999607e-08 2.434505433763132e-07 7.318226261450748e-10 3.11329808128933e-10 1.9900631061425594e-10 0.0 
4.878660886331463e-08 2.361976453846998e-07 7.063829748598513e-10 3.007845684924029e-10 1.9232384838018197e-10 0.0 
4.724747687350912e-08 2.291819348075038e-07 6.819084791579077e-10 2.9063252221476256e-10 1.8588886303941067e-10 0.0 
4.5761655486238584e-08 2.2239653198827278e-07 6.583695717073622e-10 2.8086195309454973e-10 1.796940202972224e-10 0.0 
4.4327072448097145e-08 2.1583357881479075e-07 6.357248193113892e-10 2.7145671237575654e-10 1.73729295231951e-10 0.0 
4.2941505581154155e-08 2.0948400939324995e-07 6.139293323554522e-10 2.623986602428229e-10 1.6798334135414064e-10 0.0 
4.160288284160013e-08 2.0333921068057235e-07 5.929420168450093e-10 2.5367108821283597e-10 1.624456889491222e-10 0.0 
4.030894784862465e-08 1.9738998965735036e-07 5.727185512705915e-10 2.452562152453062e-10 1.571052214570836e-10 0.0 
3.905776660307353e-08 1.9162831397407862e-07 5.53222154094205e-10 2.3713922096316136e-10 1.5195265281488008e-10 0.0 
3.784780476274171e-08 1.8604777955810063e-07 5.344249893488871e-10 2.2930893482528668e-10 1.4698099306787362e-10 0.0 
3.6677587579728695e-08 1.806421120776518e-07 5.16300098331175e-10 2.2175436959990596e-10 1.4218333666107776e-10 0.0 
3.5545695604799985e-08 1.7540509127181919e-07 4.988211957139517e-10 2.1446456469807375e-10 1.3755275147946474e-10 0.0 
3.4450767465526056e-08 1.703308965433781e-07 4.819634771020592e-10 2.0742938409522835e-10 1.3308286112951145e-10 0.0 
3.33914950710037e-08 1.6541393858587783e-07 4.657031893404428e-10 2.0063913286232615e-10 1.2876756809990336e-10 0.0 
3.236662455016652e-08 1.6064895100919913e-07 4.5001775498787864e-10 1.9408472225149032e-10 1.2460117050760694e-10 0.0 
3.137494649392287e-08 1.5603085204031895e-07 4.3488540484349173e-10 1.8775738620476578e-10 1.2057816855844764e-10 0.0 
3.0415283369886555e-08 1.5155457172820012e-07 4.202848428607209e-10 1.816484012699341e-10 1.1669307090265403e-10 0.0 
2.9486617282580016e-08 1.4721558061309322e-07 4.0619760206971964e-10 1.7575012766131024e-10 1.1294105779897379e-10 0.0 
2.8588116631153698e-08 1.4300997094477185e-07 3.9260846905878516e-10 1.7005616383127567e-10 1.0931807604141916e-10 0.0 
2.771868403333625e-08 1.3893307161953987e-07 3.7949800370114693e-10 1.6455857962445078e-10 1.0581913545807662e-10 0.0 
2.6877237031801312e-08 1.3498030769431816e-07 3.6684719222296024e-10 1.5924964132767316e-10 1.0243937135229974e-10 0.0 
2.606291908264834e-08 1.3114834034535195e-07 3.546412135496063e-10 1.5412361742631394e-10 9.917521220578319e-11 0.0 
2.5274993547952328e-08 1.2743426150164642e-07 3.4286802830842696e-10 1.4917586084831563e-10 9.602375592479636e-11 0.0 
2.4512603145359233e-08 1.238343617752979e-07 3.315126672955901e-10 1.4440025588534605e-10 9.29811481514355e-11 0.0 
2.3774867358241713e-08 1.2034485514114852e-07 3.205593150416257e-10 1.3979033414662546e-10 9.004331698780574e-11 0.0 
