3.8326184111787704e-05 0.00010221343697050796 2.496988383233985e-06 1.2236354581261513e-06 7.880142748987826e-07 0.0 
3.775382865943185e-05 0.00010082729959384848 2.4486883652990784e-06 1.1985251481428928e-06 7.716264011010384e-07 0.0 
3.719245030557214e-05 9.946628424297422e-05 2.4014929700835504e-06 1.1740153033251182e-06 7.556345948946607e-07 0.0 
3.664196801330636e-05 9.813020083389309e-05 2.355388823892705e-06 1.1500991706642263e-06 7.400345230502336e-07 0.0 
3.610214129544776e-05 9.681851734177537e-05 2.310347394019171e-06 1.1267605128449019e-06 7.248153233232037e-07 0.0 
3.557253862539702e-05 9.553030608844216e-05 2.2663225027685735e-06 1.103972932524259e-06 7.099593685826198e-07 0.0 
3.505305576309756e-05 9.426545265809049e-05 2.223288668791869e-06 1.081722099524474e-06 6.95457351488122e-07 0.0 
3.454347141498316e-05 9.302350600446346e-05 2.181215962011506e-06 1.0599907423422395e-06 6.812977301700229e-07 0.0 
3.4043558171889445e-05 9.180399580697279e-05 2.1400748214308904e-06 1.0387618064151754e-06 6.674690931220606e-07 0.0 
3.3553095389900814e-05 9.060642146879452e-05 2.0998400008658117e-06 1.0180207367205708e-06 6.53961666840202e-07 0.0 
3.307188937211214e-05 8.943027981992979e-05 2.0605038801347758e-06 9.97763634784387e-07 6.407727795860424e-07 0.0 
3.2599764190511155e-05 8.827513802467638e-05 2.0220603477011543e-06 9.779883724805436e-07 6.279011068610179e-07 0.0 
3.213657362022609e-05 8.714070058337097e-05 1.984491484259793e-06 9.586848560237656e-07 6.153399320505643e-07 0.0 
3.168218811362177e-05 8.602670284348643e-05 1.947784203864601e-06 9.398456612333058e-07 6.030842973982488e-07 0.0 
3.1236250910346045e-05 8.493237118073431e-05 1.911893740172944e-06 9.214452603477581e-07 5.911172239540227e-07 0.0 
3.079848699804105e-05 8.385710264043221e-05 1.87678625943785e-06 9.034644527549977e-07 5.794259386329476e-07 0.0 
3.0368711966405646e-05 8.280047774903613e-05 1.842440987748587e-06 8.858915260707566e-07 5.680026305959552e-07 0.0 
2.9946746167369006e-05 8.176208742495369e-05 1.8088377655943758e-06 8.687151302091793e-07 5.568397339293079e-07 0.0 
2.9532577763748202e-05 8.074207713398004e-05 1.7759625373916091e-06 8.519277485848582e-07 5.459324601919632e-07 0.0 
2.9126978831059465e-05 7.974168755244359e-05 1.7439781411144546e-06 8.356212991473326e-07 5.353412205644446e-07 0.0 
2.8729751185206698e-05 7.876041309556208e-05 1.7128607693579682e-06 8.197805328424578e-07 5.250556120070585e-07 0.0 
2.8339716800401513e-05 7.779639703112846e-05 1.6823815781101584e-06 8.042792860060967e-07 5.149930861247298e-07 0.0 
2.7956700795775443e-05 7.684926296672233e-05 1.6525185064559253e-06 7.891052847560413e-07 5.051454940185823e-07 0.0 
2.758054171520476e-05 7.591861739604411e-05 1.6232564025293761e-06 7.742500456930811e-07 4.955071571585277e-07 0.0 
2.7211074339561136e-05 7.500405244421155e-05 1.5945803673759697e-06 7.597052429551469e-07 4.860725051912955e-07 0.0 
2.68482051181039e-05 7.410537068315718e-05 1.5664789453583666e-06 7.454647223703749e-07 4.768375281642384e-07 0.0 
2.649183443220882e-05 7.322234663973757e-05 1.538941698149449e-06 7.315228101423865e-07 4.677984972525676e-07 0.0 
2.6141959316487182e-05 7.235494628031815e-05 1.511971640810312e-06 7.178816609338438e-07 4.589569071331714e-07 0.0 
2.5798523781187496e-05 7.150303426857914e-05 1.4855638304272903e-06 7.045388624419692e-07 4.5031119855992554e-07 0.0 
2.546135546480588e-05 7.066619815665644e-05 1.4597017557219021e-06 6.914850816185081e-07 4.4185511931537005e-07 0.0 
2.5130286705759423e-05 6.984403609487751e-05 1.434369431384898e-06 6.787112973056681e-07 4.335826289792653e-07 0.0 
2.4805159373202102e-05 6.903616233734716e-05 1.4095524729712355e-06 6.662093709367158e-07 4.254882686065797e-07 0.0 
2.4486415850355703e-05 6.824289459962596e-05 1.3853635245420909e-06 6.54038199178841e-07 4.176099843037336e-07 0.0 
2.4174440649240355e-05 6.746539871218621e-05 1.3618091009257916e-06 6.4220285259936e-07 4.099517583074158e-07 0.0 
2.3869366597569522e-05 6.670490141986977e-05 1.33882438288376e-06 6.306733352927367e-07 4.024952319295596e-07 0.0 
2.3570564788902068e-05 6.595963861108042e-05 1.3163733357030928e-06 6.194266915659277e-07 3.952242498263288e-07 0.0 
2.3277108464786544e-05 6.522712968875052e-05 1.2943911210377194e-06 6.084249849657745e-07 3.8811317375572165e-07 0.0 
2.2988878498001376e-05 6.450713291322521e-05 1.272864457689242e-06 5.976608709892661e-07 3.811571616922142e-07 0.0 
2.270582371811556e-05 6.379960233839927e-05 1.2517842631604647e-06 5.871294669181669e-07 3.7435304516365237e-07 0.0 
2.2427757006006742e-05 6.310405083665865e-05 1.231136063108487e-06 5.768226170609683e-07 3.6769536677246156e-07 0.0 
2.2154622464998736e-05 6.24203305838993e-05 1.2109181555505117e-06 5.667396612055427e-07 3.61183702567602e-07 0.0 
2.1886414227630455e-05 6.17484394759405e-05 1.191132012939032e-06 5.568817929531833e-07 3.548188799876382e-07 0.0 
2.1622992829969564e-05 6.108805361461045e-05 1.1717635807280189e-06 5.47241176425738e-07 3.4859568880902686e-07 0.0 
2.136424707561022e-05 6.0438952551215795e-05 1.1527990908825805e-06 5.378107413887643e-07 3.425095535753662e-07 0.0 
2.1110147883350137e-05 5.980109123796164e-05 1.1342334657060615e-06 5.285881595845947e-07 3.3655903674573976e-07 0.0 
2.086061841732492e-05 5.917428715737508e-05 1.116059438061506e-06 5.19569465313689e-07 3.3074150459820025e-07 0.0 
2.0615588548213913e-05 5.855837241663421e-05 1.098270738658361e-06 5.107513127617157e-07 3.2505474149166526e-07 0.0 
2.0374954935460705e-05 5.7953114139737754e-05 1.0808558035108784e-06 5.021272855246919e-07 3.1949449857195796e-07 0.0 
2.013866428649042e-05 5.735848772307629e-05 1.0638043858298509e-06 4.93691829832433e-07 3.1405715446703406e-07 0.0 
1.9906704639363587e-05 5.6774580393922175e-05 1.0471098303543158e-06 4.854412717501429e-07 3.087403291235593e-07 0.0 
1.967898406591346e-05 5.620115915720698e-05 1.0307631989379935e-06 4.773705499623904e-07 3.0354064948374555e-07 0.0 
1.9455445695255194e-05 5.563802443151108e-05 1.0147623714255676e-06 4.694780659271197e-07 2.984569716316982e-07 0.0 
1.9236057259549072e-05 5.508501125135921e-05 9.991086667393217e-07 4.6176392111695583e-07 2.9348923989896926e-07 0.0 
1.9020733063411786e-05 5.4541882397352166e-05 9.837940701118432e-07 4.5422348999606125e-07 2.8863435847806443e-07 0.0 
1.880939499733215e-05 5.4008432315907406e-05 9.688107501182187e-07 4.468522718106008e-07 2.838893190147057e-07 0.0 
1.8601858947511662e-05 5.348422619128015e-05 9.5414061789676e-07 4.3964049296540265e-07 2.7924769670682646e-07 0.0 
1.83980339703326e-05 5.296903593467851e-05 9.39775953021365e-07 4.3258435118267825e-07 2.747070503485225e-07 0.0 
1.819784470008227e-05 5.24627098803314e-05 9.257082868382966e-07 4.256794962916243e-07 2.702645553665511e-07 0.0 
1.8001140926112884e-05 5.196506871969481e-05 9.119171644703781e-07 4.1891594743631044e-07 2.659138450926151e-07 0.0 
1.7807860393484446e-05 5.147598444213105e-05 8.983957580010239e-07 4.12290088002586e-07 2.616525537559721e-07 0.0 
1.7617946757304293e-05 5.099532104174513e-05 8.851385802064778e-07 4.0579891555260094e-07 2.574786961775071e-07 0.0 
1.7431345381820515e-05 5.052294553063882e-05 8.721402984168432e-07 3.994395136618902e-07 2.5339034451420935e-07 0.0 
1.7248007736295035e-05 5.005873353683849e-05 8.593960153102872e-07 3.932091851609344e-07 2.493857144722422e-07 0.0 
1.706788263834179e-05 4.960255933523562e-05 8.469007070042888e-07 3.87105184417777e-07 2.454629919709238e-07 0.0 
1.689091855206367e-05 4.9154298523991806e-05 8.346493645907544e-07 3.811247843239032e-07 2.4162037647485615e-07 0.0 
1.671710978541258e-05 4.8713955827117595e-05 8.226397304408381e-07 3.752668786877313e-07 2.3785716947653794e-07 0.0 
1.654645755008054e-05 4.8281575796916414e-05 8.108687817583736e-07 3.6953016814209965e-07 2.341725988843689e-07 0.0 
1.6378810000337323e-05 4.785679501267116e-05 7.993235590526504e-07 3.639077977535153e-07 2.3056217507825986e-07 0.0 
1.6214157808759107e-05 4.743969187663069e-05 7.879990036826538e-07 3.5839724799764695e-07 2.2702431046737403e-07 0.0 
1.605306291359373e-05 4.703214483283578e-05 7.769145439572068e-07 3.5301073639898114e-07 2.2356758907615858e-07 0.0 
1.589613256214402e-05 4.663536517909483e-05 7.661523326749793e-07 3.4779158625176207e-07 2.2021999841088506e-07 0.0 
1.5742813848680582e-05 4.624768107805929e-05 7.556808057158243e-07 3.427208636228476e-07 2.1696864607793185e-07 0.0 
1.5592217440708616e-05 4.5866974415187675e-05 7.454070605625563e-07 3.377493559150476e-07 2.137814995707266e-07 0.0 
1.544437927662501e-05 4.549317470952646e-05 7.353364864605053e-07 3.328791026648475e-07 2.106597718772063e-07 0.0 
1.5299231948590225e-05 4.512612806272871e-05 7.254628355473874e-07 3.28106805431993e-07 2.076012986057825e-07 0.0 
1.5156702358573669e-05 4.476567282640286e-05 7.157792876451198e-07 3.2342890989236085e-07 2.046037553605006e-07 0.0 
1.5016723718991592e-05 4.441165604134935e-05 7.062796618057308e-07 3.1884217655679496e-07 2.0166502134494577e-07 0.0 
1.4879214236876716e-05 4.40639334651134e-05 6.969564329984286e-07 3.1434279682256134e-07 1.9878262478914894e-07 0.0 
1.4744089413778112e-05 4.3722429181452766e-05 6.87802972378977e-07 3.099276147714838e-07 1.9595454560832024e-07 0.0 
1.4611311504290632e-05 4.338703692708225e-05 6.788180063296338e-07 3.055959095450674e-07 1.9318028725768375e-07 0.0 
1.4480833886501524e-05 4.305762986739577e-05 6.699978419238192e-07 3.013456636290508e-07 1.9045851346596122e-07 0.0 
1.4352600483111603e-05 4.2734067129759536e-05 6.613383202652261e-07 2.971746859923787e-07 1.8778778247258304e-07 0.0 
1.42266077164294e-05 4.2416349788053294e-05 6.528381722249465e-07 2.9308245086775023e-07 1.8516778142813673e-07 0.0 
1.4102982087924113e-05 4.210482754959451e-05 6.445050223134886e-07 2.8907349667887474e-07 1.8260159120928422e-07 0.0 
1.398171209645863e-05 4.1799476900830964e-05 6.363370019473242e-07 2.851468515674272e-07 1.8008857934759622e-07 0.0 
1.3862762188055863e-05 4.1500211520330825e-05 6.283304473971957e-07 2.81300524257099e-07 1.7762743244364329e-07 0.0 
1.3746098349084673e-05 4.1206947173276014e-05 6.204818078755798e-07 2.7753258488896015e-07 1.7521687781881077e-07 0.0 
1.3631687278090793e-05 4.091960163056406e-05 6.12787618066971e-07 2.7384115173183315e-07 1.7285567478738082e-07 0.0 
1.3519495969088323e-05 4.0638095062350854e-05 6.052444815969954e-07 2.70224383253466e-07 1.7054260946615244e-07 0.0 
1.3409501695059277e-05 4.0362393145691035e-05 5.978492663153645e-07 2.6668061200162964e-07 1.6827659347744312e-07 0.0 
1.3301866990358397e-05 4.009279099766113e-05 5.90623983816369e-07 2.6322067396536584e-07 1.6606453223793732e-07 0.0 
1.3196995071615059e-05 3.982994675541477e-05 5.83623762285183e-07 2.5987130762782033e-07 1.6392340898939484e-07 0.0 
1.3094401122772371e-05 3.9573052848447205e-05 5.767815089720183e-07 2.565994729528282e-07 1.6183214542172903e-07 0.0 
1.29939697006504e-05 3.93219276337717e-05 5.700816589842029e-07 2.5339772977293133e-07 1.5978602155603866e-07 0.0 
1.2895660487399695e-05 3.907646986914016e-05 5.635208283467831e-07 2.502642145425063e-07 1.5778380379733486e-07 0.0 
1.2799342058361364e-05 3.883633337798816e-05 5.570894414913351e-07 2.4719389731568016e-07 1.5582220346778286e-07 0.0 
1.2704954476590442e-05 3.8601374914914996e-05 5.507822627376479e-07 2.4418404591671545e-07 1.5389943868509186e-07 0.0 
1.2612435598597552e-05 3.837146286235601e-05 5.445943838608184e-07 2.4123214262344424e-07 1.5201386953544952e-07 0.0 
1.2521755470573444e-05 3.814656882114152e-05 5.385224268946929e-07 2.383364413652182e-07 1.501643641155413e-07 0.0 
1.2432939380400536e-05 3.792679202029041e-05 5.325671172137336e-07 2.354975106302645e-07 1.4835133278980072e-07 0.0 
1.2345990390199738e-05 3.771215472384846e-05 5.267278538000567e-07 2.3271507676485398e-07 1.465746071779235e-07 0.0 
1.226091430047459e-05 3.7502670952997386e-05 5.210039372910789e-07 2.2998867631729253e-07 1.448338742582212e-07 0.0 
1.217780132529965e-05 3.729857078546678e-05 5.154014324678435e-07 2.273212913544558e-07 1.4313106018437942e-07 0.0 
1.209697532641023e-05 3.710107140201904e-05 5.099312515547903e-07 2.2471934375753025e-07 1.414705707881836e-07 0.0 
1.2018520019956301e-05 3.6910545559744045e-05 5.045941393635922e-07 2.221834360329409e-07 1.3985284670004584e-07 0.0 
1.1942232992588534e-05 3.672622847771449e-05 4.993840627981284e-07 2.197097766360827e-07 1.3827523510735168e-07 0.0 
1.1867874546939492e-05 3.6547251938314416e-05 4.942924364197868e-07 2.1729334445202434e-07 1.3673433720537086e-07 0.0 
1.1795413617088523e-05 3.637354776012142e-05 4.893165557556427e-07 2.149326910284614e-07 1.3522920190221681e-07 0.0 
1.1724826284507773e-05 3.6205064760356186e-05 4.844539904921707e-07 2.1262651961150222e-07 1.3375897866340954e-07 0.0 
1.1656088112130732e-05 3.60417504984616e-05 4.79702274299225e-07 2.1037351629194054e-07 1.3232280616800917e-07 0.0 
1.1589093105619536e-05 3.5883339476779365e-05 4.750531506400247e-07 2.081694150812533e-07 1.3091791234230548e-07 0.0 
1.152376583722813e-05 3.572964477317969e-05 4.70500632265356e-07 2.0601111179289794e-07 1.2954227745497838e-07 0.0 
1.1460078293657074e-05 3.558060292538809e-05 4.6604213620216996e-07 2.0389724053101206e-07 1.2819500729762879e-07 0.0 
1.1398003286250593e-05 3.5436152622413416e-05 4.6167514323617947e-07 2.018264686631062e-07 1.268752294083183e-07 0.0 
1.1337512763250078e-05 3.52962318896197e-05 4.573970335469954e-07 1.9979742526234662e-07 1.2558204859161665e-07 0.0 
1.1278560068982632e-05 3.51607483238356e-05 4.532033338580084e-07 1.9780793386250818e-07 1.243140695777488e-07 0.0 
1.1221110629588742e-05 3.502962990893399e-05 4.4909066783771605e-07 1.9585628413336343e-07 1.23070185431154e-07 0.0 
1.1165136009019531e-05 3.4902815476368424e-05 4.450562378942036e-07 1.9394102028860847e-07 1.2184944799620024e-07 0.0 
1.11109311684196e-05 3.478101581114075e-05 4.411254325176755e-07 1.9207507753217647e-07 1.2066020050060206e-07 0.0 
1.105886007537233e-05 3.4665093679306114e-05 4.373291789765326e-07 1.902736843641961e-07 1.195121902287087e-07 0.0 
1.1008489464026386e-05 3.455404332567452e-05 4.3362774914591666e-07 1.885167560118931e-07 1.1839250611559037e-07 0.0 
1.09598048052768e-05 3.444784891009664e-05 4.3001843388206593e-07 1.868029061128022e-07 1.173002594837144e-07 0.0 
1.0912828581057109e-05 3.434657709481956e-05 4.2650183383268156e-07 1.851322963341057e-07 1.1623553711521368e-07 0.0 
1.0867627723605344e-05 3.425043687329744e-05 4.2308034125059477e-07 1.8350613502356373e-07 1.1519913341774351e-07 0.0 
1.0824275618817356e-05 3.415966137131657e-05 4.1975653688811174e-07 1.81925750293019e-07 1.141919253972695e-07 0.0 
1.0782786219164101e-05 3.4074301666708845e-05 4.1653006686968654e-07 1.8039081626662147e-07 1.1321368278656252e-07 0.0 
1.0743126289804298e-05 3.3994336429704306e-05 4.133960791989467e-07 1.7889902615579525e-07 1.1226293909471624e-07 0.0 
1.0705221079218092e-05 3.391969500923008e-05 4.103458102785847e-07 1.77446383820579e-07 1.113371794865285e-07 0.0 
1.0669043428679251e-05 3.385034840330286e-05 4.073771335364255e-07 1.7603181539730834e-07 1.104357070277378e-07 0.0 
1.063458486575774e-05 3.3786294562072025e-05 4.0448975777732474e-07 1.7465507927081363e-07 1.0955834803498451e-07 0.0 
1.0601862306572049e-05 3.372759281159188e-05 4.016841275727959e-07 1.7331626721745435e-07 1.0870514254934142e-07 0.0 
1.0570881346573693e-05 3.367428844392639e-05 3.9895934798478653e-07 1.7201486291094338e-07 1.0787574864011257e-07 0.0 
1.0541619196725912e-05 3.3626327074297055e-05 3.963134657626527e-07 1.7074976771173142e-07 1.0706943773131058e-07 0.0 
1.0514032862602533e-05 3.358358683251595e-05 3.937437917090839e-07 1.6951948081364774e-07 1.0628521481261358e-07 0.0 
1.048812475804801e-05 3.354610345131076e-05 3.912493619780466e-07 1.6832344104850648e-07 1.0552270749228259e-07 0.0 
1.0463904257130064e-05 3.3513931416856236e-05 3.8882938578384864e-07 1.6716118712292024e-07 1.0478161269081151e-07 0.0 
1.0441525908346196e-05 3.348788236275905e-05 3.8648584888027744e-07 1.6603416325430245e-07 1.0406297866849174e-07 0.0 
1.042105494218402e-05 3.346824207141587e-05 3.842201635637126e-07 1.649431504084345e-07 1.033673233003756e-07 0.0 
1.0402443479545973e-05 3.3454730549016004e-05 3.8203094129778276e-07 1.638871629694257e-07 1.0269394895426958e-07 0.0 
1.0385615438417259e-05 3.344695410811925e-05 3.799162256981498e-07 1.6286485694158552e-07 1.0204191915189178e-07 0.0 
1.037062791301824e-05 3.344510254842484e-05 3.778786272354356e-07 1.6187758499214572e-07 1.0141211918231068e-07 0.0 
1.035751058829502e-05 3.344929584456473e-05 3.7591828716787645e-07 1.609253854450356e-07 1.0080457554675176e-07 0.0 
1.0346282184291888e-05 3.345961994633125e-05 3.7403478875262586e-07 1.6000796515843097e-07 1.0021909055122862e-07 0.0 
1.0336963107680952e-05 3.347616676013937e-05 3.722277685229756e-07 1.5912505488520372e-07 9.9655481694416e-08 0.0 
1.0329565016585807e-05 3.3499008056810656e-05 3.7049617709842586e-07 1.5827609294226226e-07 9.911338604152475e-08 0.0 
1.0324522849569095e-05 3.352912170324786e-05 3.688782741937648e-07 1.5747906840536065e-07 9.86041839896788e-08 0.0 
1.0321909101145724e-05 3.356670774941915e-05 3.673770756166453e-07 1.5673497139043185e-07 9.812844715780515e-08 0.0 
1.032132054226757e-05 3.361097666899894e-05 3.6595326514929766e-07 1.5602548938432068e-07 9.767461762546589e-08 0.0 
1.03227732352301e-05 3.366201765906651e-05 3.646058261663435e-07 1.5535004273985302e-07 9.724231755967717e-08 0.0 
1.0326305085710253e-05 3.371998370842126e-05 3.6333529121646725e-07 1.547087664980539e-07 9.683161994821243e-08 0.0 
1.0331955065701102e-05 3.378502938325292e-05 3.6214216386243926e-07 1.5410177895371249e-07 9.64425865211985e-08 0.0 
1.033972020854492e-05 3.3857182886101484e-05 3.610249012779643e-07 1.535281950475557e-07 9.60746315389037e-08 0.0 
1.0349567256434027e-05 3.393637591413881e-05 3.599804367257468e-07 1.5298633475091256e-07 9.572665121711486e-08 0.0 
1.036153044264528e-05 3.402275028253169e-05 3.5900884659348055e-07 1.5247609306969603e-07 9.539856182729275e-08 0.0 
1.037573685352686e-05 3.4116608525273645e-05 3.581174793506771e-07 1.52000526452798e-07 9.509225201050336e-08 0.0 
1.0392322114593943e-05 3.421832689874156e-05 3.573129249225874e-07 1.5156244347227474e-07 9.480947665059118e-08 0.0 
1.0411337583092691e-05 3.432816200190568e-05 3.5659455538182233e-07 1.5116153803079264e-07 9.455005352914378e-08 0.0 
1.0432820574181635e-05 3.444630935480573e-05 3.5596140380132316e-07 1.5079726774981362e-07 9.431363270154123e-08 0.0 
1.0456813648174814e-05 3.4572984389757195e-05 3.55412569660826e-07 1.5046911980963361e-07 9.409988334869926e-08 0.0 
1.0483347417756707e-05 3.470838759871725e-05 3.549464683554797e-07 1.5017630273607697e-07 9.390830259699236e-08 0.0 
1.05124334600168e-05 3.4852689472808515e-05 3.545609294525319e-07 1.4991781638948753e-07 9.373826118723582e-08 0.0 
1.0544158060777516e-05 3.5006226960445375e-05 3.542576428672961e-07 1.4969434405215586e-07 9.359018840940431e-08 0.0 
1.0578662845498405e-05 3.516953524912517e-05 3.5404013791178336e-07 1.4950757548508442e-07 9.346518540570434e-08 0.0 
1.0616161771869071e-05 3.534331366807085e-05 3.53917352421018e-07 1.4936177837906585e-07 9.33659874477758e-08 0.0 
1.0657422669772222e-05 3.552979445302714e-05 3.539315228333638e-07 1.4927746769464952e-07 9.330574349944727e-08 0.0 
1.0702084848902535e-05 3.57279982630364e-05 3.540596512071522e-07 1.492426808281898e-07 9.327667775398774e-08 0.0 
1.0750019955747458e-05 3.5937666101682673e-05 3.542903666111038e-07 1.492517001460694e-07 9.327511316459911e-08 0.0 
1.0801381144910155e-05 3.6159535303950774e-05 3.546267589015822e-07 1.4930596743527225e-07 9.330198909233392e-08 0.0 
1.0856291911786433e-05 3.639419363981943e-05 3.5507122797608934e-07 1.494064722647075e-07 9.335793083153856e-08 0.0 
1.0914832182268138e-05 3.664183764248053e-05 3.5562569804934414e-07 1.4955369612058787e-07 9.344318187510887e-08 0.0 
1.0977113822302436e-05 3.6902685415110275e-05 3.562941498661153e-07 1.4974916606876033e-07 9.355866524482291e-08 0.0 
1.1043286619396924e-05 3.717733339904977e-05 3.570796022385135e-07 1.49994211611714e-07 9.370523196151903e-08 0.0 
1.111349201133441e-05 3.74663278502143e-05 3.579847562609973e-07 1.5028984345099726e-07 9.388350306238063e-08 0.0 
1.1187874932008e-05 3.777021665502386e-05 3.5901244009171243e-07 1.506370932481759e-07 9.40941066258711e-08 0.0 
1.1266597490893393e-05 3.808959428560192e-05 3.6016629716532367e-07 1.5103733516201607e-07 9.433788381863406e-08 0.0 
1.1349832962311428e-05 3.842509444562931e-05 3.6145033541557723e-07 1.5149209425616462e-07 9.461576965544756e-08 0.0 
1.1437765610724048e-05 3.877739246533924e-05 3.6286946546022353e-07 1.52003317576887e-07 9.492896558223633e-08 0.0 
1.1530587078895863e-05 3.914720323169669e-05 3.6442812681736447e-07 1.5257271717972753e-07 9.527852444025671e-08 0.0 
1.1628510027185957e-05 3.9535325885742166e-05 3.6613094207870295e-07 1.5320211461962976e-07 9.566557680959555e-08 0.0 
1.1731816872997057e-05 3.9942823776496464e-05 3.6798471213725686e-07 1.5389456160468159e-07 9.609207819719401e-08 0.0 
1.1840729611234861e-05 4.037059568774795e-05 3.6999341855758903e-07 1.5465167874599737e-07 9.655904874704826e-08 0.0 
1.1955495685637496e-05 4.081959805376589e-05 3.7216203250176287e-07 1.554754125325092e-07 9.706769698941456e-08 0.0 
1.207643079864258e-05 4.129095471684211e-05 3.745001188274249e-07 1.5636972635951586e-07 9.762049120815042e-08 0.0 
1.220391718722361e-05 4.17859581369751e-05 3.7702145852928767e-07 1.5734040930749756e-07 9.822103686267794e-08 0.0 
1.233832539774652e-05 4.23059410196762e-05 3.7973548854550073e-07 1.5839127469293864e-07 9.887170479840216e-08 0.0 
1.2480040025444548e-05 4.2852289831935764e-05 3.82652098421505e-07 1.5952630241184609e-07 9.957496665944421e-08 0.0 
1.2629462480304194e-05 4.3426456659369784e-05 3.857817057483336e-07 1.6074967350046805e-07 1.0033341679896977e-07 0.0 
1.2787019081296803e-05 4.402999623157232e-05 3.8913521806249316e-07 1.6206576227851894e-07 1.0114976953096962e-07 0.0 
1.2953169725464409e-05 4.466458742431198e-05 3.927244095594187e-07 1.6347929845849917e-07 1.0202696106006998e-07 0.0 
1.3128325951128027e-05 4.53319427694825e-05 3.965551487237213e-07 1.649926308753193e-07 1.0296648012463747e-07 0.0 
1.3312831301495462e-05 4.6033567471636485e-05 4.006296927240986e-07 1.666063889260025e-07 1.0396871640795441e-07 0.0 
1.3507149089262088e-05 4.677121547989385e-05 4.0495795760049273e-07 1.6832429432541232e-07 1.0503595234271259e-07 0.0 
1.3711857752112044e-05 4.7547063993363855e-05 4.0955349395843237e-07 1.701517663949221e-07 1.0617155667354355e-07 0.0 
1.3927583509716883e-05 4.836346772773552e-05 4.144309841773758e-07 1.7209467751520395e-07 1.0737917969430724e-07 0.0 
1.4155005244710891e-05 4.922298240689794e-05 4.196063608059408e-07 1.7415940559834908e-07 1.0866278679543352e-07 0.0 
1.4395037035685362e-05 5.0128845393574865e-05 4.251082788531391e-07 1.7635813621771596e-07 1.1003000985075259e-07 0.0 
1.4649368578216421e-05 5.108638470483038e-05 4.3101138745280867e-07 1.7872392487303752e-07 1.1150162689300217e-07 0.0 
1.4918336075696212e-05 5.209766098314657e-05 4.373014223984602e-07 1.812491290937969e-07 1.1307276125094458e-07 0.0 
1.520261708287367e-05 5.316577051128466e-05 4.4398132911115993e-07 1.839343778098863e-07 1.1474382337565591e-07 0.0 
1.5503291162888474e-05 5.429470383353763e-05 4.5107745037058237e-07 1.8679036163263489e-07 1.1652147414277357e-07 0.0 
1.582151364615512e-05 5.548865529593885e-05 4.586179980824905e-07 1.8982838317869919e-07 1.1841273146267203e-07 0.0 
1.6158601391307843e-05 5.675247040052262e-05 4.666368312571174e-07 1.9306219905738062e-07 1.2042615915648266e-07 0.0 
1.651602400006537e-05 5.809143094264797e-05 4.7517318259027353e-07 1.96507683323977e-07 1.2257162193689676e-07 0.0 
1.689532781207651e-05 5.951132442689219e-05 4.842650433417163e-07 2.0018023116526367e-07 1.2485870973289353e-07 0.0 
1.7298211895872135e-05 6.1018492586067575e-05 4.939540215611967e-07 2.0409668461732483e-07 1.2729790980219046e-07 0.0 
1.7726560916492063e-05 6.261996138898255e-05 5.042865295734849e-07 2.0827587436236964e-07 1.2990095272716585e-07 0.0 
1.8183397460706402e-05 6.43267281828684e-05 5.15351230133005e-07 2.127574154747555e-07 1.3269298624390394e-07 0.0 
1.8670992275080393e-05 6.614726707740478e-05 5.272037529534605e-07 2.175633834749602e-07 1.3568767913617067e-07 0.0 
1.91911519489192e-05 6.808855776797935e-05 5.398770469385334e-07 2.227045930727604e-07 1.3889146005924752e-07 0.0 
1.9746721297822493e-05 7.016122265171469e-05 5.534408415994121e-07 2.2820932420259547e-07 1.4232194714906333e-07 0.0 
2.034089889708498e-05 7.237719949994184e-05 5.679738763894929e-07 2.3410958035008492e-07 1.459990860667075e-07 0.0 
2.097726232018617e-05 7.474984375706683e-05 5.835641682403216e-07 2.404411345184115e-07 1.4994517186625892e-07 0.0 
2.1659823355403236e-05 7.729413550272057e-05 6.003103550200253e-07 2.472440745507441e-07 1.5418518883196097e-07 0.0 
2.239309281235346e-05 8.002692241597723e-05 6.183232711785323e-07 2.545634426340384e-07 1.5874720900415597e-07 0.0 
2.3182149674382205e-05 8.296719471999476e-05 6.377275599110583e-07 2.6244991907866834e-07 1.6366282232128321e-07 0.0 
2.4032773598605605e-05 8.613664812753084e-05 6.586646278774601e-07 2.709612857332187e-07 1.6896809570334057e-07 0.0 
2.4951593755618517e-05 8.956008263323048e-05 6.812979909137649e-07 2.801644527352654e-07 1.747048004302627e-07 0.0 
2.5946154672116154e-05 9.326571364307016e-05 7.058141470346147e-07 2.901357560640719e-07 1.8092058876642122e-07 0.0 
2.702500467604151e-05 9.728559911171219e-05 7.324220898994612e-07 3.009605131827828e-07 1.8766870283980986e-07 0.0 
2.819790692859571e-05 0.00010165636206930327 7.613603748385142e-07 3.12736052925542e-07 1.9500987371629382e-07 0.0 
2.9476098761315973e-05 0.00010642012976020632 7.9290391885342e-07 3.255744198484531e-07 2.0301399125043237e-07 0.0 
3.0872845789227865e-05 0.00011162631824827999 8.273860432519993e-07 3.3961195647427504e-07 2.1176612252288708e-07 0.0 
3.240327104778147e-05 0.0001173316177535079 8.65177420798294e-07 3.549999268178291e-07 2.2136064866675266e-07 0.0 
3.4084930900481165e-05 0.00012360193335757047 9.067058583872626e-07 3.719127173653066e-07 2.319063635061597e-07 0.0 
3.5938362375639126e-05 0.0001305143919420079 9.524712890306839e-07 3.905541101218111e-07 2.4353040199608733e-07 0.0 
3.79877033942125e-05 0.00013815971645289802 1.0030607015967125e-06 4.111634019310245e-07 2.563820653961078e-07 0.0 
4.0261470659919106e-05 0.00014664514232651376 1.0591677675812855e-06 4.3402338482560747e-07 2.706377950160759e-07 0.0 
4.279400598394566e-05 0.00015609835774585184 1.1216511925701129e-06 4.59483402819712e-07 2.8651530670943416e-07 0.0 
4.562600933532567e-05 0.00016667159492287254 1.1915106491062666e-06 4.8795038600084e-07 3.0426834084470855e-07 0.0 
4.880599451213415e-05 0.00017854720352870022 1.2699225955440885e-06 5.199033718285987e-07 3.24195711368217e-07 0.0 
5.239225928645217e-05 0.00019194488704555205 1.3582967086682079e-06 5.559163846189733e-07 3.4665550903282514e-07 0.0 
5.645592499876234e-05 0.000207132449308812 1.458352185917849e-06 5.966894197894833e-07 3.7208440592352677e-07 0.0 
6.108403522055186e-05 0.00022443826277798322 1.5721880872565828e-06 6.43077733918055e-07 4.0101605452838186e-07 0.0 
6.638359402390212e-05 0.00024426635433902566 1.702383194742488e-06 6.961320003630498e-07 4.3410604121413046e-07 0.0 
7.248772638319418e-05 0.00026711841628817965 1.8521493613641655e-06 7.571596131823516e-07 4.7216993361831504e-07 0.0 
7.956291024905547e-05 0.0002936221750479892 2.025497407803454e-06 8.277930178086376e-07 5.162260789964608e-07 0.0 
8.781887130954294e-05 0.00032456900814121093 2.227471878798027e-06 9.10085255551712e-07 5.675552308628981e-07 0.0 
9.752182332674431e-05 0.00036096402229849716 2.4644652146232258e-06 1.006637531634715e-06 6.277801121226257e-07 0.0 
0.00010901229778519955 0.00040409368145112893 2.744639737526398e-06 1.120770679823578e-06 6.989723820283288e-07 0.0 
0.0001227299218328079 0.00045561890157492797 3.0785395968810383e-06 1.2567748379193768e-06 7.838083686867155e-07 0.0 
0.00013924618463583718 0.0005176991848388303 3.479872546291629e-06 1.4202271247458016e-06 8.857672138006823e-07 0.0 
0.0001593072999064132 0.0005931570434184719 3.9664678153691e-06 1.6183782530903325e-06 1.0093720582622847e-06 0.0 
0.00018390004435163982 0.0006857233060071273 4.561976748557041e-06 1.8608588823844365e-06 1.160631893486422e-06 0.0 
0.00021432412629462586 0.0008003138914134581 5.297510108460284e-06 2.1603333470121505e-06 1.3474482182270493e-06 0.0 
0.000252252689923491 0.0009432753100920867 6.212626870670265e-06 2.53286372133984e-06 1.579839828727468e-06 0.0 
0.0002997865903103449 0.0011225847306942276 7.356966524446695e-06 2.998628951550592e-06 1.8703969374439386e-06 0.0 
0.0003591785862743411 0.001346838953249708 8.783173787431408e-06 3.579050335747617e-06 2.232491369912259e-06 0.0 
0.00043139331733626146 0.0016198377634049266 1.0511628255166222e-05 4.282319477346641e-06 2.6712353020839065e-06 0.0 
0.0005116411882445298 0.0019237876484348073 1.2422695853508414e-05 5.05962990165549e-06 3.1561914750005527e-06 0.0 
0.0005808251982137094 0.0021869786590255806 1.405216247976412e-05 5.721963248394057e-06 3.5694609508066743e-06 0.0 
0.0006049685135552521 0.0022812273039601793 1.4583651162177426e-05 5.937138386401396e-06 3.7038248137018245e-06 0.0 
0.0005651209648853281 0.0021342726841925086 1.3573667591883354e-05 5.5249624188276675e-06 3.446843489244453e-06 0.0 
0.00048339280351588086 0.0018285631670489852 1.1568257092687026e-05 4.707945238470531e-06 2.937279930020835e-06 0.0 
0.00039478790463930873 0.0014958525569031254 9.413214681787936e-06 3.830350329539403e-06 2.389877958289598e-06 0.0 
0.00031774552035154346 0.0012059261329725015 7.548460955582922e-06 3.0711276341593097e-06 1.916280090787492e-06 0.0 
0.00025600862107327013 0.0009732103387718533 6.059533198501899e-06 2.4650035967280354e-06 1.5381642145806074e-06 0.0 
0.00020775106130079964 0.0007910408447558819 4.899308040191546e-06 1.992744287059843e-06 1.2435428152790061e-06 0.0 
0.00017013716362944607 0.0006488609892091631 3.9975934762676405e-06 1.6257492394802943e-06 1.0145811700668225e-06 0.0 
0.0001406657819074967 0.0005373193729625841 3.293035095252158e-06 1.33902749489565e-06 8.356933733736354e-07 0.0 
0.00011738691215212673 0.00044910875035160744 2.738021197310596e-06 1.1131894736833102e-06 6.947861115885115e-07 0.0 
9.883278844398223e-05 0.00037871970831320064 2.2968324184191427e-06 9.336894871911012e-07 5.827866368420083e-07 0.0 
8.39070208294058e-05 0.00032203110360334923 1.9428510308430715e-06 7.896874865347941e-07 4.929330722663298e-07 0.0 
7.179010926835951e-05 0.0002759591876651113 1.6562287140410319e-06 6.731012373408473e-07 4.2018369010405015e-07 0.0 
6.186644635478192e-05 0.00023818521960578763 1.422088543874319e-06 5.778736991012438e-07 3.6076001014758024e-07 0.0 
5.367037731454884e-05 0.00020695362166053873 1.2292009524539365e-06 4.994333010914931e-07 3.118101428523622e-07 0.0 
4.6846994674452225e-05 0.000180924975116912 1.0690258163120077e-06 4.343035628312647e-07 2.711652680413929e-07 0.0 
4.1123649358570644e-05 0.0001590691957192003 9.350180823573951e-07 3.7982027288843973e-07 2.3716322499208817e-07 0.0 
3.62889561336733e-05 0.00014058725278532106 8.22107170776645e-07 3.3391956569195823e-07 2.0851639974583025e-07 0.0 
3.217773294604369e-05 0.00012485433729507176 7.263366388082124e-07 2.949912036772784e-07 1.8422017706661694e-07 0.0 
2.8659935567059087e-05 0.0001113781675508768 6.445973159660358e-07 2.6176986013924276e-07 1.6348510623827513e-07 0.0 
2.5632401475211286e-05 9.976791420367291e-05 5.744274373960081e-07 2.3325375325449648e-07 1.4568614650029381e-07 0.0 
2.301263457296736e-05 8.971083248742701e-05 5.138616566057452e-07 2.086431974138913e-07 1.3032434311927094e-07 0.0 
2.0734242933037187e-05 8.095500531208306e-05 4.613226571124285e-07 1.8729658789190796e-07 1.1699937282332999e-07 0.0 
1.8743401028433416e-05 7.329600485330984e-05 4.155341365066689e-07 1.6869475280906805e-07 1.0538728852218771e-07 0.0 
1.6996047381028352e-05 6.656650808998735e-05 3.754499791459516e-07 1.5241205066556238e-07 9.5222498163904e-08 0.0 
1.545598001973779e-05 6.062894967019856e-05 3.4021210934087425e-07 1.3809938704500897e-07 8.628717023238885e-08 0.0 
1.4093274269465572e-05 5.5369541463511856e-05 3.0911244493203786e-07 1.254687208923062e-07 7.840156705076506e-08 0.0 
1.2883051941230214e-05 5.069362253625921e-05 2.8156330475798316e-07 1.1428101476753012e-07 7.14165268724469e-08 0.0 
1.18045172148525e-05 4.652201434706434e-05 2.5707426174973645e-07 1.0433681040834164e-07 6.520758382789943e-08 0.0 
1.0840204967102284e-05 4.278816370534858e-05 2.3523435357352006e-07 9.546898672106302e-08 5.967044817234487e-08 0.0 
9.975373936173665e-06 3.943585338919201e-05 2.1569753963225475e-07 8.753684308648886e-08 5.471731538274296e-08 0.0 
9.197502307009963e-06 3.641733606003241e-05 1.9816981821190923e-07 8.042085698946143e-08 5.0273600400341754e-08 0.0 
8.496059151300433e-06 3.369270261434919e-05 1.8240404543613737e-07 7.402106917421591e-08 4.627699930330834e-08 0.0 
7.86201898494601e-06 3.122768805688996e-05 1.681888586742555e-07 6.825188924305764e-08 4.2674144086072055e-08 0.0 
7.287278066459552e-06 2.8990859382305917e-05 1.5533532314464794e-07 6.303567042800923e-08 3.941645528203924e-08 0.0 
6.765297448744573e-06 2.6957188817324914e-05 1.4369298462709852e-07 5.8311701990935785e-08 3.646608870865965e-08 0.0 
6.290319105122683e-06 2.510466048660626e-05 1.3312841970554087e-07 5.4025880812578855e-08 3.3789288985147226e-08 0.0 
5.8569030134875314e-06 2.3412418264245113e-05 1.2351234803139667e-07 5.012504101184078e-08 3.135281043972544e-08 0.0 
5.460618617244841e-06 2.1863444094368478e-05 1.1474219218500104e-07 4.656745599758557e-08 2.9130603305352658e-08 0.0 
5.097600069081242e-06 2.0442935577670557e-05 1.0672841995678216e-07 4.3316789913266965e-08 2.709999403110143e-08 0.0 
4.764457443662817e-06 1.9137908714202003e-05 9.939266510765025e-08 4.034124990758291e-08 2.5241144381717387e-08 0.0 
4.458297986383882e-06 1.7937158517702973e-05 9.267015145772594e-08 3.76145544460354e-08 2.3537641332235548e-08 0.0 
4.1765687455427385e-06 1.6830769461495513e-05 8.650374349900843e-08 3.5113457911710605e-08 2.1974959578306395e-08 0.0 
3.9169047091281304e-06 1.580969373510509e-05 8.083805437321146e-08 3.2815471664617124e-08 2.053906798895505e-08 0.0 
3.6772162893107614e-06 1.4865928902730994e-05 7.562434682325427e-08 3.070083232540488e-08 1.9217638007395184e-08 0.0 
3.4556396601466048e-06 1.399235636642385e-05 7.081912933402653e-08 2.8751899661184276e-08 1.7999665691082315e-08 0.0 
3.2505114675444514e-06 1.3182612149093036e-05 6.638365270996981e-08 2.6952949022669202e-08 1.6875340276984472e-08 0.0 
3.060326372075754e-06 1.2430961687276806e-05 6.228286711110883e-08 2.5289795316255925e-08 1.5835816250175695e-08 0.0 
2.883723676441847e-06 1.1732215599141917e-05 5.8484948309457585e-08 2.3749544692764512e-08 1.487305292021672e-08 0.0 
2.719534911026012e-06 1.1081876180980423e-05 5.496319437784545e-08 2.2321379975895375e-08 1.398030107430217e-08 0.0 
2.5667118886250043e-06 1.0475891104837882e-05 5.169380866938018e-08 2.099563775609769e-08 1.315152712386386e-08 0.0 
2.424308522546526e-06 9.910598653777257e-06 4.865533736874415e-08 1.9763599787918073e-08 1.2381286588841362e-08 0.0 
2.291471414528556e-06 9.382694098350536e-06 4.582845609888703e-08 1.861741412653578e-08 1.166467594341224e-08 0.0 
2.1674294019082845e-06 8.88918956622264e-06 4.3195727709087253e-08 1.7549996511075643e-08 1.0997271037611354e-08 0.0 
2.0514844356225266e-06 8.427379009434583e-06 4.074139108796553e-08 1.6554944387246507e-08 1.0375073411089766e-08 0.0 
1.943003601211088e-06 7.994807550370824e-06 3.84511766185923e-08 1.5626461782620123e-08 9.794463383260515e-09 0.0 
1.8414150997317891e-06 7.589250780049587e-06 3.6312304336139485e-08 1.4759356036906707e-08 9.252197149157495e-09 0.0 
1.746209072451214e-06 7.2087069532817946e-06 3.4313529517486114e-08 1.3949049457466833e-08 8.745413084917693e-09 0.0 
1.6569120482668919e-06 6.851332711563438e-06 3.2444227991761786e-08 1.3191225906627123e-08 8.271415280641735e-09 0.0 
1.573088129628485e-06 6.515433251728232e-06 3.0694590563829665e-08 1.2481901750119468e-08 7.827715869458473e-09 0.0 
1.4943387725511443e-06 6.199457902845015e-06 2.905566243784855e-08 1.1817440140822724e-08 7.412043442306542e-09 0.0 
1.4202974702178386e-06 5.901981950669472e-06 2.7519206130782608e-08 1.1194497180960027e-08 7.0223098280305936e-09 0.0 
1.3506299018706736e-06 5.621706777252243e-06 2.6077726381172243e-08 1.0610031936935933e-08 6.6566161920370835e-09 0.0 
1.2850360919574741e-06 5.357460114358256e-06 2.472450652446788e-08 1.0061317808543562e-08 6.313259560694533e-09 0.0 
1.2232368547592884e-06 5.108153625466733e-06 2.3453310723472517e-08 9.545823997360217e-09 5.990659272273642e-09 0.0 
1.1649703012257112e-06 4.872772007479446e-06 2.2258293642417273e-08 9.061180946164547e-09 5.687335739256947e-09 0.0 
1.1099905553353172e-06 4.6503921125663285e-06 2.113393013004493e-08 8.60517603535714e-09 5.40191141366286e-09 0.0 
1.0580898227504166e-06 4.440270028850138e-06 2.0075549277928006e-08 8.175983092458721e-09 5.133255842618553e-09 0.0 
1.0090465950939554e-06 4.241483377969204e-06 1.9078246214285303e-08 7.77154815031312e-09 4.880076710607453e-09 0.0 
9.626774024092705e-07 4.053289435468717e-06 1.8138073565103136e-08 7.390254907703345e-09 4.641361475093051e-09 0.0 
9.188137489589743e-07 3.8750290435806595e-06 1.7251350637882595e-08 7.030614908852556e-09 4.416180670479001e-09 0.0 
8.772952910983124e-07 3.706077163040644e-06 1.6414525868310507e-08 6.691188228340067e-09 4.203635038168476e-09 0.0 
8.379742592396189e-07 3.5458570089881267e-06 1.56243451986395e-08 6.370656115291721e-09 4.002900955115244e-09 0.0 
8.007158717552479e-07 3.3938376014754908e-06 1.4877910837126677e-08 6.0678443247767255e-09 3.813244523428816e-09 0.0 
7.653964982972889e-07 3.2495387967537387e-06 1.4172506722111423e-08 5.781661550557004e-09 3.6339852185212538e-09 0.0 
7.319287998906632e-07 3.1126533069766257e-06 1.3506264841735603e-08 5.511418360317519e-09 3.4647007357313876e-09 0.0 
7.001793173176344e-07 2.9826343038724664e-06 1.2876194322185172e-08 5.255849842023933e-09 3.304594558265823e-09 0.0 
6.700287277108941e-07 2.858996546325199e-06 1.2279635910108745e-08 5.013846890292823e-09 3.15297022894965e-09 0.0 
6.413823598042355e-07 2.74136901611825e-06 1.1714512429081461e-08 4.7845683345621934e-09 3.0093023831624556e-09 0.0 
6.141520495360103e-07 2.629405867087365e-06 1.1178894674026453e-08 4.567232982834853e-09 2.8731030916409794e-09 0.0 
5.882556284665387e-07 2.5227844641996497e-06 1.067098946819485e-08 4.361114776371048e-09 2.7439188375852302e-09 0.0 
5.636164575605917e-07 2.421203595381016e-06 1.0189128799826716e-08 4.165538382756488e-09 2.621327767184207e-09 0.0 
5.401630018559081e-07 2.3243818391185702e-06 9.73175993035978e-09 3.979875183413489e-09 2.5049371861652593e-09 0.0 
5.178292871515473e-07 2.23205796099116e-06 9.297472886129983e-09 3.803553558285271e-09 2.3943897678089798e-09 0.0 
4.965538995348981e-07 2.1439881573632e-06 8.884960202000393e-09 3.6360433668179864e-09 2.2893540680203267e-09 0.0 
4.762785652345725e-07 2.0599438113049837e-06 8.492962266854881e-09 3.476836328084963e-09 2.1895127597437073e-09 0.0 
4.56949593569123e-07 1.979715516483591e-06 8.12032455665731e-09 3.325469510814271e-09 2.0945771894900056e-09 0.0 
4.385183215844567e-07 1.9031108868610593e-06 7.766029172374066e-09 3.181535156329724e-09 2.004292920934007e-09 0.0 
4.209407940890226e-07 1.8299546122310242e-06 7.429178581998793e-09 3.044673147434836e-09 1.918434990671747e-09 0.0 
4.041719465666867e-07 1.7600679156572311e-06 7.108808511346904e-09 2.9144918903059905e-09 1.8367585157163856e-09 0.0 
3.881693138246907e-07 1.6932823456342212e-06 6.804011030510195e-09 2.7906227341589715e-09 1.7590329731436071e-09 0.0 
3.728929852562949e-07 1.6294394920240095e-06 6.513934798309012e-09 2.672720103033464e-09 1.6850422711207575e-09 0.0 
3.5830542792543794e-07 1.5683902067466974e-06 6.237780884355e-09 2.5604596731432905e-09 1.6145835886964489e-09 0.0 
3.4437132093299734e-07 1.5099935398640813e-06 5.974802727712548e-09 2.4535381539184026e-09 1.5474671932798354e-09 0.0 
3.3105456575202807e-07 1.4541060156741716e-06 5.724231025723715e-09 2.351642951298794e-09 1.4834975975779777e-09 0.0 
3.1831916145916077e-07 1.4005862184284483e-06 5.4852763989852955e-09 2.2544541953986394e-09 1.4224750512657382e-09 0.0 
3.0613571325406497e-07 1.3493169494285797e-06 5.257319973887421e-09 2.161721219620203e-09 1.3642428265028535e-09 0.0 
2.9447651001140013e-07 1.300187605251128e-06 5.039780606522901e-09 2.073208648230789e-09 1.3086537438105015e-09 0.0 
2.833197951573221e-07 1.2531106238241387e-06 4.832269966284089e-09 1.9887607864608565e-09 1.2556103095018647e-09 0.0 
2.726487414337581e-07 1.2080232083765856e-06 4.634528652770698e-09 1.9082794424204743e-09 1.2050516314949535e-09 0.0 
2.6243679455131673e-07 1.1648078418076758e-06 4.445968243349198e-09 1.8315156942562313e-09 1.156820633854058e-09 0.0 
2.526593920015913e-07 1.123364651595274e-06 4.266044364716571e-09 1.7582468754290741e-09 1.1107779463174198e-09 0.0 
2.432940305664409e-07 1.0836056689690035e-06 4.094260799043577e-09 1.6882728501583694e-09 1.0667986972493555e-09 0.0 
2.343192332091339e-07 1.045447024110544e-06 3.930145687856616e-09 1.6214035746796002e-09 1.024764330513076e-09 0.0 
2.2571333324912438e-07 1.0088057152409142e-06 3.773224827231687e-09 1.5574500714971784e-09 9.845571904817403e-10 0.0 
2.174585837597242e-07 9.73610758999011e-07 3.623131207812353e-09 1.4962639874682886e-09 9.460845110962093e-10 0.0 
2.0953871815614594e-07 9.397963817295396e-07 3.479532725350813e-09 1.4377105362440892e-09 9.09261913993364e-10 0.0 
2.019383291163414e-07 9.073002486010656e-07 3.3421154428776017e-09 1.3816623312532634e-09 8.740096521107104e-10 0.0 
1.9464281709902533e-07 8.760632588027033e-07 3.2105824767059432e-09 1.3279989303502406e-09 8.402523246656659e-10 0.0 
1.8763834232950413e-07 8.460293544849264e-07 3.084652958606107e-09 1.2766064116892198e-09 8.079186116842353e-10 0.0 
1.8091212244199597e-07 8.171461887639069e-07 2.9640714897816743e-09 1.2273808396132674e-09 7.769433757499579e-10 0.0 
1.7445728714493588e-07 7.893939249684857e-07 2.848717549301818e-09 1.1802834071513073e-09 7.473035290915887e-10 0.0 
1.682638410926737e-07 7.627344778335603e-07 2.73839600574173e-09 1.135237904288127e-09 7.189516635067178e-10 0.0 
1.6231580484512912e-07 7.370917744109425e-07 2.632779614070671e-09 1.0920999086686602e-09 6.917958581384692e-10 0.0 
1.5660182029280867e-07 7.12419329887338e-07 2.531636329713651e-09 1.0507747764441529e-09 6.657768051768993e-10 0.0 
1.5111142670066816e-07 6.886750970305922e-07 2.4347531220106237e-09 1.0111763867009838e-09 6.408406315416148e-10 0.0 
1.4583469263583492e-07 6.658191071368238e-07 2.3419283038764275e-09 9.732232051766405e-10 6.169363294205625e-10 0.0 
1.407621858163985e-07 6.438133546581298e-07 2.252970863344318e-09 9.368380162764923e-10 5.940155894954983e-10 0.0 
1.3588494487212962e-07 6.22621686635115e-07 2.167699828391631e-09 9.019476619794639e-10 5.720326372001083e-10 0.0 
1.3119446718839773e-07 6.022101583092576e-07 2.0859442921221375e-09 8.684835177821498e-10 5.509445922946494e-10 0.0 
1.2668285942056765e-07 5.825471046312448e-07 2.0075519366990552e-09 8.363845268739416e-10 5.307132738501437e-10 0.0 
1.2234245642965506e-07 5.636012252491144e-07 1.9323712380218755e-09 8.055891933891045e-10 5.113001481492799e-10 0.0 
1.1816584394976506e-07 5.453423861714273e-07 1.8602528952986166e-09 7.7603702269288e-10 4.926673405626005e-10 0.0 
1.1414614062945075e-07 5.277424060581754e-07 1.7910610452030776e-09 7.476729147340879e-10 4.747803280579325e-10 0.0 
1.102767941442703e-07 5.107745439244566e-07 1.7246708650047942e-09 7.204466516611317e-10 4.576076606464627e-10 0.0 
1.0655111692657282e-07 4.944119154133099e-07 1.6609467146090973e-09 6.943037225991621e-10 4.411152699750925e-10 0.0 
1.0296311738604315e-07 4.786303212649281e-07 1.599768048722647e-09 6.691957951985023e-10 4.2527295781168813e-10 0.0 
9.95068735877897e-08 4.6340560353061334e-07 1.5410159051019132e-09 6.450746577907552e-10 4.1005053677757397e-10 0.0 
9.617678866516948e-08 4.487160882080801e-07 1.4845796250739273e-09 6.218965581344457e-10 3.954207882306202e-10 0.0 
9.296785213391087e-08 4.345422347274612e-07 1.4303627877509658e-09 5.996234592803365e-10 3.8136004325187305e-10 0.0 
8.987676899756182e-08 4.2086748024853466e-07 1.3783099620996706e-09 5.782310327253877e-10 3.6785266319463024e-10 0.0 
8.689914282681329e-08 4.076733358798637e-07 1.3283351965876472e-09 5.576841042586694e-10 3.5487655112037603e-10 0.0 
8.403067141491723e-08 3.949418197262132e-07 1.2803534062321635e-09 5.379479237521338e-10 3.4240990328791475e-10 0.0 
8.126707997344825e-08 3.826552987475141e-07 1.2342799560495606e-09 5.189880645936253e-10 3.3043113794208556e-10 0.0 
7.86042573426217e-08 3.7079678070263366e-07 1.190033753286116e-09 5.00771549958789e-10 3.1891958185918165e-10 0.0 
7.603823989698109e-08 3.5934997166792084e-07 1.147536753163043e-09 4.832666872488608e-10 3.0785537131888744e-10 0.0 
7.35648436071825e-08 3.482974537405953e-07 1.1067057024931793e-09 4.664394769139161e-10 2.972171832656064e-10 0.0 
7.11793300229695e-08 3.3761910731598947e-07 1.0674447459959301e-09 4.5025045253579626e-10 2.8698024522715515e-10 0.0 
6.887764388103104e-08 3.272989016999484e-07 1.0296741424851128e-09 4.3466775292650893e-10 2.7712465400683606e-10 0.0 
6.665566151679713e-08 3.173209461653837e-07 9.933131186355726e-10 4.1965940354434727e-10 2.676304710326661e-10 0.0 
6.451027160541545e-08 3.076722780795762e-07 9.583024614838478e-10 4.052013526981925e-10 2.584826068844664e-10 0.0 
6.243850992477783e-08 2.983405193038681e-07 9.245859568841475e-10 3.9127075730789123e-10 2.496667276621019e-10 0.0 
6.043754118148253e-08 2.8931381840509734e-07 8.921100017485431e-10 3.778458362999891e-10 2.411691646897612e-10 0.0 
5.8504652751082804e-08 2.8058082552513085e-07 8.608234703510747e-10 3.6490581613876797e-10 2.329768804362027e-10 0.0 
5.663743366430253e-08 2.7213212625836837e-07 8.306822132640328e-10 3.5243342556481205e-10 2.2507911884714863e-10 0.0 
5.483426101190378e-08 2.6396533502433734e-07 8.016588439763712e-10 3.404212888953938e-10 2.1747175815292072e-10 0.0 
5.30922500252154e-08 2.560651732033648e-07 7.736988683344944e-10 3.288446019044481e-10 2.101388562356794e-10 0.0 
5.1408924697360574e-08 2.484189216814896e-07 7.467577813866718e-10 3.1768347751496325e-10 2.0306766378495217e-10 0.0 
4.978225391589087e-08 2.410180053674218e-07 7.207989535583037e-10 3.069230289119367e-10 1.9624882477418857e-10 0.0 
4.821171106997919e-08 2.3385911702712155e-07 6.958249783654162e-10 2.9656379802185157e-10 1.8968251320543768e-10 0.0 
4.669556679805417e-08 2.2693523660298772e-07 6.718056850612065e-10 2.865938295370987e-10 1.833612451044992e-10 0.0 
4.523170655582508e-08 2.2023834561317265e-07 6.486987948734263e-10 2.769966451352308e-10 1.7727479095947462e-10 0.0 
4.381786281479252e-08 2.1375919314563124e-07 6.264585020729804e-10 2.6775373480037927e-10 1.714115727199047e-10 0.0 
4.2451921244539735e-08 2.0748899038090145e-07 6.050428740123996e-10 2.5884804906019377e-10 1.6576090700347945e-10 0.0 
4.113157941566959e-08 2.01418356686939e-07 5.844066846616372e-10 2.502614439958164e-10 1.6031145038182568e-10 0.0 
3.985486385965839e-08 1.9553909578874344e-07 5.645124018390868e-10 2.419787967735084e-10 1.550537272803105e-10 0.0 
3.8620208921195795e-08 1.8984467291830107e-07 5.453316214968421e-10 2.339887088819337e-10 1.4998060509216448e-10 0.0 
3.7426109755485996e-08 1.8432868569626387e-07 5.268368347538329e-10 2.2627996886010225e-10 1.4508503733271085e-10 0.0 
3.6271117944943645e-08 1.7898478691762158e-07 5.090012198477097e-10 2.1884139243358625e-10 1.4035995041519075e-10 0.0 
3.515384433402918e-08 1.7380703719745446e-07 4.917994661711814e-10 2.11662636720185e-10 1.3579883781560428e-10 0.0 
3.4072954136107284e-08 1.6878973316183605e-07 4.752073358109401e-10 2.047338089351648e-10 1.3139547758363367e-10 0.0 
3.302716789090689e-08 1.6392750094330089e-07 4.5920179056166695e-10 1.9804563484600433e-10 1.2714405147128856e-10 0.0 
3.20152515075187e-08 1.5921515505917506e-07 4.4376061695309236e-10 1.9158916949561034e-10 1.230389474437001e-10 0.0 
3.1036003422284e-08 1.5464752209003522e-07 4.288620843254728e-10 1.8535551140213245e-10 1.1907456208273726e-10 0.0 
3.008838496634878e-08 1.5021998013818055e-07 4.1448734883203583e-10 1.7933686486589615e-10 1.1524597728508366e-10 0.0 
2.9171547567417954e-08 1.4592854170338223e-07 4.006208865832968e-10 1.7352669769545703e-10 1.1154905712626436e-10 0.0 
2.828437144766416e-08 1.4176844035329968e-07 3.8724286071521445e-10 1.6791691789553432e-10 1.0797870959412511e-10 0.0 
2.7425752058795823e-08 1.3773500777867112e-07 3.743338694177533e-10 1.6249963392208917e-10 1.0452997071249896e-10 0.0 
2.6594815376425106e-08 1.3382483701648304e-07 3.6187878914539233e-10 1.572689972908089e-10 1.011991960749539e-10 0.0 
2.5790809729200362e-08 1.300349606473547e-07 3.4986533482399737e-10 1.5222026609143376e-10 9.798342436135788e-11 0.0 
2.501286033920968e-08 1.2636159358159022e-07 3.3827823175578775e-10 1.473471998052604e-10 9.487872255344403e-11 0.0 
2.4260068720099206e-08 1.2280087252821454e-07 3.271013417066194e-10 1.4264319803353768e-10 9.18809356533628e-11 0.0 
