3.752529911038874e-05 0.0001000775102470934 2.444810408539538e-06 1.1980659109680448e-06 7.715476267338291e-07 0.0 
3.696473408501153e-05 9.871988478821657e-05 2.397508676115993e-06 1.1734749265415744e-06 7.554987306661533e-07 0.0 
3.641491991460874e-05 9.738686352579015e-05 2.3512887848814977e-06 1.149472019850694e-06 7.398377308146592e-07 0.0 
3.587577716582286e-05 9.607826014337331e-05 2.30613763121099e-06 1.1260505738101928e-06 7.24560381060896e-07 0.0 
3.534707028915422e-05 9.479355353373713e-05 2.2620272695244458e-06 1.1031946853838933e-06 7.096560428173196e-07 0.0 
3.4828376694380054e-05 9.353183521793448e-05 2.2189124786758592e-06 1.0808785042232915e-06 6.951074542443107e-07 0.0 
3.431959423543312e-05 9.229299297475315e-05 2.176768301447442e-06 1.059087995018922e-06 6.809054994555693e-07 0.0 
3.382050616236128e-05 9.107658499501693e-05 2.1355654252650504e-06 1.0378062428469724e-06 6.670388748993392e-07 0.0 
3.3330889739714374e-05 8.98821506023234e-05 2.0952748992676804e-06 1.0170165453964997e-06 6.534964048016872e-07 0.0 
3.285052885792514e-05 8.870919948222874e-05 2.0558719974226966e-06 9.967046477749593e-07 6.402685172386762e-07 0.0 
3.237923379240218e-05 8.755723880617816e-05 2.0173492508404293e-06 9.76866728626975e-07 6.273525934342108e-07 0.0 
3.191683221705655e-05 8.642584461183406e-05 1.979700667623101e-06 9.575006998275038e-07 6.147473336105786e-07 0.0 
3.146318088775527e-05 8.531472739844656e-05 1.9429086954204764e-06 9.38596674422956e-07 6.024461588046548e-07 0.0 
3.10181528889105e-05 8.422362786693297e-05 1.9069605140873971e-06 9.201473791991903e-07 5.904442121061301e-07 0.0 
3.058139885610614e-05 8.315178841726534e-05 1.8718122872865926e-06 9.021278169216836e-07 5.787248674489542e-07 0.0 
3.0152649464129553e-05 8.209861855157418e-05 1.8374308827594626e-06 8.845191852520322e-07 5.672756167199034e-07 0.0 
2.9731724093306074e-05 8.10637074127603e-05 1.8037959546779761e-06 8.673100133166926e-07 5.560888101704273e-07 0.0 
2.931844678825203e-05 8.004665432199329e-05 1.7708877589750015e-06 8.504891850853861e-07 5.451570379368785e-07 0.0 
2.8912805884619315e-05 7.904760151399592e-05 1.738692527656062e-06 8.340493377190083e-07 5.344756094346365e-07 0.0 
2.8515557173883102e-05 7.806776343653541e-05 1.7073696732175218e-06 8.180804557382734e-07 5.241036651281982e-07 0.0 
2.8126506540956313e-05 7.710664490985936e-05 1.6768958778685808e-06 8.025676046482261e-07 5.140310167036861e-07 0.0 
2.774450061011173e-05 7.616242798999451e-05 1.647047093736368e-06 7.873872650121553e-07 5.041768458542346e-07 0.0 
2.7369368100979024e-05 7.523474401057806e-05 1.617801716925786e-06 7.725274173266085e-07 4.94533172581993e-07 0.0 
2.7000950878063838e-05 7.432320755532277e-05 1.5891449077500114e-06 7.579797531134203e-07 4.850944354757792e-07 0.0 
2.6639087123881474e-05 7.342741914602308e-05 1.5610620743086718e-06 7.437361182310146e-07 4.758551791024764e-07 0.0 
2.6283685184438805e-05 7.254718533136836e-05 1.5335419958088694e-06 7.29790484675548e-07 4.6681147569470073e-07 0.0 
2.5934647465858552e-05 7.168228520496004e-05 1.5065744474851543e-06 7.161372947766206e-07 4.579596727395528e-07 0.0 
2.5591970994682123e-05 7.08326852733489e-05 1.4801623750194492e-06 7.027786546791051e-07 4.493012313674866e-07 0.0 
2.5255600887120712e-05 6.999825286834005e-05 1.4543009333558958e-06 6.897121995328495e-07 4.408346229607011e-07 0.0 
2.4925368336763013e-05 6.917858404209029e-05 1.428973952550615e-06 6.769287893981725e-07 4.325537246994189e-07 0.0 
2.4601109140552682e-05 6.837328522736861e-05 1.4041657778034324e-06 6.644195898043461e-07 4.2445262120002164e-07 0.0 
2.428266842778241e-05 6.758197862702984e-05 1.379862321703395e-06 6.521766304241478e-07 4.1652596640285307e-07 0.0 
2.397047919114784e-05 6.680497508870026e-05 1.356173849060115e-06 6.402575638532386e-07 4.0881090483783853e-07 0.0 
2.366491775828811e-05 6.604341568637132e-05 1.3331067291638938e-06 6.286673494203697e-07 4.0131133195140736e-07 0.0 
2.3366114066401327e-05 6.529850108788497e-05 1.3105975008004352e-06 6.173766190454597e-07 3.940092731023565e-07 0.0 
2.3073452377528924e-05 6.456850414316459e-05 1.2886108817298214e-06 6.063628970674515e-07 3.8688891093875964e-07 0.0 
2.2786025400186723e-05 6.385099637422941e-05 1.2670833945367718e-06 5.955890436341829e-07 3.799251456415426e-07 0.0 
2.250371645331331e-05 6.314574097473523e-05 1.2460020325063927e-06 5.850478661849409e-07 3.7311323537105694e-07 0.0 
2.222647537945279e-05 6.245269280058738e-05 1.2253578991975575e-06 5.747345820941904e-07 3.6645007659088924e-07 0.0 
2.195411894313736e-05 6.177137484014863e-05 1.20513682029278e-06 5.646412049402413e-07 3.599303252144165e-07 0.0 
2.1686592362761333e-05 6.110164222669065e-05 1.185337124279829e-06 5.54767085592145e-07 3.5355356437381274e-07 0.0 
2.142388982846383e-05 6.044349273362427e-05 1.1659602468921535e-06 5.451133894945923e-07 3.4732060210507775e-07 0.0 
2.116587475640735e-05 5.979660913852348e-05 1.146992424893881e-06 5.356724433723097e-07 3.4122633633600266e-07 0.0 
2.091243823477157e-05 5.916077548570724e-05 1.1284201757590255e-06 5.264373235515324e-07 3.3526628643802523e-07 0.0 
2.0663551731311366e-05 5.853594751183899e-05 1.1102385237157668e-06 5.174057481507832e-07 3.294390434004224e-07 0.0 
2.0419139968752875e-05 5.792194638977828e-05 1.0924403498861638e-06 5.085738324889882e-07 3.2374202733644583e-07 0.0 
2.0179134234874302e-05 5.7318607608292885e-05 1.0750195121824449e-06 4.999382986877866e-07 3.1817306761716234e-07 0.0 
1.994343330986025e-05 5.6725703049625295e-05 1.0579646859918089e-06 4.914928633304394e-07 3.1272800347541765e-07 0.0 
1.971198496278951e-05 5.614320845787314e-05 1.0412658362000328e-06 4.832320874782495e-07 3.0740328841237167e-07 0.0 
1.9484777417099464e-05 5.5571209033382265e-05 1.0249164432704485e-06 4.751523722809359e-07 3.0219659100069336e-07 0.0 
1.926172062415726e-05 5.50094765366929e-05 1.008907753254559e-06 4.672487609676732e-07 2.971046078912367e-07 0.0 
1.9042758850045354e-05 5.445781543577373e-05 9.932376857140616e-07 4.5951968617647884e-07 2.92126217651802e-07 0.0 
1.8827860441738033e-05 5.3916064081507465e-05 9.779075262275988e-07 4.5196524445936126e-07 2.8726136399123376e-07 0.0 
1.861694145201543e-05 5.33839901053021e-05 9.629094246290927e-07 4.445809056261804e-07 2.8250701496830697e-07 0.0 
1.8409925359310177e-05 5.2861392134672865e-05 9.482357103166747e-07 4.373622616956613e-07 2.778602242907641e-07 0.0 
1.82066318906148e-05 5.234784440777015e-05 9.338686732952797e-07 4.3029974394771843e-07 2.733147018565619e-07 0.0 
1.800697196734891e-05 5.1843123506095e-05 9.19800752116623e-07 4.2338962833051253e-07 2.688680566674791e-07 0.0 
1.781087175890924e-05 5.1347080812215665e-05 9.060236531449603e-07 4.1662765461090833e-07 2.6451752254866633e-07 0.0 
1.7618184182775598e-05 5.0859540654290166e-05 8.925173516780496e-07 4.100040517414447e-07 2.6025686663895336e-07 0.0 
1.7428848243770322e-05 5.038037756815284e-05 8.79275160559406e-07 4.035152777601927e-07 2.560837720103499e-07 0.0 
1.7242808731349198e-05 4.990945826429221e-05 8.662917048984713e-07 3.9715839187047917e-07 2.5199629426643674e-07 0.0 
1.7060012107915357e-05 4.9446652406852494e-05 8.5356176113965e-07 3.90930537502195e-07 2.4799254515636695e-07 0.0 
1.6880410810918165e-05 4.8991838092099015e-05 8.410805318664806e-07 3.848290727107637e-07 2.4407077694862147e-07 0.0 
1.67039546826492e-05 4.854489209154926e-05 8.288430958577859e-07 3.788513081601478e-07 2.4022921278573527e-07 0.0 
1.6530593219484314e-05 4.810569247134432e-05 8.168445466118797e-07 3.72994572683547e-07 2.364660890944682e-07 0.0 
1.6360320783302843e-05 4.76742436671473e-05 8.050826702537908e-07 3.6725778147859693e-07 2.327807208379723e-07 0.0 
1.619313849043505e-05 4.725058908651545e-05 7.935545040296329e-07 3.6163966066574385e-07 2.2917235094863638e-07 0.0 
1.602889766735935e-05 4.683437287173909e-05 7.822473607518414e-07 3.56133499464993e-07 2.2563658423354278e-07 0.0 
1.586758911693078e-05 4.642567155363046e-05 7.711562856262885e-07 3.5073683006379346e-07 2.2217186564755875e-07 0.0 
1.5709762689024747e-05 4.602632320032116e-05 7.603002872217599e-07 3.454616065773532e-07 2.1878659425831609e-07 0.0 
1.5556012547289428e-05 4.563751292170699e-05 7.497597556620931e-07 3.40350222804978e-07 2.1550815707531787e-07 0.0 
1.5405797507602172e-05 4.525760434964405e-05 7.395037945885434e-07 3.3538414600331945e-07 2.1232393499545018e-07 0.0 
1.525824718573767e-05 4.488452446230055e-05 7.294414841230426e-07 3.305152139767006e-07 2.0920257922886995e-07 0.0 
1.5113396677901116e-05 4.451820408003661e-05 7.195780938690012e-07 3.257454205120983e-07 2.0614527544971855e-07 0.0 
1.4971179946294882e-05 4.415849239152185e-05 7.099075054841767e-07 3.21071535726881e-07 2.0314990427837154e-07 0.0 
1.4831525385859386e-05 4.3805231002394843e-05 7.004230407433307e-07 3.1649007943125075e-07 2.0021418982142938e-07 0.0 
1.469436756766759e-05 4.345827002210743e-05 6.911186471157737e-07 3.119978796139889e-07 1.9733605548186087e-07 0.0 
1.4559626380631866e-05 4.311746809030118e-05 6.819869570250778e-07 3.075912074670877e-07 1.945130812890696e-07 0.0 
1.4427219067988736e-05 4.278275070434374e-05 6.730214800609875e-07 3.0326697296393426e-07 1.9174328933098716e-07 0.0 
1.4297108622580576e-05 4.2454013664714126e-05 6.642209660788455e-07 2.990244688681259e-07 1.890261925335654e-07 0.0 
1.416924935132587e-05 4.21311326417374e-05 6.555817976145876e-07 2.948617191608441e-07 1.8636048214915386e-07 0.0 
1.4043586309388009e-05 4.1813969569489875e-05 6.470999013268474e-07 2.907765780837052e-07 1.8374474624071926e-07 0.0 
1.392011592110428e-05 4.150252527089768e-05 6.38774031475345e-07 2.8676852932001273e-07 1.8117867749800945e-07 0.0 
1.3798961883706383e-05 4.1197141679726814e-05 6.30611644181298e-07 2.8284201154402147e-07 1.7866528915705773e-07 0.0 
1.3680112859016e-05 4.089779553234703e-05 6.226109066785945e-07 2.7899607168790403e-07 1.7620396099308098e-07 0.0 
1.3563533973007636e-05 4.0604402105837525e-05 6.147682297528006e-07 2.75228759248553e-07 1.737934065346955e-07 0.0 
1.344919185786209e-05 4.031687871510858e-05 6.070801347440233e-07 2.7153818385103987e-07 1.7143237917760737e-07 0.0 
1.3337053841568154e-05 4.0035144633483194e-05 5.995432266657287e-07 2.6792250224373363e-07 1.6911966364371732e-07 0.0 
1.3227087540149394e-05 3.975912147744815e-05 5.921541780278846e-07 2.6437991053927007e-07 1.6685407090191283e-07 0.0 
1.3119270624987691e-05 3.9488775380797504e-05 5.84909919889789e-07 2.6090877519613543e-07 1.6463453473354903e-07 0.0 
1.3013762014684409e-05 3.922439477478539e-05 5.778319825298363e-07 2.575196953429281e-07 1.6246780960400587e-07 0.0 
1.2910956080492448e-05 3.896662321504263e-05 5.709742935463352e-07 2.5423882719463987e-07 1.603705089069642e-07 0.0 
1.28103783924126e-05 3.871467028705219e-05 5.642712067624379e-07 2.5103384319461144e-07 1.583220088646375e-07 0.0 
1.271191590282398e-05 3.846835795779057e-05 5.577074894571301e-07 2.478974619882853e-07 1.5631769023492067e-07 0.0 
1.2615529061367594e-05 3.8227586849092614e-05 5.512798260563473e-07 2.448278581013291e-07 1.54356344677626e-07 0.0 
1.2521089190371806e-05 3.7992017968390805e-05 5.449788440316645e-07 2.418201085297582e-07 1.5243475347104384e-07 0.0 
1.2428537549711416e-05 3.7761510851132534e-05 5.387994167913839e-07 2.388715383044267e-07 1.505511720750825e-07 0.0 
1.2337813241260089e-05 3.753593640591268e-05 5.327367382633413e-07 2.359796823506906e-07 1.4870399490000444e-07 0.0 
1.2248886855612728e-05 3.731526650745863e-05 5.267874994587586e-07 2.3314283052610673e-07 1.468921133599212e-07 0.0 
1.2161783018703444e-05 3.709959786561148e-05 5.209524053162545e-07 2.3036153681824843e-07 1.451159275343757e-07 0.0 
1.2076504610098131e-05 3.688895188566508e-05 5.15230863110348e-07 2.2763553133457463e-07 1.4337527131082107e-07 0.0 
1.1993057183469694e-05 3.6683341895116975e-05 5.096221837796066e-07 2.24964358465895e-07 1.4166983705325348e-07 0.0 
1.1911528855554913e-05 3.64829925389219e-05 5.041322943743374e-07 2.2235093273377037e-07 1.4000150730987617e-07 0.0 
1.1832236265365317e-05 3.6289093927866574e-05 4.987718626293247e-07 2.198015328663016e-07 1.3837458982790317e-07 0.0 
1.1755261136613937e-05 3.61020101360796e-05 4.9354161051477e-07 2.17316745088954e-07 1.3678951360343223e-07 0.0 
1.1680405324993309e-05 3.59209925938629e-05 4.884356304093973e-07 2.1489285776078504e-07 1.3524368190986222e-07 0.0 
1.160743423075901e-05 3.5745191606755856e-05 4.834455186004043e-07 2.1252495684224404e-07 1.3373376853789202e-07 0.0 
1.153631731628502e-05 3.5574539994082105e-05 4.785686236056473e-07 2.1021162276964858e-07 1.3225884142546123e-07 0.0 
1.1467031031107167e-05 3.540898718766919e-05 4.738025620581137e-07 2.0795158435233943e-07 1.308180668658009e-07 0.0 
1.1399551313815267e-05 3.524848137476532e-05 4.6914491532735787e-07 2.0574355361983368e-07 1.294106006039906e-07 0.0 
1.1333774338436683e-05 3.509276236400786e-05 4.6458760209268715e-07 2.0358335555406314e-07 1.2803372972688253e-07 0.0 
1.1269626174810088e-05 3.494164681044225e-05 4.6012476076397637e-07 2.0146795158593906e-07 1.2668547724835555e-07 0.0 
1.1207079261216193e-05 3.47950721003118e-05 4.5575385918058585e-07 1.993960032386875e-07 1.2536496697469245e-07 0.0 
1.1146106838632008e-05 3.46529777086554e-05 4.5147242753048903e-07 1.9736620458397503e-07 1.2407134399370208e-07 0.0 
1.1086681300070837e-05 3.451530244576112e-05 4.472778976151477e-07 1.953772122648163e-07 1.2280373117731308e-07 0.0 
1.1028756842611447e-05 3.438195535087152e-05 4.431658888323544e-07 1.9342689524859365e-07 1.215607624160877e-07 0.0 
1.0972299474931418e-05 3.425286538419501e-05 4.3913309339563907e-07 1.9151357840983221e-07 1.2034135361128149e-07 0.0 
1.0917281203627155e-05 3.412797209601008e-05 4.3517676950314757e-07 1.8963583558164546e-07 1.1914457596357067e-07 0.0 
1.0863990241543138e-05 3.400796981726658e-05 4.313217351233721e-07 1.8780631183412477e-07 1.1797858561461676e-07 0.0 
1.0812782233576814e-05 3.389370137689186e-05 4.2759822081348583e-07 1.8603989302430926e-07 1.168529105674972e-07 0.0 
1.0763233300871027e-05 3.378418258001953e-05 4.2396737187944244e-07 1.843169365305708e-07 1.1575492403404766e-07 0.0 
1.07153289998651e-05 3.367939714716269e-05 4.204265309126386e-07 1.8263608312510836e-07 1.1468375477502018e-07 0.0 
1.0669091063564845e-05 3.3579409428870586e-05 4.1697627633067945e-07 1.8099748703958506e-07 1.1363948522892472e-07 0.0 
1.0624584668530531e-05 3.3484422882693876e-05 4.136189376531395e-07 1.7940232559995116e-07 1.1262288952395093e-07 0.0 
1.058188128189449e-05 3.3394664498066136e-05 4.1035702800618434e-07 1.7785189290204033e-07 1.1163482233640752e-07 0.0 
1.0540994249710988e-05 3.3310183232427574e-05 4.07190190960961e-07 1.763458657978789e-07 1.1067505567652183e-07 0.0 
1.050189077622719e-05 3.323095721438779e-05 4.041136725634701e-07 1.7488198454934932e-07 1.0974215299310815e-07 0.0 
1.0464497473744648e-05 3.315691631969001e-05 4.011188953580313e-07 1.734563381392405e-07 1.0883365301917483e-07 0.0 
1.0428787472148596e-05 3.308803110035193e-05 3.982037701322531e-07 1.7206787233820664e-07 1.0794887165155505e-07 0.0 
1.039475215595442e-05 3.302429840963972e-05 3.953680014805249e-07 1.7071634633870133e-07 1.0708763620385566e-07 0.0 
1.0362407711341136e-05 3.296577504112095e-05 3.926120127066849e-07 1.6940184502007536e-07 1.0624998277982385e-07 0.0 
1.033175924246185e-05 3.2912504011915515e-05 3.8993491735110584e-07 1.6812385868914036e-07 1.0543557401237483e-07 0.0 
1.0302784095348778e-05 3.286443085967603e-05 3.8733479422530583e-07 1.6688130838152289e-07 1.0464369455658036e-07 0.0 
1.0275439855682021e-05 3.282143511827113e-05 3.8480900263484944e-07 1.6567272201846775e-07 1.0387336863828966e-07 0.0 
1.0249728474034362e-05 3.278355029964741e-05 3.8235658785366045e-07 1.644975457824019e-07 1.0312422894580278e-07 0.0 
1.022565868405127e-05 3.2750828173905054e-05 3.7997676384297323e-07 1.633553232961811e-07 1.0239597580416004e-07 0.0 
1.0203381060712487e-05 3.272406030810819e-05 3.7767145727205233e-07 1.6224746003304433e-07 1.0168962993277964e-07 0.0 
1.0182958857542812e-05 3.270352423704436e-05 3.754420335231478e-07 1.6117471288344745e-07 1.0100569345850225e-07 0.0 
1.0164344775170278e-05 3.268894454781228e-05 3.732871203564598e-07 1.6013611218272164e-07 1.0034348056199029e-07 0.0 
1.0147463942182595e-05 3.2679934703455176e-05 3.712047902185123e-07 1.591303379616789e-07 9.97020719779112e-08 0.0 
1.0132371591208574e-05 3.26766782252574e-05 3.6919757706148416e-07 1.5815870486307926e-07 9.908232830894392e-08 0.0 
1.0119096140380195e-05 3.2679290292378355e-05 3.672656012066264e-07 1.5722124286595114e-07 9.848427077125955e-08 0.0 
1.01076552625925e-05 3.26878527250867e-05 3.6540843696774036e-07 1.5631765776130176e-07 9.790770132598608e-08 0.0 
1.0098068245284792e-05 3.2702453043264456e-05 3.6362570988210803e-07 1.5544767835665632e-07 9.735243657402401e-08 0.0 
1.0090345794550168e-05 3.272315897000048e-05 3.619163745763168e-07 1.5461074744566772e-07 9.681811664449137e-08 0.0 
1.008491203987002e-05 3.275092316939729e-05 3.6031778189385617e-07 1.5382442783842138e-07 9.631585232638822e-08 0.0 
1.0081836971420546e-05 3.2785938253544254e-05 3.5883284953539926e-07 1.5308967459415508e-07 9.584619439640634e-08 0.0 
1.0080725886427076e-05 3.282743013919837e-05 3.574231476760915e-07 1.523885891714802e-07 9.539784626676007e-08 0.0 
1.0081593621075297e-05 3.287548295919502e-05 3.5608765829416897e-07 1.51720594919074e-07 9.497043233283849e-08 0.0 
1.0084476296675325e-05 3.293024297278518e-05 3.54826875214502e-07 1.5108581272986371e-07 9.456401700166031e-08 0.0 
1.0089411021193065e-05 3.299185778336901e-05 3.53641262483619e-07 1.5048434654595575e-07 9.41786533154361e-08 0.0 
1.0096393892434853e-05 3.306035139506772e-05 3.5252928435359697e-07 1.4991531993395104e-07 9.381376168998028e-08 0.0 
1.0105391379728167e-05 3.31356533912758e-05 3.514879159515185e-07 1.4937707981547337e-07 9.346825645675115e-08 0.0 
1.0116435799334787e-05 3.321789832289523e-05 3.5051720032311485e-07 1.4886951063188166e-07 9.314204772587089e-08 0.0 
1.012965005030567e-05 3.330737740240005e-05 3.4962427839781367e-07 1.483955826066202e-07 9.283697077794827e-08 0.0 
1.0145165271246177e-05 3.340445350783571e-05 3.4881554689245267e-07 1.4795802244276374e-07 9.255472936206413e-08 0.0 
1.016303023721614e-05 3.350937237100583e-05 3.480903530698771e-07 1.475565148871175e-07 9.229513534379178e-08 0.0 
1.018327992797551e-05 3.3622319772911144e-05 3.4744771127369415e-07 1.4719051323066347e-07 9.205783635675544e-08 0.0 
1.020595435134891e-05 3.374350059038609e-05 3.4688669859469775e-07 1.468594987995654e-07 9.184249819646677e-08 0.0 
1.0231081756116755e-05 3.3873104751851066e-05 3.4640572228209345e-07 1.465626800959975e-07 9.164861820168316e-08 0.0 
1.0258671712904162e-05 3.4011292520650196e-05 3.4600261574094976e-07 1.462990611458071e-07 9.147556985058923e-08 0.0 
1.0288806588361354e-05 3.415838617946291e-05 3.456789771075227e-07 1.4606928778534766e-07 9.132375901122113e-08 0.0 
1.0321622609470424e-05 3.4314900944019344e-05 3.4543819571362284e-07 1.4587498643529227e-07 9.11942461809466e-08 0.0 
1.0357326410093101e-05 3.4481511582282976e-05 3.4528893322314213e-07 1.4572029673988656e-07 9.108968497387798e-08 0.0 
1.0396664747833707e-05 3.4660387580620176e-05 3.452723287955697e-07 1.4562520526837774e-07 9.102288611964515e-08 0.0 
1.0439283155649089e-05 3.485056441132366e-05 3.453658699341929e-07 1.4557800950408867e-07 9.098624363687158e-08 0.0 
1.0485053747879593e-05 3.5051779929546965e-05 3.455583881613145e-07 1.4557310030642986e-07 9.097615084071695e-08 0.0 
1.0534123063121193e-05 3.5264743170612404e-05 3.4585281751801956e-07 1.456118509826655e-07 9.099350337663709e-08 0.0 
1.0586608480567402e-05 3.549001640113981e-05 3.4625141305308944e-07 1.456951912400936e-07 9.103888897753067e-08 0.0 
1.0642584654438114e-05 3.5727779488916656e-05 3.4675595964455805e-07 1.4582355275584044e-07 9.111252146034181e-08 0.0 
1.070215713524463e-05 3.597823249561373e-05 3.4737024054088405e-07 1.4599838398123896e-07 9.12152755409968e-08 0.0 
1.076546816193436e-05 3.624194337653893e-05 3.4809709312964045e-07 1.4622093745948362e-07 9.134795368849769e-08 0.0 
1.0832651518161285e-05 3.651943001132327e-05 3.489390368111718e-07 1.4649215152659673e-07 9.151113203015797e-08 0.0 
1.0903844056507029e-05 3.6811210639313375e-05 3.4989870600704254e-07 1.4681298135533534e-07 9.17053913194408e-08 0.0 
1.097919899892301e-05 3.711784756513245e-05 3.5097952001533526e-07 1.4718471198216635e-07 9.193151753850979e-08 0.0 
1.1058880038767863e-05 3.7439939852944045e-05 3.5218524249110905e-07 1.476087710933169e-07 9.21903853833568e-08 0.0 
1.114306112909724e-05 3.7778125510477835e-05 3.535205046316184e-07 1.480869926568469e-07 9.248312611335056e-08 0.0 
1.1231922918592295e-05 3.813307930647307e-05 3.5498946534338085e-07 1.4862097626548637e-07 9.281072282718067e-08 0.0 
1.1325665987838316e-05 3.850555612251913e-05 3.5659644755422e-07 1.4921242234883768e-07 9.317423072275242e-08 0.0 
1.1424558249536815e-05 3.889656596050253e-05 3.5834787980441206e-07 1.4986422288961918e-07 9.357550434371086e-08 0.0 
1.1528808092109042e-05 3.930695607035998e-05 3.6024742723676005e-07 1.5057786878249066e-07 9.401548268425034e-08 0.0 
1.1638647959919967e-05 3.973762717685903e-05 3.6229970014639724e-07 1.513551606792442e-07 9.449528345806038e-08 0.0 
1.1754375935133898e-05 4.0189640020110814e-05 3.645137595309296e-07 1.5219985398910565e-07 9.501724532488058e-08 0.0 
1.1876353926591528e-05 4.066421611560199e-05 3.6690274381576905e-07 1.5311747028032242e-07 9.558480703592114e-08 0.0 
1.2004931409351337e-05 4.1162612380082526e-05 3.6947553365105175e-07 1.5411159586510605e-07 9.620019805920598e-08 0.0 
1.2140470374593717e-05 4.168613388547049e-05 3.7224141919359967e-07 1.5518596648841723e-07 9.68657380567534e-08 0.0 
1.2283347893621274e-05 4.2236144933412094e-05 3.752101700411411e-07 1.5634449955253491e-07 9.758385733172791e-08 0.0 
1.2433963844878286e-05 4.28141045347264e-05 3.7839199427177414e-07 1.5759128489172312e-07 9.835709317086276e-08 0.0 
1.2592749172844177e-05 4.3421586689869636e-05 3.817979003396653e-07 1.5893074060620623e-07 9.918818783933329e-08 0.0 
1.2760086049419336e-05 4.406019171038003e-05 3.8543310933120484e-07 1.6036495135826773e-07 1.000784646868069e-07 0.0 
1.2936288667732593e-05 4.47313113537986e-05 3.8929928657317627e-07 1.6189431193324848e-07 1.0102816717998612e-07 0.0 
1.3121785534804622e-05 4.543657139420873e-05 3.9340549000748436e-07 1.6352220190103473e-07 1.0203936549647275e-07 0.0 
1.3317114589027663e-05 4.6177999966324915e-05 3.97764246841632e-07 1.6525362503978767e-07 1.0311516959744066e-07 0.0 
1.3522857401177985e-05 4.6957787457678624e-05 4.023891120636343e-07 1.6709399603497742e-07 1.0425894475065124e-07 0.0 
1.3739643539248046e-05 4.777830793938005e-05 4.0729477394621573e-07 1.6904918758689336e-07 1.0547434171125455e-07 0.0 
1.3968327264517534e-05 4.864258397115612e-05 4.1250817564292043e-07 1.7113067106138977e-07 1.0676854608017426e-07 0.0 
1.4210510999407738e-05 4.955565087725117e-05 4.181007604478128e-07 1.7337011449054374e-07 1.0816146579623751e-07 0.0 
1.4466478885698344e-05 5.051935563248919e-05 4.2405755810319697e-07 1.757596380782895e-07 1.0964807944500606e-07 0.0 
1.4736841391627279e-05 5.153653143070263e-05 4.303801895506778e-07 1.782993449310256e-07 1.1122846901657936e-07 0.0 
1.502259292773938e-05 5.261085670187086e-05 4.370928212708662e-07 1.8099903689478098e-07 1.1290874131633387e-07 0.0 
1.5324794377071058e-05 5.3746181951318084e-05 4.4422125203890304e-07 1.8386903576710624e-07 1.1469530355926057e-07 0.0 
1.564465510379418e-05 5.494695926149175e-05 4.517965446189672e-07 1.8692195631479737e-07 1.1659600800570789e-07 0.0 
1.5983523092407513e-05 5.621802927492257e-05 4.598547230348235e-07 1.9017236472741494e-07 1.1861990493273219e-07 0.0 
1.634280987886278e-05 5.7564682936795345e-05 4.6843033041406846e-07 1.9363424966125856e-07 1.2077570759163885e-07 0.0 
1.6724062413722798e-05 5.8992702013235026e-05 4.775610918075853e-07 1.97322870046146e-07 1.2307291664300872e-07 0.0 
1.7128992769094488e-05 6.050847717649359e-05 4.872890098389358e-07 2.012552575483557e-07 1.255221413665129e-07 0.0 
1.756039536323693e-05 6.212217341854996e-05 4.976964645764075e-07 2.054683424423531e-07 1.2814684024116372e-07 0.0 
1.8020317371482675e-05 6.384144148039283e-05 5.088333696645004e-07 2.0998187972507936e-07 1.3095923779616572e-07 0.0 
1.8510335404723347e-05 6.567240655059583e-05 5.207271751010348e-07 2.1480452372100325e-07 1.3396442618749726e-07 0.0 
1.903300178884045e-05 6.762461234303243e-05 5.334401695430129e-07 2.199615185979755e-07 1.371781311631557e-07 0.0 
1.9591177911630922e-05 6.970875278112706e-05 5.470425120026829e-07 2.2548136517494018e-07 1.40618114691503e-07 0.0 
2.0188052306193784e-05 7.193674750497037e-05 5.616123315547514e-07 2.3139580060083605e-07 1.443041557361395e-07 0.0 
2.082718629886211e-05 7.432191330635133e-05 5.772368314410642e-07 2.3774024615882064e-07 1.4825832930258085e-07 0.0 
2.1512567187116105e-05 7.687916389856615e-05 5.940135741845667e-07 2.4455432841853833e-07 1.525053311874385e-07 0.0 
2.224866348535773e-05 7.962523256287403e-05 6.120517492772984e-07 2.518824215078541e-07 1.570728197469072e-07 0.0 
2.3040538303881013e-05 8.257916114421022e-05 6.3147466361787e-07 2.5977491041822874e-07 1.6199224827657083e-07 0.0 
2.389397477999114e-05 8.576261801761431e-05 6.524244341408657e-07 2.6828995640994995e-07 1.6729993071571188e-07 0.0 
2.4815517559871444e-05 8.920011621700863e-05 6.750622774280424e-07 2.774935582327933e-07 1.730370711921063e-07 0.0 
2.581253083289536e-05 9.291932322814996e-05 6.995673790705615e-07 2.874588552851922e-07 1.7924931601990517e-07 0.0 
2.6893366878967434e-05 9.695162787657402e-05 7.261428281360723e-07 2.982686899054323e-07 1.859883607617248e-07 0.0 
2.8067571506505956e-05 0.00010133288000173817 7.550210585049953e-07 3.100177607357187e-07 1.933132772347014e-07 0.0 
2.9346357792720412e-05 0.0001061048896839158 7.864834803453084e-07 3.2282119270769546e-07 2.012958986627661e-07 0.0 
3.0742373779345906e-05 0.00011131515459284379 8.208386810460813e-07 3.3680489190989185e-07 2.100147895131195e-07 0.0 
3.227016254111192e-05 0.00011701837733660891 8.584391030166819e-07 3.5211247490151095e-07 2.1955955174996623e-07 0.0 
3.3946567257413944e-05 0.00012327794280231547 8.996924497319859e-07 3.689100713098024e-07 2.3003383529867585e-07 0.0 
3.579116942994985e-05 0.00013016760913348705 9.450721401852486e-07 3.873906154515688e-07 2.4155802263015463e-07 0.0 
3.782682838253362e-05 0.00013777353193809635 9.951310282429618e-07 4.077794175952019e-07 2.5427269985103646e-07 0.0 
4.0080783608377394e-05 0.0001461970106461532 1.0505498293728075e-06 4.3035321903231755e-07 2.6835031057583206e-07 0.0 
4.258480964031749e-05 0.00015555704820974337 1.1121058388413321e-06 4.5542823770274867e-07 2.839880226948497e-07 0.0 
4.5376123994490254e-05 0.0001659938588025205 1.1806954357034772e-06 4.833692643732409e-07 3.0141339285207064e-07 0.0 
4.849861350452352e-05 0.00017767331770265262 1.257371856759272e-06 5.146049432103535e-07 3.208938333123708e-07 0.0 
5.200482491808376e-05 0.00019079381621726137 1.3433957225147877e-06 5.496482583131594e-07 3.427493696070868e-07 0.0 
5.595768670964797e-05 0.0002055934976453593 1.4402721855763435e-06 5.89112244897021e-07 3.673625585125433e-07 0.0 
6.04326567263038e-05 0.00022235823540705485 1.5498046720948848e-06 6.337313832747268e-07 3.9519174309836943e-07 0.0 
6.552118521110754e-05 0.00024143360170603102 1.6741823102760885e-06 6.843961498901331e-07 4.267924284992542e-07 0.0 
7.133425042187481e-05 0.0002632392383800578 1.8160569297883683e-06 7.421850859274773e-07 4.6283744648956533e-07 0.0 
7.800702952382598e-05 0.00028828676462330717 1.9786518832591445e-06 8.084090640317522e-07 5.041445913180416e-07 0.0 
8.570473590946118e-05 0.00031720192983314454 2.1658981358123753e-06 8.846663905267498e-07 5.517109780560456e-07 0.0 
9.462987863064749e-05 0.000350752324724642 2.382602650482261e-06 9.729110875497728e-07 6.067556412051917e-07 0.0 
0.0001050317223725923 0.00038988272392334583 2.6346899267077884e-06 1.0755517521273764e-06 6.707811875913074e-07 0.0 
0.0001172168239891125 0.00043575527826244007 2.9294496453265103e-06 1.1955519381810503e-06 7.456363957904807e-07 0.0 
0.00013155924271299546 0.0004897902834829633 3.2757216264543766e-06 1.336502846006159e-06 8.335615797632909e-07 0.0 
0.00014851543522992978 0.0005537197489961884 3.6843541208424067e-06 1.5028217602989355e-06 9.373133838519204e-07 0.0 
0.0001686196745710226 0.0006295734049463641 4.168005897297196e-06 1.6996607329788362e-06 1.0601068353461169e-06 0.0 
0.0001924299411175119 0.0007194880561212469 4.739488952695492e-06 1.932203153525555e-06 1.2051748098352388e-06 0.0 
0.0002204126714764427 0.0008252673736419958 5.409302964156711e-06 2.204706475582417e-06 1.3751753116817668e-06 0.0 
0.00025256202992556844 0.0009469621234457326 6.176239439872876e-06 2.516681982187323e-06 1.5698103046178304e-06 0.0 
0.00028752208519837723 0.0010795506688128654 7.006117560597826e-06 2.854162086233496e-06 1.780367570172251e-06 0.0 
0.00032120509782423317 0.0012077215148067362 7.798937164795849e-06 3.1764069715261864e-06 1.9814365394744052e-06 0.0 
0.00034583017922609066 0.0013021835624098402 8.366752413090162e-06 3.406919715947746e-06 2.1253001299917555e-06 0.0 
0.0003522435003314129 0.0013283001021019948 8.491223100055962e-06 3.456896915392239e-06 2.1565575834265393e-06 0.0 
0.00033646992720936744 0.0012707637532726173 8.081620824171894e-06 3.289528478755556e-06 2.0522330524534295e-06 0.0 
0.0003036663486982327 0.0011486803610904004 7.2671976527997905e-06 2.9575236668790632e-06 1.8451921221968527e-06 0.0 
0.0002636311550751287 0.0009988398217108687 6.286079534969999e-06 2.557834790095304e-06 1.5959073464928694e-06 0.0 
0.00022418422053932565 0.0008507591873815819 5.325958068022474e-06 2.166830755952222e-06 1.352019532902186e-06 0.0 
0.00018911753392436827 0.0007188472972656493 4.476438242223752e-06 1.820943104407484e-06 1.1362601060183996e-06 0.0 
0.0001594113896260352 0.0006069112760248321 3.7594800613196416e-06 1.5290763024387257e-06 9.541888777997343e-07 0.0 
0.00013475763630631558 0.000513874262093495 3.1664260501055227e-06 1.28768314558394e-06 8.035970304156318e-07 0.0 
0.00011443838054624288 0.00043708851570416565 2.679138049827273e-06 1.0893657633906727e-06 6.798724761686864e-07 0.0 
9.769856020144251e-05 0.0003737465218386698 2.2788696674464542e-06 9.264848136066921e-07 5.782516573732639e-07 0.0 
8.387035236905442e-05 0.0003213558660214786 1.9491693164288265e-06 7.923378150409544e-07 4.945547017304547e-07 0.0 
7.239869607200886e-05 0.00027784004421655057 1.6764224617512234e-06 6.813778213251384e-07 4.253219704243226e-07 0.0 
6.283450675739308e-05 0.00024151630634295496 1.4496535354666666e-06 5.89134030174392e-07 3.6776492285333584e-07 0.0 
5.4818227166511096e-05 0.00021103561267496836 1.2601019174524067e-06 5.120386326278019e-07 3.1965818559411465e-07 0.0 
4.806286405556232e-05 0.00018531985651951062 1.100794195585844e-06 4.4725207591444125e-07 2.7923057298930616e-07 0.0 
4.2339301447269926e-05 0.0001635072043170626 9.661788575942644e-07 3.9251397320364983e-07 2.450720882131695e-07 0.0 
3.746425962077394e-05 0.0001449072849029088 8.518284525160569e-07 3.4602171148000974e-07 2.1605821845030957e-07 0.0 
3.3290449434195116e-05 0.00012896495440130318 7.541879304867643e-07 3.0632799670608937e-07 1.9128610880307798e-07 0.0 
2.9699080866407762e-05 0.00011523210926590405 6.703951916939349e-07 2.722677642522583e-07 1.7002895437389137e-07 0.0 
2.6593995494866432e-05 0.00010334567212568998 5.981384633655744e-07 2.4290003498598563e-07 1.5169972123570778e-07 0.0 
2.3897010900620933e-05 9.301015815003856e-05 5.35542401631706e-07 2.1746153585657655e-07 1.3582222111579194e-07 0.0 
2.1544217891512263e-05 8.398383340491713e-05 4.810770094057204e-07 1.9532962817331982e-07 1.220079971072344e-07 0.0 
1.9483175324195564e-05 7.606813293013977e-05 4.33490896980968e-07 1.7599523366577296e-07 1.0993944013579846e-07 0.0 
1.767062213136438e-05 6.909907066144834e-05 3.9175403108144757e-07 1.5903931227402055e-07 9.935510127392024e-08 0.0 
1.6070572311902276e-05 6.294025700614761e-05 3.55008323962589e-07 1.4411267520102818e-07 9.003710856160183e-08 0.0 
1.4653041821150775e-05 5.747796593505768e-05 3.225401608168985e-07 1.3092496022737697e-07 8.180429092364333e-08 0.0 
1.3392931542335731e-05 5.261692677167471e-05 2.937533298785038e-07 1.192336039599933e-07 7.450529854076059e-08 0.0 
1.2269136758378658e-05 4.827697136608153e-05 2.6814744515308995e-07 1.0883505287208306e-07 6.801311993380984e-08 0.0 
1.1263833961357173e-05 4.439034665798602e-05 2.453006982493741e-07 9.955773836837106e-08 6.222069943166147e-08 0.0 
1.0361915293450944e-05 4.089956890710961e-05 2.2485642521383515e-07 9.125660660089137e-08 5.703752329403383e-08 0.0 
9.550521590398231e-06 3.775566841348682e-05 2.0651184168816667e-07 8.380853487058488e-08 5.2386760788623356e-08 0.0 
8.818644295811533e-06 3.491672818581742e-05 1.9000768106289698e-07 7.710811445343834e-08 4.82026380820378e-08 0.0 
8.156970511424417e-06 3.234752515342244e-05 1.7512471200902542e-07 7.106670667681252e-08 4.4429915954400896e-08 0.0 
7.5574663606280885e-06 3.001761457259589e-05 1.6167424759900496e-07 6.560792288580065e-08 4.102096995101295e-08 0.0 
7.012852612217879e-06 2.789876663204212e-05 1.4948615890754192e-07 6.06617909634965e-08 3.7932017310285474e-08 0.0 
6.517251236481758e-06 2.5968509349536255e-05 1.3842496614105926e-07 5.6173666649398194e-08 3.5129000001052475e-08 0.0 
6.065454482036282e-06 2.420695486570985e-05 1.2836973765251223e-07 5.209451754028093e-08 3.2581328524754306e-08 0.0 
5.652494926975172e-06 2.2595076898871432e-05 1.1920203057147017e-07 4.837560278817075e-08 3.025852256611325e-08 0.0 
5.274325256616094e-06 2.1117343457800328e-05 1.1082793954579241e-07 4.497871891528338e-08 2.8136732503555965e-08 0.0 
4.9274006828435256e-06 1.9760196063341974e-05 1.0316519056357353e-07 4.1870475797912964e-08 2.6195124030967197e-08 0.0 
4.608601643077936e-06 1.851169885301161e-05 9.614151833111553e-08 3.902155625751027e-08 2.4415404687162738e-08 0.0 
4.315261171666254e-06 1.736152674836384e-05 8.969716771334306e-08 3.64077163057262e-08 2.2782434157595e-08 0.0 
4.04501818492033e-06 1.630051297975619e-05 8.377926712622706e-08 3.4007442646085514e-08 2.128276946475652e-08 0.0 
3.7956746187334348e-06 1.5320257063063692e-05 7.83362148393882e-08 3.1799783041155955e-08 1.9903338747905864e-08 0.0 
3.5652834556491574e-06 1.4413309896447641e-05 7.332249592561766e-08 2.9766281278872783e-08 1.8632629550405357e-08 0.0 
3.352103452455268e-06 1.3573028270477817e-05 6.869738708761102e-08 2.789042020359486e-08 1.7460339110522213e-08 0.0 
3.1545769241591795e-06 1.2793458528824882e-05 6.442452089887265e-08 2.615744169547807e-08 1.6377260176173183e-08 0.0 
2.9712904315035373e-06 1.2069222372062895e-05 6.04709166248238e-08 2.4553999191169327e-08 1.5375070693803945e-08 0.0 
2.800963323988096e-06 1.1395441032664452e-05 5.680655473951773e-08 2.3067930641936647e-08 1.444618682855073e-08 0.0 
2.6424952546709963e-06 1.0767882555343758e-05 5.3406248479176406e-08 2.1689033254730095e-08 1.3584243048124796e-08 0.0 
2.494897416762376e-06 1.0182726839422832e-05 5.024751643945987e-08 2.0408177597632606e-08 1.2783539359498085e-08 0.0 
2.357275741395772e-06 9.636515777355362e-06 4.7310055485222347e-08 1.9217112758802914e-08 1.2038923276154749e-08 0.0 
2.22882246538278e-06 9.12612336791664e-06 4.4575549262796326e-08 1.8108396154967708e-08 1.134574704933592e-08 0.0 
2.108806567511799e-06 8.64871904107053e-06 4.202744601555266e-08 1.7075303057209164e-08 1.0699811175973076e-08 0.0 
1.9965653980600103e-06 8.201735547030017e-06 3.965076430496422e-08 1.6111747487316727e-08 1.0097315006266516e-08 0.0 
1.8914973369743904e-06 7.782840780659134e-06 3.743192278450372e-08 1.5212212913742617e-08 9.534813469899666e-09 0.0 
1.7930582385067732e-06 7.389919026131296e-06 3.5358746323909724e-08 1.4371752283920484e-08 9.009216257729153e-09 0.0 
1.7007625401024806e-06 7.0210645467994936e-06 3.3420517267397674e-08 1.3586002157830015e-08 8.517795700078117e-09 0.0 
1.6141586357335186e-06 6.674519993577768e-06 3.160709035227196e-08 1.2850840843644396e-08 8.057977401003029e-09 0.0 
1.5328302361343421e-06 6.348667650660602e-06 2.99090864015144e-08 1.2162459265051651e-08 7.627382570905139e-09 0.0 
1.4563963343956268e-06 6.042025835605263e-06 2.8317934653811538e-08 1.151737647019584e-08 7.223837220359331e-09 0.0 
1.3845061808201356e-06 5.753231799567002e-06 2.682574258783854e-08 1.0912388553323934e-08 6.84534065381048e-09 0.0 
1.3168395610808797e-06 5.481042388338988e-06 2.542532311033456e-08 1.0344579598689975e-08 6.490072153087259e-09 0.0 
1.2531090185140457e-06 5.224334750437298e-06 2.4110232594521533e-08 9.811333810585766e-09 6.156397991813241e-09 0.0 
1.1930467380847484e-06 4.982065372275352e-06 2.287448275169518e-08 9.310220835653621e-09 5.842800281411973e-09 0.0 
1.1364012202205896e-06 4.753259770872129e-06 2.1712454297770626e-08 8.838962771562662e-09 5.547856705333234e-09 0.0 
1.0829360976049456e-06 4.537031426772691e-06 2.0618829850230635e-08 8.39543057858883e-09 5.270241842503465e-09 0.0 
1.0324517292825482e-06 4.332667013287859e-06 1.9589116319751753e-08 7.977868563584487e-09 5.0088690457096375e-09 0.0 
9.84734722403034e-07 4.1392776084811405e-06 1.8618584439588983e-08 7.584295581720986e-09 4.76249174387337e-09 0.0 
9.396084705769734e-07 3.956148249085187e-06 1.7703432274518298e-08 7.213154698935946e-09 4.530134573613803e-09 0.0 
8.969106961105855e-07 3.7826443808100524e-06 1.684011216979233e-08 6.863011318606887e-09 4.3109017277293645e-09 0.0 
8.564868260564877e-07 3.6181637440726946e-06 1.6025197195314243e-08 6.532476058914512e-09 4.103925535966466e-09 0.0 
8.18194338243183e-07 3.4621502905725455e-06 1.5255546125552652e-08 6.22027591358802e-09 3.908410965795146e-09 0.0 
7.819031933133068e-07 3.3140919013861707e-06 1.4528361426284382e-08 5.925277282032014e-09 3.7236495353039125e-09 0.0 
7.474940660356005e-07 3.1735253973054603e-06 1.3841019371584029e-08 5.646426073469922e-09 3.5489839559501826e-09 0.0 
7.148829213633017e-07 3.040155805641054e-06 1.3191721268049464e-08 5.383059390176125e-09 3.3840083191241383e-09 0.0 
6.839405459209718e-07 2.9134536690920442e-06 1.2577568963723865e-08 5.133951157590281e-09 3.227950533081772e-09 0.0 
6.545514021679714e-07 2.7929491482706765e-06 1.199598543609666e-08 4.898026339118118e-09 3.080135520156526e-09 0.0 
6.266239197338851e-07 2.6782835216015587e-06 1.1444959882722136e-08 4.674470656868666e-09 2.9400547246143066e-09 0.0 
6.000727877768932e-07 2.5691222665773963e-06 1.0922624033272224e-08 4.46252760660737e-09 2.807235648675787e-09 0.0 
5.74818466160749e-07 2.4651531876667926e-06 1.0427240715551148e-08 4.261493818890359e-09 2.6812389585408737e-09 0.0 
5.507867396376116e-07 2.3660847078076063e-06 9.957193447698003e-09 4.0707148368713125e-09 2.561655850283174e-09 0.0 
5.279083108290127e-07 2.271644307561876e-06 9.510976954663328e-09 3.889581269372541e-09 2.4481056497940316e-09 0.0 
5.061192542638499e-07 2.181578943300786e-06 9.087224200736099e-09 3.7175389088729803e-09 2.340241921604218e-09 0.0 
4.853600455685878e-07 2.09565238089788e-06 8.684667197386716e-09 3.554073625559346e-09 2.237743237228911e-09 0.0 
4.655741793426786e-07 2.0136430264018236e-06 8.302083705280968e-09 3.3986922403503015e-09 2.1403017064977844e-09 0.0 
4.467095848362989e-07 1.9353478810736998e-06 7.938353282922487e-09 3.250945529143361e-09 2.0476372334464365e-09 0.0 
4.2871906572895845e-07 1.8605804207565134e-06 7.592488227600664e-09 3.1104378708147205e-09 1.9595029640168685e-09 0.0 
4.11559992024166e-07 1.7891706682210373e-06 7.263617786742291e-09 2.976819927134182e-09 1.875680674466368e-09 0.0 
3.9518861644677027e-07 1.7209451235956266e-06 6.950805299352154e-09 2.849711319981234e-09 1.7959324996141386e-09 0.0 
3.7956370305691784e-07 1.6557402599455557e-06 6.653168584808182e-09 2.728753855867664e-09 1.7200344595452113e-09 0.0 
3.64646486520432e-07 1.5934022576892566e-06 6.369880244289205e-09 2.613611680169015e-09 1.647776544949614e-09 0.0 
3.504005018401112e-07 1.5337862535435855e-06 6.100163631992984e-09 2.5039695178602123e-09 1.5789615970167543e-09 0.0 
3.367914248298833e-07 1.4767553099365148e-06 5.843292865688136e-09 2.3995324800756086e-09 1.5134051418852055e-09 0.0 
3.237841503112604e-07 1.4221699353895695e-06 5.5985194114917605e-09 2.2999964124305133e-09 1.4509169731487986e-09 0.0 
3.113436494740173e-07 1.369892575234924e-06 5.3650747150710564e-09 2.2050498882380355e-09 1.3913026171116154e-09 0.0 
2.9944133749514827e-07 1.3198092903779237e-06 5.1423566404560804e-09 2.1144490251096332e-09 1.334409590553129e-09 0.0 
2.8805026125753347e-07 1.2718125306402453e-06 4.929799655459872e-09 2.0279647750135827e-09 1.2800946732891201e-09 0.0 
2.771492786697709e-07 1.225817228492555e-06 4.7270265679133655e-09 1.945445924223533e-09 1.2282631790774992e-09 0.0 
2.6672205791692237e-07 1.1817624942436835e-06 4.533786090473152e-09 1.8667974216571396e-09 1.1788561710384598e-09 0.0 
2.5674274094190397e-07 1.1395338638546774e-06 4.349504865587376e-09 1.7917766821440533e-09 1.1317205687435002e-09 0.0 
2.4718740723334704e-07 1.0990340881787817e-06 4.173652405357783e-09 1.7201667137517896e-09 1.0867205551779923e-09 0.0 
2.3803414102612952e-07 1.0601775229891386e-06 4.005745133135133e-09 1.6517724853856165e-09 1.0437344465837317e-09 0.0 
2.2926202155821952e-07 1.022882497707745e-06 3.845323123936891e-09 1.5864087664326411e-09 1.0026466922404718e-09 0.0 
2.2084993423384454e-07 9.87068157315356e-07 3.691923991741027e-09 1.5238913022973661e-09 9.633425804131623e-10 0.0 
2.1278059215434614e-07 9.526653753051997e-07 3.545190084235508e-09 1.464075526364744e-09 9.257317144327571e-10 0.0 
2.0503815026972147e-07 9.196100952973571e-07 3.4047977742751683e-09 1.4068300945521689e-09 8.897318720253262e-10 0.0 
1.9760759829949563e-07 8.878416007960581e-07 3.270441095276097e-09 1.3520308562440769e-09 8.55265333026263e-10 0.0 
1.9047471088433866e-07 8.573023169534621e-07 3.141830661621546e-09 1.2995604129808572e-09 8.22258603151907e-10 0.0 
1.836260010820622e-07 8.279376255829143e-07 3.018692662609047e-09 1.2493077072986724e-09 7.906421566473866e-10 0.0 
1.770490120945999e-07 7.996965207102005e-07 2.900778123260344e-09 1.2011714181515169e-09 7.603524953761181e-10 0.0 
1.707370688473047e-07 7.725597953729853e-07 2.7879699888238095e-09 1.155113931148021e-09 7.313672533173293e-10 0.0 
1.646804344456929e-07 7.464903696665017e-07 2.68007812241971e-09 1.1110610019328157e-09 7.036402473603701e-10 0.0 
1.588635117249041e-07 7.214139698093605e-07 2.5767830185730147e-09 1.0688715985358756e-09 6.770817121422136e-10 0.0 
1.5327522277479288e-07 6.972852640898027e-07 2.477858274362051e-09 1.0284533779952693e-09 6.516337822700441e-10 0.0 
1.4790536484875414e-07 6.740632509382093e-07 2.383096036641025e-09 9.897223146997337e-10 6.272438962322721e-10 0.0 
1.4274425039975697e-07 6.517089512438318e-07 2.2922995004053697e-09 9.525988501310118e-10 6.038622830376632e-10 0.0 
1.3778267780734265e-07 6.301852964065229e-07 2.2052822592364844e-09 9.170076324800509e-10 5.814418001781646e-10 0.0 
1.330119039550456e-07 6.094570210068781e-07 2.1218676878949896e-09 8.828772628327159e-10 5.599377744516236e-10 0.0 
1.284236325317924e-07 5.89491011729626e-07 2.04188897092496e-09 8.501407626637237e-10 5.393083549455975e-10 0.0 
1.2401016155718498e-07 5.702563781742091e-07 1.965197450457205e-09 8.187385455536128e-10 5.195162809224429e-10 0.0 
1.1976401053845916e-07 5.517225789696209e-07 1.8916452102995413e-09 7.886105809642611e-10 5.005239373057741e-10 0.0 
1.1567794279591275e-07 5.33860207057168e-07 1.8210864775580323e-09 7.596978049864357e-10 4.822943457366e-10 0.0 
1.1174524170155845e-07 5.166417599988065e-07 1.7533886031027332e-09 7.319464221829076e-10 4.647938010169473e-10 0.0 
1.0795951122473978e-07 5.000411390423252e-07 1.6884297182145808e-09 7.053074052471805e-10 4.4799159920685075e-10 0.0 
1.0431422152788868e-07 4.840320991492503e-07 1.6260773382088967e-09 6.797275135395555e-10 4.3185446641506185e-10 0.0 
1.0080352281990148e-07 4.6859101846084694e-07 1.5662137315552596e-09 6.55159545190805e-10 4.163529113186048e-10 0.0 
9.742163230028217e-08 4.536943104837186e-07 1.5087226941208386e-09 6.315564073658124e-10 4.014574474970248e-10 0.0 
9.416308429732647e-08 4.393208158572113e-07 1.4534961303675247e-09 6.088753646721196e-10 3.8714148969451614e-10 0.0 
9.102298620808359e-08 4.254514596718468e-07 1.400439865367624e-09 5.870792696503375e-10 3.7338192323270014e-10 0.0 
8.799812411242337e-08 4.1207007857081765e-07 1.3494998400462357e-09 5.661443898216102e-10 3.6016349151380417e-10 0.0 
8.508420488062784e-08 3.991586198078882e-07 1.3005920986977212e-09 5.460363678327939e-10 3.4746461092737583e-10 0.0 
8.227702682776495e-08 3.866995235662767e-07 1.2536335192434835e-09 5.26721255487222e-10 3.352639811172491e-10 0.0 
7.957241435474187e-08 3.746755683480782e-07 1.2085414062649246e-09 5.081654156488325e-10 3.2354051549284467e-10 0.0 
7.69663513630064e-08 3.63070157035999e-07 1.1652365195825066e-09 4.903366253767218e-10 3.1227401367858357e-10 0.0 
7.445496554637103e-08 3.5186737342645736e-07 1.123642591275725e-09 4.732039142119014e-10 3.01445064800023e-10 0.0 
7.203416815514606e-08 3.410501980540101e-07 1.08367824197457e-09 4.567340480863723e-10 2.910328260820782e-10 0.0 
6.969932694122413e-08 3.305989633325109e-07 1.0452497411373055e-09 4.408884351891832e-10 2.810130741964852e-10 0.0 
6.74464780426963e-08 3.2049800301211765e-07 1.0082791262518753e-09 4.2563592629814565e-10 2.713663510099302e-10 0.0 
6.527159008159083e-08 3.1073178565643115e-07 9.726874143574379e-10 4.109452572444806e-10 2.6207316126995573e-10 0.0 
6.317162250174458e-08 3.012876450396903e-07 9.38416726171893e-10 3.9679291855801565e-10 2.5311875590128704e-10 0.0 
6.1143678368542e-08 2.921534854511363e-07 9.054121113877959e-10 3.8315658118674244e-10 2.4448912371099166e-10 0.0 
5.9184986603081806e-08 2.833177252366684e-07 8.736211695372776e-10 3.700149531702274e-10 2.3617090311441514e-10 0.0 
5.72928958806158e-08 2.7476927230998597e-07 8.429939195941174e-10 3.5734772651461186e-10 2.281513488969169e-10 0.0 
5.546504993796761e-08 2.664989284584022e-07 8.134872062665415e-10 3.45138020486364e-10 2.2041994850755295e-10 0.0 
5.369986394998616e-08 2.585043775224815e-07 7.850742848520401e-10 3.333786429679297e-10 2.1297268502097713e-10 0.0 
5.199451706199013e-08 2.507706759722338e-07 7.577018591253166e-10 3.220453320586819e-10 2.0579396458297868e-10 0.0 
5.034658842431495e-08 2.432853853912254e-07 7.313264101614761e-10 3.1111863902250593e-10 1.9887131865533648e-10 0.0 
4.875409261664461e-08 2.3604012448302513e-07 7.0591212699383e-10 3.005840100743627e-10 1.9219560060381668e-10 0.0 
4.721651742336019e-08 2.2903167001652337e-07 6.814616079767929e-10 2.904420000002538e-10 1.8576699603794812e-10 0.0 
4.573217252485485e-08 2.2225316175148173e-07 6.579453608556311e-10 2.806809232111249e-10 1.7957818996180764e-10 0.0 
4.4298990152082074e-08 2.1569676070908601e-07 6.353220314589696e-10 2.7128466292261863e-10 1.7361917754482166e-10 0.0 
4.291475249043465e-08 2.0935341998548715e-07 6.135468074791312e-10 2.6223511097664403e-10 1.678786322374108e-10 0.0 
4.157739155689966e-08 2.0321454434544317e-07 5.92578666071474e-10 2.535155881066525e-10 1.6234610274389678e-10 0.0 
4.02846549479141e-08 1.972709580828484e-07 5.723733553241642e-10 2.451083417025236e-10 1.5701049041151338e-10 0.0 
3.903461225857025e-08 1.9151464464921559e-07 5.528941553878179e-10 2.3699857666315257e-10 1.5186252511909815e-10 0.0 
3.782573233740875e-08 1.8593921408087345e-07 5.34113283778089e-10 2.2917514437278015e-10 1.4689523074494798e-10 0.0 
3.6656543445524704e-08 1.8053840543576003e-07 5.160038322595981e-10 2.216270783955821e-10 1.4210171487357836e-10 0.0 
3.552562897299396e-08 1.7530601120233974e-07 4.98539563233064e-10 2.1434343795476192e-10 1.374750579332729e-10 0.0 
3.443163022435908e-08 1.7023622272901558e-07 4.816957169780552e-10 2.0731410545252951e-10 1.330088951780333e-10 0.0 
3.3373241634556596e-08 1.653234619886401e-07 4.654485823675539e-10 2.0052940329262585e-10 1.286971400530686e-10 0.0 
3.234921171459844e-08 1.6056247318927605e-07 4.497756214155259e-10 1.93980258935379e-10 1.2453410091482363e-10 0.0 
3.135833330643915e-08 1.559481845852123e-07 4.3465510213781993e-10 1.8765792161937727e-10 1.2051428763424772e-10 0.0 
3.0399431011033817e-08 1.514755358012948e-07 4.200657637580258e-10 1.815536824710132e-10 1.1663221808333596e-10 0.0 
2.947148888866878e-08 1.471400062507115e-07 4.059891715144191e-10 1.756599150630625e-10 1.1288308097836606e-10 0.0 
2.8573677113851483e-08 1.4293769635272735e-07 3.924101411122781e-10 1.6997022998124365e-10 1.0926283080435849e-10 0.0 
2.7704900135729903e-08 1.388639432016865e-07 3.79309262371749e-10 1.6447670943297191e-10 1.0576648521005694e-10 0.0 
2.6864077239829355e-08 1.3491417964537698e-07 3.666675499060257e-10 1.591716314154503e-10 1.0238918690656548e-10 0.0 
2.6050353438866747e-08 1.3108507371303388e-07 3.5447020772597443e-10 1.5404927463252944e-10 9.912737082714995e-11 0.0 
2.5262993527504717e-08 1.273737236925135e-07 3.4270521912734343e-10 1.4910500127314992e-10 9.597814073300883e-11 0.0 
2.4501141651627394e-08 1.237764266647862e-07 3.3135763797561924e-10 1.443327051844249e-10 9.293764831894619e-11 0.0 
2.376391867191507e-08 1.2028940283218406e-07 3.2041167124840153e-10 1.3972592727546443e-10 9.000182757548557e-11 0.0 
