2.792559719091544e-05 7.420833482104169e-05 1.8259902744864282e-06 8.945742389748715e-07 5.760262391339017e-07 0.0 
2.7513422618874794e-05 7.321649290473443e-05 1.7909324304104863e-06 8.76344152941552e-07 5.641292612810974e-07 0.0 
2.7109120934093876e-05 7.224253597208683e-05 1.7566739075745572e-06 8.585486617426751e-07 5.525189186594972e-07 0.0 
2.6712636107973605e-05 7.128633584493898e-05 1.7232051677313427e-06 8.411829727880272e-07 5.411921420558272e-07 0.0 
2.6323796514019585e-05 7.034751629009329e-05 1.6905056124917483e-06 8.242353607334509e-07 5.301410883576376e-07 0.0 
2.5942291391690308e-05 6.94254123800742e-05 1.6585417556062613e-06 8.076866704709639e-07 5.193529661857154e-07 0.0 
2.5568047786035288e-05 6.851995067148148e-05 1.627295161570552e-06 7.915265274792518e-07 5.088210385951824e-07 0.0 
2.520090734760495e-05 6.76308117027121e-05 1.596744157243464e-06 7.757424169558909e-07 4.985369422950442e-07 0.0 
2.484070715807787e-05 6.675766156207018e-05 1.566867332178775e-06 7.603219787197571e-07 4.884924066137209e-07 0.0 
2.4487289422680525e-05 6.590014525385428e-05 1.537646429796463e-06 7.452546800693518e-07 4.786803588998373e-07 0.0 
2.4140517444720832e-05 6.505790890461121e-05 1.50907617018017e-06 7.305378305972194e-07 4.6909895288793013e-07 0.0 
2.3800268546167592e-05 6.423065222937431e-05 1.4811524825995192e-06 7.161700990199843e-07 4.597473710283958e-07 0.0 
2.3466438987943295e-05 6.341816846996082e-05 1.4538624945674637e-06 7.021442306071444e-07 4.5062078568968094e-07 0.0 
2.3138936882366342e-05 6.262027244666413e-05 1.427196830614861e-06 6.884549007434179e-07 4.417156404749134e-07 0.0 
2.2817503568294114e-05 6.183640643504477e-05 1.401122807461581e-06 6.75083466620209e-07 4.330195364526003e-07 0.0 
2.2501940535398777e-05 6.106613814387165e-05 1.3756158020519358e-06 6.620159500581969e-07 4.2452317528390487e-07 0.0 
2.219211595143047e-05 6.030917021191852e-05 1.3506608099801536e-06 6.492438879703955e-07 4.162209132359012e-07 0.0 
2.188790136811428e-05 5.956521258281409e-05 1.326243268683792e-06 6.367590779723649e-07 4.081072828136167e-07 0.0 
2.1589289906419017e-05 5.883437693365757e-05 1.3023530365914233e-06 6.245560945117596e-07 4.001788284935617e-07 0.0 
2.1296851986728195e-05 5.811758198585298e-05 1.2791101899700011e-06 6.127027102459118e-07 3.924800915957895e-07 0.0 
2.1010445723151144e-05 5.741446708168347e-05 1.2564975087013787e-06 6.011878688412034e-07 3.8500352702467217e-07 0.0 
2.0729207168063033e-05 5.672367534100051e-05 1.2343467293655142e-06 5.899188052564212e-07 3.7768844109908263e-07 0.0 
2.0453009795767437e-05 5.604493628046242e-05 1.2126418046974694e-06 5.788865906922452e-07 3.705289064744251e-07 0.0 
2.0181737984129663e-05 5.5377969866680404e-05 1.1913717982388435e-06 5.680850999236835e-07 3.635208232074996e-07 0.0 
1.9915273552180285e-05 5.4722486145153134e-05 1.1705259591550573e-06 5.575083231122611e-07 3.5666017056840453e-07 0.0 
1.9653550589704264e-05 5.4078348635399426e-05 1.1500960470578597e-06 5.471518340806093e-07 3.499440658275377e-07 0.0 
1.9396498692466268e-05 5.3445400213792534e-05 1.1300745562565182e-06 5.370115530485899e-07 3.433698286521869e-07 0.0 
1.9144118837561104e-05 5.282362548388634e-05 1.1104638708429403e-06 5.270891578269776e-07 3.36938621146792e-07 0.0 
1.8896372933810908e-05 5.2212934009970204e-05 1.091260547427488e-06 5.17382980149891e-07 3.306493675051872e-07 0.0 
1.865313705583948e-05 5.161303095351368e-05 1.0724526215672055e-06 5.078862533673087e-07 3.244975345476198e-07 0.0 
1.841429063060674e-05 5.1023628972646186e-05 1.0540285083451914e-06 4.985924360234297e-07 3.184787420139664e-07 0.0 
1.817971999109298e-05 5.044445227617702e-05 1.0359777926218806e-06 4.894956314457609e-07 3.125890343636769e-07 0.0 
1.794975279444028e-05 4.987574188947786e-05 1.018383427571015e-06 4.806392148205478e-07 3.0685635927192114e-07 0.0 
1.7724674340844183e-05 4.9318362313930205e-05 1.0012503996534059e-06 4.720270194332739e-07 3.012837140863129e-07 0.0 
1.750458494223092e-05 4.877322302995627e-05 9.845312412599165e-07 4.636370939851567e-07 2.958576690276829e-07 0.0 
1.7289024626392248e-05 4.8239034602669725e-05 9.681995837408137e-07 4.5545263046889163e-07 2.905663931645668e-07 0.0 
1.7077314236449608e-05 4.771397996231931e-05 9.522078895743645e-07 4.474458085461996e-07 2.853910841023204e-07 0.0 
1.686936788237152e-05 4.719788616393548e-05 9.36546522475168e-07 4.3961129523316725e-07 2.8032822552479683e-07 0.0 
1.6665149479852955e-05 4.6690723692562076e-05 9.212089261883037e-07 4.31945563335502e-07 2.7537552860415816e-07 0.0 
1.646452362427926e-05 4.619214080667459e-05 9.06184600833497e-07 4.244426923277354e-07 2.7052903103348523e-07 0.0 
1.626745151688692e-05 4.570203488570675e-05 8.914724803086609e-07 4.17102297592003e-07 2.657884877156081e-07 0.0 
1.6073931060366473e-05 4.522041005005569e-05 8.770738344016168e-07 4.099253586058609e-07 2.6115457426922524e-07 0.0 
1.5883861440398432e-05 4.474703339045967e-05 8.629784368691626e-07 4.029061700889294e-07 2.5662349679715727e-07 0.0 
1.5697162622156906e-05 4.428174809429869e-05 8.491762659780873e-07 3.9603958848295736e-07 2.5219192774651765e-07 0.0 
1.5513815241115286e-05 4.382452703900222e-05 8.356637173032752e-07 3.893239721378168e-07 2.47858856928741e-07 0.0 
1.533376464459004e-05 4.3375241491708945e-05 8.224355712770118e-07 3.827564711857904e-07 2.436223914118429e-07 0.0 
1.5156961101613673e-05 4.2933773416699646e-05 8.094873444016521e-07 3.7633469324731124e-07 2.394809468136478e-07 0.0 
1.4983330210872147e-05 4.2499956460436826e-05 7.968106245074661e-07 3.700539676493473e-07 2.3543143013760784e-07 0.0 
1.4812833784717721e-05 4.207377499446124e-05 7.843979522067558e-07 3.6391024787825535e-07 2.3147120243655148e-07 0.0 
1.4645463699210773e-05 4.1655294598190765e-05 7.722444865573477e-07 3.5790085769818584e-07 2.275985295122205e-07 0.0 
1.4481153884901813e-05 4.1244348939067114e-05 7.603437287938005e-07 3.520221141134214e-07 2.2381095677707395e-07 0.0 
1.4319863996664904e-05 4.084079616419781e-05 7.486941862612904e-07 3.4627287657954004e-07 2.2010766628497498e-07 0.0 
1.4161571834271565e-05 4.04445198947389e-05 7.37296904767744e-07 3.406532591633293e-07 2.164886431877854e-07 0.0 
1.4006216131151295e-05 4.0055351346753065e-05 7.261460800473792e-07 3.351599066557995e-07 2.1295164140073945e-07 0.0 
1.385374096526552e-05 3.967314408172399e-05 7.15236037112858e-07 3.2978955236150065e-07 2.0949447692797728e-07 0.0 
1.3704011884921842e-05 3.929758162915395e-05 7.045535095048467e-07 3.2453502665406283e-07 2.0611243682252358e-07 0.0 
1.3556963463375916e-05 3.892850065466127e-05 6.940929153181318e-07 3.193935863393219e-07 2.028037612039461e-07 0.0 
1.3412541797938216e-05 3.856579411500301e-05 6.838481248306365e-07 3.1436208368799976e-07 1.9956640667826766e-07 0.0 
1.3270637650758721e-05 3.820933379983863e-05 6.73804172553181e-07 3.0943321803038065e-07 1.9639571677632108e-07 0.0 
1.3131206530959222e-05 3.7859029466617986e-05 6.639561119754378e-07 3.046043683267331e-07 1.9328997707535706e-07 0.0 
1.2994208295685451e-05 3.751478507164095e-05 6.542999813944492e-07 2.998733646778019e-07 1.9024775272638274e-07 0.0 
1.2859604025186852e-05 3.717650672417816e-05 6.448319304588629e-07 2.9523809918955494e-07 1.8726765021109634e-07 0.0 
1.2727359189020082e-05 3.6844106703323316e-05 6.35548422410706e-07 2.906966219261969e-07 1.8434837942474457e-07 0.0 
1.2597437344114664e-05 3.651749628493019e-05 6.264458296557504e-07 2.8624694821878057e-07 1.8148862891617065e-07 0.0 
1.2469801786750657e-05 3.619658766704318e-05 6.175205354537662e-07 2.818871067887901e-07 1.7868709701799807e-07 0.0 
1.2344449703205732e-05 3.5881388498563524e-05 6.087709565373729e-07 2.7761632442912275e-07 1.7594329661472468e-07 0.0 
1.222138320120279e-05 3.557193547662029e-05 6.001949242757554e-07 2.734336750309102e-07 1.7325667968556658e-07 0.0 
1.2100490851518405e-05 3.5267962647870454e-05 5.917828922898552e-07 2.693341086111598e-07 1.7062393894885874e-07 0.0 
1.1981766519723963e-05 3.496952955956967e-05 5.835311787948669e-07 2.6531579100653955e-07 1.6804391892931014e-07 0.0 
1.186562557790547e-05 3.467802428782767e-05 5.754541670641185e-07 2.6138776044571463e-07 1.6552296843967488e-07 0.0 
1.1752521815926152e-05 3.439435341242359e-05 5.676131357380793e-07 2.575823340571658e-07 1.6308196638175083e-07 0.0 
1.1642048655669782e-05 3.411728758278383e-05 5.599848609678678e-07 2.538855703601139e-07 1.607114184923333e-07 0.0 
1.1533547071209073e-05 3.384526025816367e-05 5.525003123414322e-07 2.5026090902832063e-07 1.5838752953595085e-07 0.0 
1.1427044186086248e-05 3.357822216567956e-05 5.451634753970638e-07 2.4670986141930226e-07 1.561111991704911e-07 0.0 
1.1322491367059123e-05 3.331606295125766e-05 5.379698091200082e-07 2.432300283040621e-07 1.5388085282652315e-07 0.0 
1.1219835745817573e-05 3.3058666454773124e-05 5.309143472385061e-07 2.3981882004540694e-07 1.516947968095235e-07 0.0 
1.1119029032265908e-05 3.280592278465607e-05 5.239925878818043e-07 2.3647387569552898e-07 1.4955148530852145e-07 0.0 
1.1020011835472284e-05 3.2557727957387085e-05 5.171990408633036e-07 2.3319241532801813e-07 1.4744911398920192e-07 0.0 
1.0922722568525241e-05 3.231402699273804e-05 5.105288775833492e-07 2.2997213972089078e-07 1.4538621089963586e-07 0.0 
1.0827134300430028e-05 3.20747442668448e-05 5.039812177376941e-07 2.2681254688634772e-07 1.4336242904125927e-07 0.0 
1.0733213495369011e-05 3.1839789011735245e-05 4.975533830259758e-07 2.237121714451027e-07 1.4137679755185847e-07 0.0 
1.064091959534091e-05 3.160905998456202e-05 4.912423486779903e-07 2.2066941864635574e-07 1.3942826685173547e-07 0.0 
1.055025101567376e-05 3.1382561322056455e-05 4.850472362922246e-07 2.1768393078107252e-07 1.3751662598075514e-07 0.0 
1.04613030064518e-05 3.116055667990274e-05 4.789737895610464e-07 2.1475912095728218e-07 1.3564419095496236e-07 0.0 
1.0374068151973007e-05 3.0943032071643916e-05 4.7302068786680226e-07 2.1189430201047133e-07 1.338105147001503e-07 0.0 
1.0288521102251836e-05 3.0729926672323216e-05 4.671852717113107e-07 2.0908802646316777e-07 1.3201464228270668e-07 0.0 
1.0204637617640035e-05 3.0521181155872605e-05 4.614649633083725e-07 2.0633889126630298e-07 1.3025564822123142e-07 0.0 
1.0122393974826794e-05 3.031673763773014e-05 4.5585724686060456e-07 2.0364552825378468e-07 1.2853263021726698e-07 0.0 
1.0041766667221872e-05 3.0116539958670255e-05 4.5035965665901565e-07 2.0100659843217057e-07 1.2684470541695338e-07 0.0 
9.962739714822468e-06 2.9920565291610144e-05 4.449699199350313e-07 1.9842088998834263e-07 1.2519108267958253e-07 0.0 
9.885435254549629e-06 2.9729036118881594e-05 4.3970452522666327e-07 1.9589652044166487e-07 1.235769352524739e-07 0.0 
9.810155446475847e-06 2.9542446956183235e-05 4.34604708820583e-07 1.9345349195280014e-07 1.2201496826211473e-07 0.0 
9.736539638506508e-06 2.9360198488793005e-05 4.2962047637907703e-07 1.91067185561868e-07 1.2048947615217865e-07 0.0 
9.664502767113399e-06 2.9182158423289243e-05 4.247402777996959e-07 1.8873208236137152e-07 1.1899695835916057e-07 0.0 
9.594015804191474e-06 2.9008254312385167e-05 4.199616506047977e-07 1.8644682333099784e-07 1.1753651487598997e-07 0.0 
9.524981724783478e-06 2.883823099801201e-05 4.152775079697349e-07 1.8420768486366232e-07 1.161057110728146e-07 0.0 
9.457356739343084e-06 2.867198444812927e-05 4.106839946506937e-07 1.8201265403594397e-07 1.1470323408337706e-07 0.0 
9.391095555367938e-06 2.850941949455215e-05 4.061775093237166e-07 1.7985988192341273e-07 1.1332787942654359e-07 0.0 
9.326176584494457e-06 2.8350516704837226e-05 4.017555804435942e-07 1.777480890453135e-07 1.119788174269321e-07 0.0 
9.262619584249319e-06 2.8195352560701313e-05 3.9741880257394213e-07 1.756777260991159e-07 1.1065637142903975e-07 0.0 
9.20042778346702e-06 2.8043946537518994e-05 3.931667798805297e-07 1.7364861516039255e-07 1.0936043283492118e-07 0.0 
9.139606242759193e-06 2.7896311548278124e-05 3.8899903073900716e-07 1.7166043066269625e-07 1.0809078122761525e-07 0.0 
9.080222914710792e-06 2.775262137221565e-05 3.849201182881664e-07 1.6971541627670458e-07 1.0684886577767108e-07 0.0 
9.022518972466529e-06 2.761378136536009e-05 3.809382011960535e-07 1.6781836603045468e-07 1.0563797399827876e-07 0.0 
8.96655761355332e-06 2.7480071607766515e-05 3.7705388248271603e-07 1.6596975193643954e-07 1.044584490690532e-07 0.0 
8.912190016649515e-06 2.7350929208365445e-05 3.732627463175456e-07 1.641667916379163e-07 1.0330834291722986e-07 0.0 
8.859239418202038e-06 2.7225712977594117e-05 3.6955847402586273e-07 1.6240578468892164e-07 1.0218514991226635e-07 0.0 
8.807683658117506e-06 2.7104374965580233e-05 3.659391026196973e-07 1.6068567710808644e-07 1.0108817766096072e-07 0.0 
8.757505888874761e-06 2.6986880065867677e-05 3.6240287159841597e-07 1.5900552708451826e-07 1.0001680815545889e-07 0.0 
8.708688856084925e-06 2.687319218286928e-05 3.5894799179666184e-07 1.5736437903058345e-07 9.897041469479174e-08 0.0 
8.661154094003098e-06 2.6763115316126705e-05 3.555683279296302e-07 1.557590614661166e-07 9.794693631318911e-08 0.0 
8.61484599250735e-06 2.6656512216552166e-05 3.522594414179814e-07 1.54187271516628e-07 9.694487451094576e-08 0.0 
8.569744475302315e-06 2.6553338159644083e-05 3.490194446853363e-07 1.5264800884162925e-07 9.596357415120714e-08 0.0 
8.525830062762425e-06 2.645354997767432e-05 3.458464961438578e-07 1.5114029705601483e-07 9.500239575215042e-08 0.0 
8.483082604864133e-06 2.635710394706704e-05 3.4273867678347204e-07 1.496631300068232e-07 9.406068209384542e-08 0.0 
8.441467950866513e-06 2.6263933423938928e-05 3.396926730805053e-07 1.4821489527050524e-07 9.313739954858772e-08 0.0 
8.400960991261542e-06 2.6173987001804222e-05 3.367059923943372e-07 1.467943290204213e-07 9.223173007527215e-08 0.0 
8.361541201571419e-06 2.608722136068871e-05 3.3377657451628704e-07 1.4540035743292642e-07 9.134297411778611e-08 0.0 
8.323431709576289e-06 2.6004174779698883e-05 3.309235949935802e-07 1.440427490020279e-07 9.047743233148621e-08 0.0 
8.286907716628379e-06 2.5925500184295946e-05 3.281704145102057e-07 1.427330062002617e-07 8.964246714230587e-08 0.0 
8.251642786923714e-06 2.58504400700998e-05 3.254871004031136e-07 1.4145599582837654e-07 8.882835028874106e-08 0.0 
8.217626603432101e-06 2.577898445787403e-05 3.228716464182406e-07 1.40210690067512e-07 8.803442291426357e-08 0.0 
8.184876869238932e-06 2.5711185948014627e-05 3.2032454485693346e-07 1.3899722986171568e-07 8.726076270250525e-08 0.0 
8.15344469227908e-06 2.5647204068387687e-05 3.1784763676461326e-07 1.3781654363567923e-07 8.650797965022999e-08 0.0 
8.12338612251935e-06 2.5587216722469697e-05 3.154429086893383e-07 1.3666965170279597e-07 8.577674705171215e-08 0.0 
8.094712611595893e-06 2.5531265204098364e-05 3.1311014437097086e-07 1.3555633271071717e-07 8.506690694321304e-08 0.0 
8.067400147960234e-06 2.5479336363193186e-05 3.108457460675376e-07 1.3447487597859235e-07 8.437737188879123e-08 0.0 
8.041393437484133e-06 2.543137953071918e-05 3.086431701372973e-07 1.3342229809377495e-07 8.37062645476097e-08 0.0 
8.01667325846927e-06 2.5387376338702673e-05 3.0650086891382957e-07 1.323978155956146e-07 8.305307623992208e-08 0.0 
7.993234367983767e-06 2.53473286465182e-05 3.0441866912038436e-07 1.3140126820304864e-07 8.241769008174305e-08 0.0 
7.971090374720667e-06 2.5311283921519743e-05 3.0239694289812124e-07 1.304327427068454e-07 8.180014757106106e-08 0.0 
7.950246408809164e-06 2.5279279149601797e-05 3.004350578741085e-07 1.2949186979021417e-07 8.120020369405532e-08 0.0 
7.930686298238466e-06 2.5251276524380453e-05 2.9853158668441156e-07 1.2857784267379627e-07 8.061732296713114e-08 0.0 
7.91237867264164e-06 2.522718737644513e-05 2.966845476060985e-07 1.2768955151764768e-07 8.005076911166757e-08 0.0 
7.895326234767307e-06 2.5207041323504447e-05 2.948932527777979e-07 1.2682659109519626e-07 7.950027273503982e-08 0.0 
7.879536911912252e-06 2.519088228681015e-05 2.9315714358436054e-07 1.2598863084046104e-07 7.89656162674673e-08 0.0 
7.865126778483645e-06 2.5179318162931274e-05 2.914777295720663e-07 1.2517675945087014e-07 7.844758864021065e-08 0.0 
7.852145809525287e-06 2.5172566744115622e-05 2.8985611116130155e-07 1.2439158185728507e-07 7.794659060160103e-08 0.0 
7.840559612445936e-06 2.5170424086830734e-05 2.8829129355742987e-07 1.2363238227138222e-07 7.746211432035646e-08 0.0 
7.830312541395696e-06 2.517260044469848e-05 2.867818561882661e-07 1.2289817545280353e-07 7.699347219074597e-08 0.0 
7.821448667280217e-06 2.5179242257502762e-05 2.853298106368819e-07 1.2219000148164854e-07 7.654134460578173e-08 0.0 
7.813991378587612e-06 2.5190443306408764e-05 2.839353027986862e-07 1.215079074454981e-07 7.610576316650767e-08 0.0 
7.807955798026717e-06 2.5206271736623748e-05 2.8259805700163863e-07 1.2085169000715972e-07 7.56865900973101e-08 0.0 
7.803358329027225e-06 2.522680022557416e-05 2.8131783731452485e-07 1.202211635698685e-07 7.528369889260642e-08 0.0 
7.800208740112018e-06 2.5252086252513468e-05 2.800938865674703e-07 1.1961592024366581e-07 7.489682588065534e-08 0.0 
7.798838185920274e-06 2.5282875315742346e-05 2.7895529322759386e-07 1.1904963687864508e-07 7.45346235592611e-08 0.0 
7.79930289824665e-06 2.5319322827624306e-05 2.779044108917227e-07 1.1852309505200554e-07 7.419754491802154e-08 0.0 
7.80129772005159e-06 2.5360832472401358e-05 2.76911433159422e-07 1.180224116671984e-07 7.38768277989631e-08 0.0 
7.804835717953797e-06 2.5407474882934e-05 2.759756195438137e-07 1.175471612730094e-07 7.357219471817099e-08 0.0 
7.809946571419148e-06 2.5459368947012733e-05 2.750974104995367e-07 1.1709746289991e-07 7.328371158794269e-08 0.0 
7.816660791421146e-06 2.5516634918114785e-05 2.7427722504328273e-07 1.1667342313260979e-07 7.301143595242512e-08 0.0 
7.824977073564162e-06 2.5579297299789256e-05 2.7351393013314477e-07 1.1627438761969944e-07 7.275493432521706e-08 0.0 
7.834871177700254e-06 2.5647307505695742e-05 2.7280523739749414e-07 1.1589909923025176e-07 7.251338040896435e-08 0.0 
7.846369987275345e-06 2.5720776095322476e-05 2.721512380676084e-07 1.1554749314836061e-07 7.228672008588716e-08 0.0 
7.859570580052528e-06 2.5799935118629064e-05 2.715575198283894e-07 1.1522189393739967e-07 7.20763899091083e-08 0.0 
7.874576528486087e-06 2.588507226216226e-05 2.7102910180432193e-07 1.1492444048153857e-07 7.188372629649815e-08 0.0 
7.891427764455203e-06 2.597638498580574e-05 2.705655489868507e-07 1.1465491805137176e-07 7.170860189074189e-08 0.0 
7.910153657568232e-06 2.6074024847074906e-05 2.7016616966343534e-07 1.1441293329184944e-07 7.155076258917064e-08 0.0 
7.930787529548674e-06 2.617815845610539e-05 2.698303205016164e-07 1.1419811430211196e-07 7.140996817795628e-08 0.0 
7.953353654199072e-06 2.628894114655724e-05 2.695568383569294e-07 1.1400987729507104e-07 7.128584759711542e-08 0.0 
7.977861871547599e-06 2.6406505535485226e-05 2.693441137714805e-07 1.1384747922461992e-07 7.117793329274991e-08 0.0 
8.004378564209846e-06 2.6531110273107303e-05 2.6919345810761664e-07 1.1371145073417619e-07 7.108655861768982e-08 0.0 
8.033012063242626e-06 2.666316429981654e-05 2.6910757651198615e-07 1.136030850945536e-07 7.101256600089663e-08 0.0 
8.063926099676955e-06 2.680320266354796e-05 2.690933035012319e-07 1.1352564465597854e-07 7.095804626173674e-08 0.0 
8.09770664226918e-06 2.6952929152293312e-05 2.691828564523925e-07 1.1349477698570823e-07 7.093302857555017e-08 0.0 
8.13407998611214e-06 2.7111601127641437e-05 2.6935875972488775e-07 1.1350138932732314e-07 7.093160229742945e-08 0.0 
8.172949150541189e-06 2.7279023748040468e-05 2.696123802508044e-07 1.1354113889121619e-07 7.095097440829551e-08 0.0 
8.214431080838702e-06 2.745575707672653e-05 2.699460930039124e-07 1.1361513039222657e-07 7.099186394233011e-08 0.0 
8.25862038665372e-06 2.764224869850554e-05 2.703617521495842e-07 1.1372412733992867e-07 7.105475301551206e-08 0.0 
8.305579167622138e-06 2.783865367214419e-05 2.7086085892898494e-07 1.1386851425286666e-07 7.113983877762637e-08 0.0 
8.355394015066505e-06 2.8045144983513656e-05 2.7144648642766595e-07 1.1404947559973488e-07 7.124783832180079e-08 0.0 
8.408179625398502e-06 2.8262178604543706e-05 2.7212095681686407e-07 1.1426803377165332e-07 7.13794059310021e-08 0.0 
8.464044376979837e-06 2.8490172466901458e-05 2.7288634930023516e-07 1.1452496796199704e-07 7.153502052128147e-08 0.0 
8.523099303367554e-06 2.872954580499799e-05 2.737448383902916e-07 1.1482107283220885e-07 7.171516609321199e-08 0.0 
8.58546842858403e-06 2.8980753060410698e-05 2.746992147782111e-07 1.1515740177234381e-07 7.192048759925824e-08 0.0 
8.651284213435117e-06 2.9244278294376055e-05 2.757525443440231e-07 1.1553512198496902e-07 7.215170075391844e-08 0.0 
8.720687448439035e-06 2.952063702068664e-05 2.7690858148249876e-07 1.1595572246808614e-07 7.240972442961938e-08 0.0 
8.793824444259488e-06 2.9810374468864738e-05 2.781707180566364e-07 1.1642051151895487e-07 7.269536321486534e-08 0.0 
8.870857404246693e-06 3.0114099640177023e-05 2.795424810244248e-07 1.1693087890359513e-07 7.300947968805843e-08 0.0 
8.952001578818272e-06 3.0432622456747403e-05 2.8102905388190924e-07 1.1748915041362737e-07 7.335356418574397e-08 0.0 
9.037426058940564e-06 3.0766627004526597e-05 2.8263346777560664e-07 1.180965597338391e-07 7.372839331127927e-08 0.0 
9.12731911833633e-06 3.111684058167776e-05 2.8435950038322187e-07 1.1875458560081506e-07 7.413488516483329e-08 0.0 
9.22192099691136e-06 3.148411761938779e-05 2.862144370784303e-07 1.1946624699745225e-07 7.457491987483969e-08 0.0 
9.32152260149622e-06 3.186944057243077e-05 2.8820878547908803e-07 1.2023595833021074e-07 7.50512467314988e-08 0.0 
9.426405259935262e-06 3.227382055302964e-05 2.903497124942261e-07 1.210666148574107e-07 7.556566567887455e-08 0.0 
9.536860840931243e-06 3.2698308938530395e-05 2.9264472390889535e-07 1.2196123629210527e-07 7.612005193081903e-08 0.0 
9.653193802130925e-06 3.31440061687441e-05 2.951017210022973e-07 1.229229927627617e-07 7.671637242653852e-08 0.0 
9.77572721748799e-06 3.361208944563863e-05 2.9772896916627476e-07 1.2395519775564063e-07 7.735668304691517e-08 0.0 
9.904809287290096e-06 3.410382881884555e-05 3.005353816105463e-07 1.250614302212021e-07 7.804320539395781e-08 0.0 
1.0040750266876967e-05 3.462051657229997e-05 3.035253212401633e-07 1.2624343349701152e-07 7.877704475110307e-08 0.0 
1.0183807640563304e-05 3.5163283891707514e-05 3.0670036249885445e-07 1.2750162535445715e-07 7.955845937757077e-08 0.0 
1.033432983372053e-05 3.5733449535992305e-05 3.100679264014806e-07 1.2883878419974034e-07 8.038915237278476e-08 0.0 
1.0492752253447753e-05 3.6332651973041734e-05 3.136381849212276e-07 1.3025897446874908e-07 8.127164990277608e-08 0.0 
1.0659545704240316e-05 3.696266120825159e-05 3.1742214476533714e-07 1.3176659430716551e-07 8.220868547121356e-08 0.0 
1.083521993816106e-05 3.7625395964801366e-05 3.2143173309824415e-07 1.3336641360816774e-07 8.320322425054225e-08 0.0 
1.1020463755089389e-05 3.832329238886602e-05 3.256886115385761e-07 1.350676479267391e-07 8.426103816409014e-08 0.0 
1.12165603170287e-05 3.9060386551324494e-05 3.302497555243178e-07 1.3689553872458698e-07 8.539799411477809e-08 0.0 
1.1423749615740976e-05 3.983819016678517e-05 3.351037181047154e-07 1.388440090431076e-07 8.661021653381298e-08 0.0 
1.1642530914259445e-05 4.0659000487001896e-05 3.4025219562032406e-07 1.4091330414316099e-07 8.789787152691032e-08 0.0 
1.187370987347856e-05 4.152579515161679e-05 3.4571480123092e-07 1.4311137922879762e-07 8.926591531344312e-08 0.0 
1.2118146928947594e-05 4.244169667153137e-05 3.515124944535914e-07 1.4544662419399808e-07 9.071955647206296e-08 0.0 
1.2376822018444886e-05 4.3410308808685017e-05 3.576704505403108e-07 1.4792926160575047e-07 9.226515803523713e-08 0.0 
1.265082736142907e-05 4.4435552338164034e-05 3.6421783430829966e-07 1.505710842633766e-07 9.39100472962047e-08 0.0 
1.294130844856097e-05 4.552171389529898e-05 3.7118272235008316e-07 1.533834607301289e-07 9.566130502866699e-08 0.0 
1.3249521284217137e-05 4.667348084210098e-05 3.7859579422373163e-07 1.5637879928219936e-07 9.752665661447864e-08 0.0 
1.3576856390778786e-05 4.7896036171067264e-05 3.8649121179908534e-07 1.59570950307716e-07 9.951472915716355e-08 0.0 
1.3925566965280913e-05 4.919757146909377e-05 3.949352704468645e-07 1.6298959092204804e-07 1.0164436862498782e-07 0.0 
1.429731905987113e-05 5.0584303711670676e-05 4.039686686821639e-07 1.6665084084364813e-07 1.0392555169008777e-07 0.0 
1.4693410194603109e-05 5.206125672602762e-05 4.136143976695773e-07 1.7056205678315537e-07 1.0636262341740512e-07 0.0 
1.5115917895876952e-05 5.3636187623512226e-05 4.2392323371775944e-07 1.7474381473566376e-07 1.0896840078634679e-07 0.0 
1.556717214711116e-05 5.531779200403253e-05 4.349523812591129e-07 1.7921934862067367e-07 1.1175736237821703e-07 0.0 
1.6049770961919442e-05 5.711576828951315e-05 4.467655827923427e-07 1.8401454661405118e-07 1.1474564087048711e-07 0.0 
1.656661807030824e-05 5.904095905247657e-05 4.59434031764866e-07 1.8915832133241382e-07 1.1795125369888448e-07 0.0 
1.712096688028351e-05 6.110551592282705e-05 4.730374365706801e-07 1.9468304124440536e-07 1.2139437186691708e-07 0.0 
1.7716466415478506e-05 6.332308392986439e-05 4.876650787966468e-07 2.0062498220860735e-07 1.250976043693315e-07 0.0 
1.8357253775452245e-05 6.570919868077244e-05 5.034178502887411e-07 2.070253544918288e-07 1.2908667397667587e-07 0.0 
1.904805734617357e-05 6.828155186310998e-05 5.204120748161896e-07 2.1393174457374074e-07 1.333912885479297e-07 0.0 
1.9794233703632114e-05 7.106017876096121e-05 5.387798401495666e-07 2.2139820559579997e-07 1.3804519058872264e-07 0.0 
2.060181786736292e-05 7.406771991248833e-05 5.586681890781854e-07 2.2948473761865557e-07 1.430858221550867e-07 0.0 
2.1477663453478968e-05 7.732989420620629e-05 5.802439950502684e-07 2.3825938973572127e-07 1.4855564314543296e-07 0.0 
2.2429613022932714e-05 8.08761123121179e-05 6.036984696022055e-07 2.4780004517180956e-07 1.545032317352396e-07 0.0 
2.3466885061717104e-05 8.474070464743078e-05 6.292630750218147e-07 2.5820136087889693e-07 1.6098764436487267e-07 0.0 
2.4599899022806635e-05 8.896274356267085e-05 6.571923480156091e-07 2.6956715864285424e-07 1.6807365861282276e-07 0.0 
2.5840656740985697e-05 9.358730616113008e-05 6.877775735199944e-07 2.8201610269667944e-07 1.75835301702525e-07 0.0 
2.7203083585804162e-05 9.866671893679082e-05 7.213563318640893e-07 2.9568571301598794e-07 1.8435836550320765e-07 0.0 
2.8703401565071844e-05 0.0001042619929007438 7.583214191170017e-07 3.107360240223206e-07 1.937426945254283e-07 0.0 
3.0360590605842492e-05 0.00011044455167749228 7.991325570529679e-07 3.2735433923492135e-07 2.041051481381238e-07 0.0 
3.219731190567909e-05 0.00011729858075498573 8.443562405562604e-07 3.457709278689378e-07 2.1558920582091565e-07 0.0 
3.424008202125451e-05 0.00012492326222291228 8.946418829064978e-07 3.662499336996235e-07 2.283595548229891e-07 0.0 
3.652006902576767e-05 0.00013343583934207292 9.5074150267728e-07 3.89097334652846e-07 2.4260704712234036e-07 0.0 
3.907416918627064e-05 0.00014297553110971704 1.0135423070305838e-06 4.1467412810881227e-07 2.585568717572137e-07 0.0 
4.1946730292278156e-05 0.00015370950274615336 1.0841103157571238e-06 4.434140220008969e-07 2.7647957251776057e-07 0.0 
4.519110880969896e-05 0.00016583932510486768 1.163724453808483e-06 4.7583778258246894e-07 2.9670009150975477e-07 0.0 
4.8871637854171134e-05 0.0001796082904164937 1.25392564305614e-06 5.125728301696026e-07 3.196099199079723e-07 0.0 
5.3066754247583576e-05 0.00019531231427071866 1.3565954799804185e-06 5.543844274606744e-07 3.4568640966320744e-07 0.0 
5.7872323102831874e-05 0.0002133132904571823 1.4740298392663835e-06 6.022062142906972e-07 3.755119480739008e-07 0.0 
6.34060822659792e-05 0.00023405607108681768 1.6090430514566886e-06 6.571825814675796e-07 4.098004069845095e-07 0.0 
6.981332196748992e-05 0.00025808998226024556 1.7651011314984016e-06 7.207226551645476e-07 4.4943080515470425e-07 0.0 
7.727413212497996e-05 0.0002860964118264858 1.94649109557413e-06 7.945689925162012e-07 4.954901623454894e-07 0.0 
8.601302208735422e-05 0.00031892480494122137 2.158563806937979e-06 8.808968579675734e-07 5.493354138520668e-07 0.0 
9.63101942610058e-05 0.0003576355576521401 2.408000305248336e-06 9.82422268138814e-07 6.126607925376469e-07 0.0 
0.00010851347866256259 0.00040354693721297044 2.703048253937133e-06 1.1024960637639905e-06 6.8755652821037e-07 0.0 
0.0001230550271234866 0.00045829602734930584 3.0540042394325583e-06 1.2453100238988119e-06 7.766382646692136e-07 0.0 
0.00014045206287391734 0.000523844539076821 3.473156612899143e-06 1.4158647872040817e-06 8.830262638418197e-07 0.0 
0.00016126366030656963 0.0006023276390364527 3.973441145628108e-06 1.6193984599188712e-06 1.0099875539120856e-06 0.0 
0.0001859864255821063 0.00069565720750695 4.566170990154167e-06 1.8605010532192351e-06 1.1603872790414939e-06 0.0 
0.00021470239624552298 0.000804209594295183 5.252347850535492e-06 2.13958225763409e-06 1.3344871182447275e-06 0.0 
0.00024625794429791064 0.0009237244133480457 6.002762448171923e-06 2.4447074463176198e-06 1.5248438360585276e-06 0.0 
0.00027695665712581814 0.001040371361604066 6.726884741110579e-06 2.7390016103434296e-06 1.708459023189568e-06 0.0 
0.0002996365053197762 0.0011272116483712208 7.251593323339193e-06 2.9520131615776926e-06 1.84138894443492e-06 0.0 
0.0003058099886981024 0.0011521552600987368 7.374299745294801e-06 3.001357740990609e-06 1.8722400680578629e-06 0.0 
0.00029176792933082027 0.0011009348694303207 7.010204613327375e-06 2.8526336278985445e-06 1.7795410891692742e-06 0.0 
0.0002622713317250468 0.0009911828075959896 6.2785981293766084e-06 2.554477086477157e-06 1.593616684591199e-06 0.0 
0.00022636746083521536 0.0008568520355906858 5.399334112028046e-06 2.1963827363899328e-06 1.370285265774687e-06 0.0 
0.00019122831246097497 0.0007250002545759913 4.544536990285965e-06 1.8483703530312016e-06 1.1532248251535253e-06 0.0 
0.00016026489850308448 0.0006085831280954507 3.794769255803368e-06 1.5431861986656402e-06 9.628663396791765e-07 0.0 
0.00013428561651794435 0.0005107466750838634 3.167998959747925e-06 1.2881102053079512e-06 8.03755352638706e-07 0.0 
0.00011292833042646852 0.0004302010984499758 2.6544001503799877e-06 1.0791219499669985e-06 6.733873961456527e-07 0.0 
9.547963219186154e-05 0.00036430888956731216 2.2360505263208425e-06 9.089143278158584e-07 5.672067776726602e-07 0.0 
8.121597174072925e-05 0.00031037667385369063 1.8950463459529162e-06 7.701936277605039e-07 4.806654331152244e-07 0.0 
6.95119853029689e-05 0.0002660689913987768 1.6160214666090809e-06 6.567015457034442e-07 4.098605439234608e-07 0.0 
5.985768170054291e-05 0.0002294772660643478 1.3864939389290556e-06 5.633543271734277e-07 3.5162145702134704e-07 0.0 
5.1847143573221014e-05 0.00019908025482505572 1.1965615083489975e-06 4.861197516252547e-07 3.0343327569943685e-07 0.0 
4.5159971516110316e-05 0.00017367583233958254 1.038429956047241e-06 4.2182465482423743e-07 2.63316862764601e-07 0.0 
3.954355467447237e-05 0.000152315178708282 9.059695764842709e-07 3.6797388307835704e-07 2.2971592575569319e-07 0.0 
3.47983369787164e-05 0.0001342478492418112 7.943505933484468e-07 3.2260158834483985e-07 2.0140426114860104e-07 0.0 
3.076610778382802e-05 0.00011887812705605663 6.997547273750851e-07 2.841537162583923e-07 1.7741246912595322e-07 0.0 
2.73206942984423e-05 0.00010573066829357906 6.191391952342243e-07 2.513919493359895e-07 1.5696810536795221e-07 0.0 
2.4360995526386296e-05 9.442429095823801e-05 5.500698873699708e-07 2.233257848472378e-07 1.3945330077536962e-07 0.0 
2.180562127134109e-05 8.46518555810039e-05 4.905912977200439e-07 1.991595322367402e-07 1.2437169257041892e-07 0.0 
1.958870653981211e-05 7.616458587993942e-05 4.391243604065142e-07 1.7825072639231317e-07 1.1132248871664253e-07 0.0 
1.7656627849842166e-05 6.875978890715768e-05 3.9438588133561686e-07 1.6007734533762484e-07 9.998002833245467e-08 0.0 
1.596553598046498e-05 6.227155071125233e-05 3.553298553665342e-07 1.4421400759939847e-07 9.007893863744356e-08 0.0 
1.4479366051311751e-05 5.65632657515577e-05 3.2109782478774454e-07 1.303115928821688e-07 8.140141101198321e-08 0.0 
1.3168197197551748e-05 5.1521618575267604e-05 2.9097650959882695e-07 1.180799395701534e-07 7.37664159510016e-08 0.0 
1.2007155320578595e-05 4.705233931020098e-05 2.6437403097525143e-07 1.072783005873342e-07 6.702375076138939e-08 0.0 
1.097545992133655e-05 4.307661418057388e-05 2.4079683815079956e-07 9.770594741639839e-08 6.104817826271121e-08 0.0 
1.0055667906326532e-05 3.952823955864201e-05 2.198314052065039e-07 8.919471750738815e-08 5.5734777838103375e-08 0.0 
9.233070565461656e-06 3.6351350697323434e-05 2.011296607472576e-07 8.160308217320879e-08 5.099524490274614e-08 0.0 
8.495216951453138e-06 3.3498614665502236e-05 1.8439767158919014e-07 7.48115401421328e-08 4.675501629437131e-08 0.0 
7.831521914015573e-06 3.0929757575815605e-05 1.693861941477295e-07 6.871877424765055e-08 4.2950873226932595e-08 0.0 
7.232933282180966e-06 2.861034278544309e-05 1.558820293481073e-07 6.323813404650101e-08 3.9528751016808925e-08 0.0 
6.6917997572171664e-06 2.6511457556761134e-05 1.437050496944714e-07 5.8296813570958406e-08 3.644328062465641e-08 0.0 
6.201526580359276e-06 2.4608133967246607e-05 1.3270035293409208e-07 5.383212205001086e-08 3.36553805787673e-08 0.0 
5.756143905433701e-06 2.287724238105806e-05 1.2272839462606827e-07 4.9786687327156587e-08 3.1129155209094656e-08 0.0 
5.350833945553751e-06 2.13003825591431e-05 1.1367811705569864e-07 4.61157320938569e-08 2.883669872755488e-08 0.0 
4.981330778978205e-06 1.986127945965203e-05 1.054504441375973e-07 4.277909954263204e-08 2.675296091590051e-08 0.0 
4.643566397913177e-06 1.854436586259383e-05 9.794835550068752e-08 3.973687522991447e-08 2.485298278394293e-08 0.0 
4.334228393642599e-06 1.7336942492963385e-05 9.109497996531935e-08 3.695779585216277e-08 2.3117248887195862e-08 0.0 
4.050416894085385e-06 1.6227928698260522e-05 8.482299584118303e-08 3.441454858402615e-08 2.1528718352311923e-08 0.0 
3.789580864294793e-06 1.5207573722637783e-05 7.907329327222169e-08 3.208316125755695e-08 2.0072434984318537e-08 0.0 
3.5495407047394936e-06 1.4267447374211091e-05 7.379703644673855e-08 2.994382727460243e-08 1.87360306401525e-08 0.0 
3.3283674256772516e-06 1.3400067424631142e-05 6.89510297307699e-08 2.797897632225769e-08 1.7508527034085522e-08 0.0 
3.124265001345203e-06 1.2598577123048334e-05 6.449309327320149e-08 2.617148734496796e-08 1.6379243437005505e-08 0.0 
2.9356429146827525e-06 1.185689779136044e-05 6.03860309810085e-08 2.450628247300763e-08 1.5338775527613475e-08 0.0 
2.761078944986359e-06 1.1169609165358665e-05 5.6596565548677567e-08 2.2969868908547197e-08 1.4378707734642655e-08 0.0 
2.5993009754386467e-06 1.0531854366534223e-05 5.3094982185172805e-08 2.155019207539046e-08 1.3491520131720716e-08 0.0 
2.449154650748452e-06 9.939246002436105e-06 4.985433128520763e-08 2.023634984254772e-08 1.2670415482360953e-08 0.0 
2.3095939823782606e-06 9.387803927005412e-06 4.685007789119043e-08 1.9018405467361535e-08 1.1909198152213403e-08 0.0 
2.179720771240089e-06 8.874077504864378e-06 4.406165269001981e-08 1.7888029541509113e-08 1.1202671899041643e-08 0.0 
2.058727979612588e-06 8.394952241074756e-06 4.147069918852231e-08 1.6837770189796715e-08 1.0546184525409006e-08 0.0 
1.9458859242685006e-06 7.947608888624217e-06 3.9060639906805285e-08 1.586089273643299e-08 9.935530757404726e-09 0.0 
1.840535391501098e-06 7.529499093999444e-06 3.6816520035007995e-08 1.4951322475482993e-08 9.36691738617957e-09 0.0 
1.7420798169115979e-06 7.138315436774877e-06 3.47248257314111e-08 1.4103570706652659e-08 8.836917088509278e-09 0.0 
1.6499784430522434e-06 6.771965206230901e-06 3.2773325289266694e-08 1.3312670086014013e-08 8.342428063023194e-09 0.0 
1.5637403196902867e-06 6.428547398602612e-06 3.095093000645411e-08 1.25741180012226e-08 7.88063867632243e-09 0.0 
1.482921426986616e-06 6.1063374717633795e-06 2.9247700686157216e-08 1.188387720073684e-08 7.4490271652024305e-09 0.0 
1.4071256453482557e-06 5.803782272437574e-06 2.76548912167101e-08 1.1238387986013169e-08 7.045368469406106e-09 0.0 
1.3359844678610955e-06 5.519449374505229e-06 2.6164218725864492e-08 1.0634286339600305e-08 6.667561614082743e-09 0.0 
1.2691581585911158e-06 5.25202001158994e-06 2.4768024246190607e-08 1.0068462757580542e-08 6.313664864915136e-09 0.0 
1.2063357579508885e-06 5.000286244803968e-06 2.3459308420310167e-08 9.538075369584127e-09 5.9819035170633605e-09 0.0 
1.1472309587289066e-06 4.763136949343736e-06 2.2231624546944304e-08 9.040507984894246e-09 5.670644019894942e-09 0.0 
1.091582374912608e-06 4.539558513242047e-06 2.107910195936804e-08 8.573379506239496e-09 5.378399730394882e-09 0.0 
1.0391554011833685e-06 4.328635554456349e-06 1.9996478022790576e-08 8.134554217704357e-09 5.103836880121676e-09 0.0 
9.89731421265126e-07 4.129517228017235e-06 1.897886104191969e-08 7.722047422891664e-09 4.845716027312293e-09 0.0 
9.431050691462499e-07 3.941408765165725e-06 1.8021659131370626e-08 7.333998277040029e-09 4.602875370470287e-09 0.0 
8.990832415371942e-07 3.7635871071170534e-06 1.7120524498728104e-08 6.9686667204890486e-09 4.374231779861976e-09 0.0 
8.575029963744581e-07 3.595471523091388e-06 1.627178637776466e-08 6.6246194944855716e-09 4.1588983600598506e-09 0.0 
8.181898637809633e-07 3.4363356076251663e-06 1.5471575062762314e-08 6.300235589173768e-09 3.955855169708159e-09 0.0 
7.809996568329622e-07 3.2855960826307045e-06 1.4716785421599512e-08 5.99424373626062e-09 3.764305856422391e-09 0.0 
7.457998665820436e-07 3.1427354283592358e-06 1.4004518766357647e-08 5.705472206309263e-09 3.5835188299786745e-09 0.0 
7.124641930052823e-07 3.0072621653009435e-06 1.3331972452171591e-08 5.432785069219254e-09 3.412784768246081e-09 0.0 
6.80876178106595e-07 2.878722507035522e-06 1.2696577524109248e-08 5.175141561496015e-09 3.251453743603138e-09 0.0 
6.509295883486975e-07 2.756698562890202e-06 1.2096047616936293e-08 4.9316155327568856e-09 3.0989469786485032e-09 0.0 
6.225269416462265e-07 2.640812512215817e-06 1.1528237303745522e-08 4.701345481047832e-09 2.9547273483267453e-09 0.0 
5.955999756846049e-07 2.5308258879246e-06 1.0991684448343777e-08 4.483794073172082e-09 2.818466056391664e-09 0.0 
5.70042740257237e-07 2.426304751459667e-06 1.048401005328814e-08 4.2779546016086205e-09 2.6895291403532415e-09 0.0 
5.45760517409097e-07 2.326864143999376e-06 1.0003099071481238e-08 4.082944639061777e-09 2.567362479677136e-09 0.0 
5.226784138048157e-07 2.232211070864271e-06 9.54730503434111e-09 3.898097658697999e-09 2.4515498393705135e-09 0.0 
5.007266453562109e-07 2.142072264227473e-06 9.11509793229731e-09 3.7227943247757036e-09 2.3417044347564953e-09 0.0 
4.798401385958481e-07 2.0561926582798696e-06 8.705054883061452e-09 3.556458707800518e-09 2.2374665704919354e-09 0.0 
4.59958167114837e-07 1.974333997623782e-06 8.315851637075003e-09 3.3985548395068416e-09 2.138501491510269e-09 0.0 
4.410240196329457e-07 1.8962735659208323e-06 7.946254836979788e-09 3.2485835738897713e-09 2.0444974248297014e-09 0.0 
4.2298538671925797e-07 1.8218045650180602e-06 7.595144773659045e-09 3.106091110587467e-09 1.955170727143129e-09 0.0 
4.0579355655669913e-07 1.7507339146210674e-06 7.261482817442086e-09 2.9706564453778345e-09 1.8702582163328735e-09 0.0 
3.8940226727504303e-07 1.682880464753285e-06 6.944267016799117e-09 2.841875440776937e-09 1.7895076213153722e-09 0.0 
3.73768894836319e-07 1.618078324818522e-06 6.642579039202016e-09 2.7193800960985416e-09 1.71268952471244e-09 0.0 
3.5885483344437246e-07 1.556175148523314e-06 6.355610362332441e-09 2.6028467618566524e-09 1.6396020120050863e-09 0.0 
3.4462524330093835e-07 1.4970322072386084e-06 6.082649225728136e-09 2.491990071463665e-09 1.5700668466534865e-09 0.0 
3.310442899119273e-07 1.4405075793006824e-06 5.822927420642672e-09 2.3864981481209056e-09 1.503889019743438e-09 0.0 
3.1807818687159424e-07 1.3864674673045232e-06 5.575721192710871e-09 2.286077210428021e-09 1.440884847224375e-09 0.0 
3.056951658379164e-07 1.3347859932477815e-06 5.340351586487845e-09 2.1904517408350706e-09 1.3808820662390726e-09 0.0 
2.938653376607772e-07 1.2853445855878242e-06 5.116181154910626e-09 2.0993630478940335e-09 1.3237189195882564e-09 0.0 
2.8256056260536527e-07 1.2380311315755883e-06 4.902614058650395e-09 2.012569141098285e-09 1.2692440400228342e-09 0.0 
2.717519988575138e-07 1.1927311846694445e-06 4.699034457158643e-09 1.9298198474908885e-09 1.217300994546563e-09 0.0 
2.6141082123294536e-07 1.1493317285495413e-06 4.504808670885169e-09 1.8508584641269845e-09 1.1677295014197225e-09 0.0 
2.5151357597778625e-07 1.107739413926466e-06 4.319441942021226e-09 1.7754846686671751e-09 1.1204043273161712e-09 0.0 
2.4203814366030374e-07 1.0678661082088396e-06 4.142469501077773e-09 1.7035102882723168e-09 1.0752078245612113e-09 0.0 
2.329672618654161e-07 1.0296424275486488e-06 3.973584416176765e-09 1.6348123530844543e-09 1.0320629974876366e-09 0.0 
2.242876816219207e-07 9.930191404269055e-07 3.812585108625122e-09 1.5693148703419468e-09 9.909227489686462e-10 0.0 
2.1597811886176736e-07 9.579020289718694e-07 3.6589985412985296e-09 1.5068176637703034e-09 9.516607614118508e-10 0.0 
2.0801888136340053e-07 9.242111311474344e-07 3.5123869052773775e-09 1.4471416840792117e-09 9.141649781097299e-10 0.0 
2.0039193143721657e-07 8.918760945785266e-07 3.3723511633788984e-09 1.3901260556020526e-09 8.783350408827676e-10 0.0 
1.930800406863428e-07 8.608297984376601e-07 3.2385115737490853e-09 1.3356179029093275e-09 8.440755981160569e-10 0.0 
1.8606578802901656e-07 8.310056935902264e-07 3.1104856831596424e-09 1.283464916300709e-09 8.11291844879129e-10 0.0 
1.7933495621925483e-07 8.023470222617954e-07 2.9879788664859825e-09 1.2335480527807649e-09 7.799093543280796e-10 0.0 
1.7287452208230344e-07 7.74801211059929e-07 2.8707247493265423e-09 1.1857592378584043e-09 7.49860478755553e-10 0.0 
1.6667214578817495e-07 7.483184171830278e-07 2.7584714321824096e-09 1.1399962915737583e-09 7.21081259280689e-10 0.0 
1.6071613014868347e-07 7.228513667379763e-07 2.6509806081230754e-09 1.0961625679019516e-09 6.935112001599646e-10 0.0 
1.5499538264118864e-07 6.983552038487611e-07 2.5480267404482536e-09 1.054166618748512e-09 6.670930584926822e-10 0.0 
1.4949966292431528e-07 6.747880490865696e-07 2.4494049071552283e-09 1.0139250711920756e-09 6.41774589285869e-10 0.0 
1.4422358897204913e-07 6.521347529120411e-07 2.355021105503971e-09 9.754081279470002e-10 6.175381393780246e-10 0.0 
1.3915919012729562e-07 6.303650858580579e-07 2.2647195778122146e-09 9.385550743992404e-10 5.943459565291482e-10 0.0 
1.3429354131905685e-07 6.094174087328697e-07 2.1782352122128426e-09 9.032487743389885e-10 5.721234738896941e-10 0.0 
1.296175088914141e-07 5.892543920911521e-07 2.0953810089173955e-09 8.694129706242622e-10 5.508229106368139e-10 0.0 
1.2512268430687095e-07 5.698423036429251e-07 2.0159853509635152e-09 8.369783129144332e-10 5.304008913382379e-10 0.0 
1.2080108173519283e-07 5.51149067732997e-07 1.939885702269388e-09 8.058791214626981e-10 5.108163332543635e-10 0.0 
1.166451141081384e-07 5.331441739206401e-07 1.8669280755298755e-09 7.760531739039989e-10 4.920303136766277e-10 0.0 
1.1264757068480953e-07 5.157985892807537e-07 1.7969665262256e-09 7.474414972402192e-10 4.740059394754288e-10 0.0 
1.0880160758517557e-07 4.990850544723765e-07 1.7298631869117398e-09 7.199887667893837e-10 4.5670864777410443e-10 0.0 
1.0510087388253939e-07 4.829781491166314e-07 1.6654953694907346e-09 6.936458371159194e-10 4.4010771212923825e-10 0.0 
1.0153919682238542e-07 4.674527115838541e-07 1.603740826919643e-09 6.683631123782018e-10 4.241720597074558e-10 0.0 
9.811060060593402e-08 4.5248450124547063e-07 1.5444789340932346e-09 6.440917363944662e-10 4.0887110737261825e-10 0.0 
9.480954140864865e-08 4.380508547391059e-07 1.4876000171937133e-09 6.207872479821173e-10 3.941770020029551e-10 0.0 
9.163073838304107e-08 4.24130262732059e-07 1.4330033738501256e-09 5.984091610368321e-10 3.800643927862426e-10 0.0 
8.856878842409867e-08 4.1070105582969085e-07 1.3805791185602158e-09 5.769133427175387e-10 3.665057033346655e-10 0.0 
8.561885765393091e-08 3.977437572451703e-07 1.3302297305909063e-09 5.562607208766593e-10 3.534765270268442e-10 0.0 
8.277616198595535e-08 3.852388902056023e-07 1.281858844411311e-09 5.364122584998269e-10 3.409524253978075e-10 0.0 
8.00361791004782e-08 3.731689996580544e-07 1.2353768222237794e-09 5.173325469951545e-10 3.289113773395602e-10 0.0 
7.739486689423892e-08 3.615183753759237e-07 1.190705725015728e-09 4.989908747573007e-10 3.173342789335567e-10 0.0 
7.484960565071368e-08 3.5027378478031723e-07 1.1478016580799846e-09 4.813679314913046e-10 3.062087080144527e-10 0.0 
7.239685262494688e-08 3.3942035028599517e-07 1.1065951917007404e-09 4.6443531192580064e-10 2.955168221482721e-10 0.0 
7.003313692254647e-08 3.2894358689668657e-07 1.0670174864665079e-09 4.481649084633201e-10 2.8524098793070363e-10 0.0 
6.775500481462645e-08 3.1882927541324177e-07 1.028999968530927e-09 4.325288377030627e-10 2.753637283410003e-10 0.0 
6.555913307775075e-08 3.0906370595273205e-07 9.924769020632572e-10 4.175003776950671e-10 2.658682941149726e-10 0.0 
6.344231596163469e-08 2.996337269998625e-07 9.57384985819239e-10 4.0305383329425963e-10 2.567385832871183e-10 0.0 
6.140115835797089e-08 2.9052522622162944e-07 9.236564670621225e-10 3.891615412009875e-10 2.479572490615597e-10 0.0 
5.943179665896318e-08 2.817218119897124e-07 8.912129617876373e-10 3.7579122883489424e-10 2.395040364666394e-10 0.0 
5.7530931361567305e-08 2.7321047931870095e-07 8.599894151540839e-10 3.62916921745264e-10 2.313627235208253e-10 0.0 
5.5695200338819155e-08 2.649783178683844e-07 8.299198039341131e-10 3.5051250798153494e-10 2.2351703188197447e-10 0.0 
5.3922082063114706e-08 2.570148426967842e-07 8.009560185549404e-10 3.3855845493243016e-10 2.1595470950614948e-10 0.0 
5.2209173754892286e-08 2.4931003939398624e-07 7.730523771724816e-10 3.270362078578796e-10 2.0866411550183531e-10 0.0 
5.0554176437718503e-08 2.4185431679249726e-07 7.461653064740804e-10 3.1592806935274477e-10 2.0163414591224367e-10 0.0 
4.895488992668539e-08 2.3463848688677367e-07 7.202532343080986e-10 3.0521715561501023e-10 1.9485420635753475e-10 0.0 
4.7409362514999295e-08 2.276549621941026e-07 6.95280353064458e-10 2.948894818272359e-10 1.8831559139972826e-10 0.0 
4.591629688488638e-08 2.2090200541189846e-07 6.712247859236922e-10 2.8493929643971697e-10 1.8201511629433194e-10 0.0 
4.4473340906734185e-08 2.143671193477631e-07 6.480420043748831e-10 2.7534629676163205e-10 1.759397285521066e-10 0.0 
4.307848061932448e-08 2.0803992527785534e-07 6.256957692748542e-10 2.660942604465756e-10 1.7007902500547774e-10 0.0 
4.173007048741734e-08 2.0191348885510714e-07 6.041563583616304e-10 2.571711141509825e-10 1.6442541910821326e-10 0.0 
4.0427725951842096e-08 1.9598528856813822e-07 5.834269470418705e-10 2.4857772424518713e-10 1.589793166612142e-10 0.0 
3.9170050252029064e-08 1.902496743092807e-07 5.634831637805761e-10 2.403044479261343e-10 1.5373468328724539e-10 0.0 
3.7955320175078693e-08 1.8470014437411402e-07 5.442904111756149e-10 2.3233782003463558e-10 1.4868316380778622e-10 0.0 
3.6781681668714465e-08 1.7932915431405404e-07 5.258110847210694e-10 2.2466265287135457e-10 1.438152605817538e-10 0.0 
3.564740640467388e-08 1.7412953573627838e-07 5.08010774468416e-10 2.1726496186910522e-10 1.3912221264896932e-10 0.0 
3.4550604923638675e-08 1.6909361041585266e-07 4.908522433868427e-10 2.101298188336077e-10 1.345946894224985e-10 0.0 
3.348966186450632e-08 1.642146855810984e-07 4.743046784281786e-10 2.032448175199569e-10 1.3022491940429974e-10 0.0 
3.246330253692647e-08 1.59487453747909e-07 4.583448981319107e-10 1.9660066299942475e-10 1.260070880291859e-10 0.0 
3.147030134241677e-08 1.549067110429471e-07 4.4295043957619164e-10 1.9018820528178477e-10 1.219354456648365e-10 0.0 
3.050947820223046e-08 1.504672930129713e-07 4.2809938610237104e-10 1.83998306277529e-10 1.18004213326294e-10 0.0 
2.9579700993770064e-08 1.461643685022857e-07 4.137710546959643e-10 1.7802251814697721e-10 1.1420807764010178e-10 0.0 
2.8679881551031753e-08 1.4199329703368887e-07 3.999456325700894e-10 1.7225275833707582e-10 1.10541956191489e-10 0.0 
2.7808976513949913e-08 1.3794970760579392e-07 3.866042850201204e-10 1.6668145170379704e-10 1.0700109800229114e-10 0.0 
2.6965979081748074e-08 1.3402938074340327e-07 3.737288425447832e-10 1.613012884433088e-10 1.0358091823075695e-10 0.0 
2.6149908333574306e-08 1.3022810078411061e-07 3.613015154855013e-10 1.561049846625099e-10 1.0027683258211653e-10 0.0 
2.5359918865524742e-08 1.2654210939774258e-07 3.4930691574342135e-10 1.5108617559220813e-10 9.708482627226701e-11 0.0 
2.459532390955982e-08 1.2296817611632862e-07 3.3773242532763195e-10 1.462395498776943e-10 9.400153650971424e-11 0.0 
2.3855207444702677e-08 1.1950241000265496e-07 3.2656177882437573e-10 1.4155847589088262e-10 9.102279106066571e-11 0.0 
2.3138664900772845e-08 1.1614099677918784e-07 3.157790533194697e-10 1.3703648099615103e-10 8.814451932421116e-11 0.0 
2.2444984700002115e-08 1.1288117966083399e-07 3.053719088787688e-10 1.3266880515943166e-10 8.536375698225131e-11 0.0 
2.177355753030463e-08 1.0972056889867925e-07 2.953303851106432e-10 1.2845161612298876e-10 8.267811239233133e-11 0.0 
2.1123669170661136e-08 1.0665608082940422e-07 2.8564198200882356e-10 1.243798105727852e-10 8.008436992258776e-11 0.0 
2.0494584156023147e-08 1.0368456025035815e-07 2.762934483049575e-10 1.2044797210873362e-10 7.757912068212847e-11 0.0 
