4.662484369671765e-05 0.00012389894434022445 3.0486907963906404e-06 1.493589690568269e-06 9.617389086154714e-07 0.0 
4.5936673095896696e-05 0.0001222429556068941 2.9901578851977396e-06 1.4631525648706416e-06 9.418756008029971e-07 0.0 
4.526164714281297e-05 0.00012061682781304329 2.932959528378883e-06 1.4334410428580051e-06 9.224908619092649e-07 0.0 
4.459967229158251e-05 0.00011902034695119254 2.8770798007853176e-06 1.4044471227759765e-06 9.035795675464875e-07 0.0 
4.395046199297164e-05 0.00011745288485880285 2.8224843111499414e-06 1.3761512278780058e-06 8.851286227792355e-07 0.0 
4.331349739821315e-05 0.00011591333136661255 2.7691171505108554e-06 1.3485213766129138e-06 8.671166709986431e-07 0.0 
4.2688656701025226e-05 0.00011440156385281961 2.716947538774003e-06 1.3215402475808617e-06 8.495324641372242e-07 0.0 
4.2075675519654895e-05 0.00011291704894128092 2.6659392902559884e-06 1.2951869459482348e-06 8.323620387644784e-07 0.0 
4.1474281844117255e-05 0.00011145922912984149 2.6160566578713733e-06 1.2694408350386178e-06 8.155915860881743e-07 0.0 
4.088421221875183e-05 0.00011002751171428836 2.567269160259842e-06 1.2442843293530218e-06 7.992092975420443e-07 0.0 
4.03052384134564e-05 0.00010862130586412574 2.5195679820226354e-06 1.2197129369614737e-06 7.832120905836464e-07 0.0 
3.973715560381875e-05 0.00010724011022070603 2.4729463266294456e-06 1.195724435140539e-06 7.675986002243536e-07 0.0 
3.917979058608454e-05 0.00010588357957859312 2.4273827020530026e-06 1.1723067113229032e-06 7.523607662044327e-07 0.0 
3.8632989943703324e-05 0.00010455140475998103 2.3828614549205052e-06 1.1494508754800552e-06 7.374926507297098e-07 0.0 
3.8096321813561716e-05 0.00010324265458282068 2.3393280169153984e-06 1.1271258014007663e-06 7.229735524257841e-07 0.0 
3.756945476092112e-05 0.00010195660728954494 2.296741277148814e-06 1.1053081509833828e-06 7.087879466973542e-07 0.0 
3.7052168677398374e-05 0.00010069276640301144 2.255076184121611e-06 1.0839837941770678e-06 6.949264107140412e-07 0.0 
3.6544249104527304e-05 9.945064764233338e-05 2.2143084240404985e-06 1.0631390362024449e-06 6.813798158940385e-07 0.0 
3.6045684557011715e-05 9.823043746466179e-05 2.1744210644409955e-06 1.0427648185055203e-06 6.681423928623337e-07 0.0 
3.555742741417032e-05 9.703366977602463e-05 2.135614585804858e-06 1.02297429496205e-06 6.552885082321586e-07 0.0 
3.5079240781965154e-05 9.585974241885429e-05 2.0978602372584208e-06 1.0037490058118618e-06 6.428055646398128e-07 0.0 
3.460968220519316e-05 9.47063899330996e-05 2.0608770845890427e-06 9.849340696564502e-07 6.305922273357987e-07 0.0 
3.4148540435343564e-05 9.35731607171908e-05 2.0246383351299678e-06 9.665145788872182e-07 6.186385999689864e-07 0.0 
3.3695622428596255e-05 9.245958722470828e-05 1.9891257292658318e-06 9.484803067700375e-07 6.069378372350647e-07 0.0 
3.325073086887645e-05 9.136518534484828e-05 1.9543213173005754e-06 9.308212192212111e-07 5.954832260849994e-07 0.0 
3.2813755711859693e-05 9.028972720849621e-05 1.920211341003297e-06 9.135299262527439e-07 5.842699534859246e-07 0.0 
3.238457940996254e-05 8.923295048054479e-05 1.8867832688010816e-06 8.96599616224764e-07 5.732935443287517e-07 0.0 
3.1963203594551834e-05 8.819482945494053e-05 1.8540410811965512e-06 8.800330904261601e-07 5.625559388741496e-07 0.0 
3.154956466823328e-05 8.717521313935736e-05 1.8219790290734792e-06 8.638275635042877e-07 5.520553409458719e-07 0.0 
3.114345572401556e-05 8.617360926857018e-05 1.7905771364836805e-06 8.479717377956657e-07 5.417841819037228e-07 0.0 
3.074467545199974e-05 8.5189538093848e-05 1.759816061139281e-06 8.324546916232314e-07 5.317351484235774e-07 0.0 
3.0353034072644573e-05 8.422253915158568e-05 1.7296784138238281e-06 8.172665798462937e-07 5.219016362971676e-07 0.0 
2.9969078645442745e-05 8.327301486004523e-05 1.7003026939482148e-06 8.024798220899396e-07 5.123303072297936e-07 0.0 
2.959328551032469e-05 8.234240859898717e-05 1.6716972269550173e-06 7.881008184442149e-07 5.0302616562165e-07 0.0 
2.922582214904032e-05 8.143223884560778e-05 1.6437827604708162e-06 7.740929188110829e-07 4.939667889852117e-07 0.0 
2.8865920587598948e-05 8.054035274710995e-05 1.6165152691462556e-06 7.604280603810742e-07 4.851324242843464e-07 0.0 
2.8512446899191722e-05 7.96637165064878e-05 1.5898153838811699e-06 7.470597940517713e-07 4.764916788614352e-07 0.0 
2.816525768100211e-05 7.880204137316888e-05 1.5636670158414517e-06 7.33979215822318e-07 4.6803868184146845e-07 0.0 
2.7824292686329762e-05 7.795527806870066e-05 1.5380592186412887e-06 7.211804366554444e-07 4.597696117756315e-07 0.0 
2.7489325842337376e-05 7.712283932207556e-05 1.5129744615803264e-06 7.086535715853018e-07 4.5167785315846443e-07 0.0 
2.7160292370238873e-05 7.630455379701638e-05 1.488410964684332e-06 6.963979784502311e-07 4.4376299677338975e-07 0.0 
2.6837188768346434e-05 7.550042837297733e-05 1.4643708480031845e-06 6.844152925953121e-07 4.3602617063983815e-07 0.0 
2.6519846716109578e-05 7.471007418243131e-05 1.4408370377035951e-06 6.726959884299495e-07 4.284610404308547e-07 0.0 
2.6208132586618903e-05 7.393322940953093e-05 1.4177928014041076e-06 6.612314782201782e-07 4.210620504323708e-07 0.0 
2.5902014048675933e-05 7.316984877017325e-05 1.3952321211221343e-06 6.500190210512713e-07 4.138275140239113e-07 0.0 
2.560139985363836e-05 7.241971733074398e-05 1.373146282217585e-06 6.39053858756876e-07 4.0675427074816286e-07 0.0 
2.5306206970208084e-05 7.168263801767929e-05 1.3515277989999848e-06 6.283319969972282e-07 3.9983967530551705e-07 0.0 
2.5016311177240787e-05 7.095833308552481e-05 1.3303626264304335e-06 6.178456375720371e-07 3.9307856359940705e-07 0.0 
2.4731648716275218e-05 7.024677644085568e-05 1.309638310244012e-06 6.075880243834893e-07 3.86466529618439e-07 0.0 
2.4452206023504225e-05 6.954807757569412e-05 1.2893467679574452e-06 5.975546891626601e-07 3.8000067792864244e-07 0.0 
2.4177872788744105e-05 6.886195877961269e-05 1.2694771491699043e-06 5.877394827447322e-07 3.736769103272247e-07 0.0 
2.3908581651387396e-05 6.818818321366783e-05 1.250026961730646e-06 5.781405008658515e-07 3.674938611635053e-07 0.0 
2.3644295545720658e-05 6.752655657063045e-05 1.230997951730568e-06 5.687579339730148e-07 3.6145150564689135e-07 0.0 
2.338491218049284e-05 6.687679704722728e-05 1.2123804283121026e-06 5.595861801772583e-07 3.5554609369281196e-07 0.0 
2.313033818773439e-05 6.62386601483133e-05 1.1941649164622068e-06 5.506197853726685e-07 3.497739788809283e-07 0.0 
2.2880349085615982e-05 6.5611617491724e-05 1.1763292663737132e-06 5.418467790826053e-07 3.441272924299718e-07 0.0 
2.2634835637020555e-05 6.499539637281627e-05 1.158864158444381e-06 5.332625812439007e-07 3.386030960267701e-07 0.0 
2.23937078455031e-05 6.438981807116957e-05 1.141759358431707e-06 5.248619363776979e-07 3.33197978001229e-07 0.0 
2.215678332650614e-05 6.37946685255753e-05 1.1249898798120707e-06 5.166326552161336e-07 3.2790416386796803e-07 0.0 
2.192398779763469e-05 6.320979706621014e-05 1.1085474638445994e-06 5.085703616462498e-07 3.2271879121039634e-07 0.0 
2.169525423599601e-05 6.263504333759524e-05 1.0924254960322093e-06 5.006714327835296e-07 3.1763946439093524e-07 0.0 
2.147051766080293e-05 6.207025057887245e-05 1.076617547791522e-06 4.929323492679715e-07 3.126638567781236e-07 0.0 
2.124972041969757e-05 6.151527233037926e-05 1.0611177141176577e-06 4.853498554681563e-07 3.077898144007482e-07 0.0 
2.1032801666981524e-05 6.096996045743383e-05 1.0459199383446555e-06 4.779206377618594e-07 3.0301514764743545e-07 0.0 
2.081970012177351e-05 6.043416836505274e-05 1.031018181928499e-06 4.7064140488364774e-07 2.9833768324190607e-07 0.0 
2.0610411086255905e-05 5.9907908823914557e-05 1.016409801430851e-06 4.6351086587956316e-07 2.9375660789146584e-07 0.0 
2.0404938079502965e-05 5.939124310389645e-05 1.002091176084999e-06 4.565274745093951e-07 2.8927100661538325e-07 0.0 
2.0203095058219342e-05 5.8883727166757566e-05 9.880463671653178e-07 4.4968279927332295e-07 2.8487535754461173e-07 0.0 
2.0004871780304487e-05 5.838546043316451e-05 9.74269227528745e-07 4.4297377783473677e-07 2.8056773148657374e-07 0.0 
1.9810961754959047e-05 5.789876044824314e-05 9.607837716257582e-07 4.364155005065092e-07 2.7635872847966085e-07 0.0 
1.9622122634071358e-05 5.742514084624841e-05 9.476923108595542e-07 4.3006192427490816e-07 2.722832081376605e-07 0.0 
1.9437675590936625e-05 5.696254909172518e-05 9.349560704703092e-07 4.23889772310516e-07 2.683253187480784e-07 0.0 
1.9256520309574468e-05 5.650836967328908e-05 9.224597966229749e-07 4.1783800314357505e-07 2.6444533155857923e-07 0.0 
1.9078702075709936e-05 5.6062520324463264e-05 9.102101436103339e-07 4.119091401510252e-07 2.606447486465625e-07 0.0 
1.8904139690817545e-05 5.562481679703241e-05 8.98199529710798e-07 4.060991775572248e-07 2.569209410958729e-07 0.0 
1.873274488546189e-05 5.519506514894315e-05 8.86419663189619e-07 4.004037916791935e-07 2.5327108109796237e-07 0.0 
1.8564437034038205e-05 5.4773081904180946e-05 8.748630276804062e-07 3.9481904065592696e-07 2.49692587752076e-07 0.0 
1.839911697687963e-05 5.4358693450869254e-05 8.635204567151932e-07 3.893402830957506e-07 2.461824485244134e-07 0.0 
1.823668188789074e-05 5.395180799349405e-05 8.523838884178953e-07 3.839636801956876e-07 2.4273820582998034e-07 0.0 
1.807708680282558e-05 5.355229926972981e-05 8.41451853024136e-07 3.7868839383211575e-07 2.393592803166613e-07 0.0 
1.792027572996285e-05 5.316001573250371e-05 8.307198788180595e-07 3.735119773937879e-07 2.3604405102363433e-07 0.0 
1.7766180953276393e-05 5.2774788345790984e-05 8.201829156144526e-07 3.684317682695406e-07 2.3279076556261453e-07 0.0 
1.7614799826982705e-05 5.239662401631791e-05 8.098394968257613e-07 3.634471692249568e-07 2.2959907171254668e-07 0.0 
1.7466291381531915e-05 5.2025962946132084e-05 7.996992121756028e-07 3.5856387881778833e-07 2.2647283631593223e-07 0.0 
1.7320643235597063e-05 5.166278178331148e-05 7.897598567481364e-07 3.5378074975160283e-07 2.234113129334059e-07 0.0 
1.7177813064600325e-05 5.130697897392742e-05 7.800169902198027e-07 3.490953653041926e-07 2.2041290719869192e-07 0.0 
1.70377603977935e-05 5.095845546661037e-05 7.704663086941536e-07 3.4450538293143743e-07 2.174760739192082e-07 0.0 
1.690044562651034e-05 5.061711461674309e-05 7.611036117718564e-07 3.4000851833016625e-07 2.1459930660883516e-07 0.0 
1.6765829503923374e-05 5.028286266034626e-05 7.519247826816378e-07 3.3560253590414377e-07 2.1178113124633868e-07 0.0 
1.663388534966731e-05 4.9955661485104544e-05 7.429260267873861e-07 3.3128541239861707e-07 2.090202269356393e-07 0.0 
1.6504817084711746e-05 4.963588254964336e-05 7.341348735095954e-07 3.270707009014217e-07 2.0632523097985412e-07 0.0 
1.6379129198398565e-05 4.9324351502094464e-05 7.256201713462064e-07 3.2299179721097517e-07 2.0371735597947194e-07 0.0 
1.6256219542547233e-05 4.902006772087607e-05 7.172984492736365e-07 3.1900759727680593e-07 2.011703797876976e-07 0.0 
1.6135946094278906e-05 4.8722810327628035e-05 7.091504231305608e-07 3.1510888667826317e-07 1.986784578302802e-07 0.0 
1.6018260387992196e-05 4.8432458363668655e-05 7.011719815407951e-07 3.112933963820572e-07 1.9624008744682162e-07 0.0 
1.59030004298921e-05 4.8148585814650255e-05 6.933512922742478e-07 3.075549094182479e-07 1.938512037560756e-07 0.0 
1.579009310853402e-05 4.78710189876847e-05 6.856819185790362e-07 3.038900649906727e-07 1.9150961478400374e-07 0.0 
1.5679462803123566e-05 4.759959898906196e-05 6.781578476502961e-07 3.002957761174498e-07 1.8921330951740523e-07 0.0 
1.5571073469522746e-05 4.7334293374188954e-05 6.70774952972549e-07 2.967699065652935e-07 1.8696090272234024e-07 0.0 
1.5464958095086777e-05 4.7075229837670366e-05 6.635342272348847e-07 2.9331320882300343e-07 1.8475293425786842e-07 0.0 
1.5361122070708584e-05 4.682244089577759e-05 6.56435009548692e-07 2.8992538582625644e-07 1.8258922280782367e-07 0.0 
1.5259573845633606e-05 4.6575948108158315e-05 6.494764957893577e-07 2.866058940062043e-07 1.8046940036194302e-07 0.0 
1.5160426874146512e-05 4.633604161828576e-05 6.426663046169759e-07 2.8335847941683085e-07 1.783958864692114e-07 0.0 
1.5064083821232383e-05 4.6104233017229296e-05 6.360180578216152e-07 2.8019114621312095e-07 1.7637416999303977e-07 0.0 
1.497065020208552e-05 4.588098992932304e-05 6.295327622113029e-07 2.7710468247163817e-07 1.744048239093896e-07 0.0 
1.487987754320644e-05 4.566537254626297e-05 6.232030450730943e-07 2.7409444274300005e-07 1.7248459569737325e-07 0.0 
1.479147071847917e-05 4.545631033183329e-05 6.170183566874151e-07 2.711542487272957e-07 1.7060930193231442e-07 0.0 
1.4705392729200264e-05 4.525372322846925e-05 6.109754196308095e-07 2.6828234068716695e-07 1.6877778658791196e-07 0.0 
1.462161544658753e-05 4.505755262209659e-05 6.050712945546105e-07 2.6547714616615683e-07 1.6698901783235243e-07 0.0 
1.4540110062548534e-05 4.486773824717843e-05 5.993029942512552e-07 2.627370697060271e-07 1.652419493197139e-07 0.0 
1.4460745569926437e-05 4.4683952859478046e-05 5.936602751906558e-07 2.600568161732143e-07 1.6353314004186912e-07 0.0 
1.4383429121530732e-05 4.4505967306608126e-05 5.881357266783687e-07 2.574325406664825e-07 1.6186008808940274e-07 0.0 
1.4308127197786947e-05 4.433370691611372e-05 5.827261971988488e-07 2.548625730078014e-07 1.6022169963956775e-07 0.0 
1.4234807275326305e-05 4.4167099614743936e-05 5.774286120194606e-07 2.5234528301527676e-07 1.5861690700740662e-07 0.0 
1.4163435711477048e-05 4.400607240119888e-05 5.722397671426619e-07 2.4987899080631676e-07 1.5704461289224903e-07 0.0 
1.4093955487836093e-05 4.385051400621486e-05 5.67154130277691e-07 2.474610042631698e-07 1.5550309153941104e-07 0.0 
1.4026324681329129e-05 4.370033860103237e-05 5.62167539687969e-07 2.450892132888107e-07 1.5399097713965317e-07 0.0 
1.3960509024091973e-05 4.355547385820874e-05 5.572765556294117e-07 2.427618250170299e-07 1.525071017074101e-07 0.0 
1.3896881052396805e-05 4.341681849367974e-05 5.5251319377875e-07 2.4049514901868893e-07 1.5106198487702279e-07 0.0 
1.3835900245048823e-05 4.328546263802923e-05 5.479164573570151e-07 2.3830838993175633e-07 1.496679190251239e-07 0.0 
1.3777021581713005e-05 4.3160141554711725e-05 5.434363705041879e-07 2.3617628122227436e-07 1.4830866175342368e-07 0.0 
1.37202278369772e-05 4.304083858229892e-05 5.390695835593296e-07 2.3409710683406053e-07 1.4698311302877186e-07 0.0 
1.366554856808185e-05 4.292764154291405e-05 5.348169184734681e-07 2.3207110208864193e-07 1.4569140255250184e-07 0.0 
1.3613069105322962e-05 4.282081678580562e-05 5.306814490736191e-07 2.3009981709274841e-07 1.4443454878103482e-07 0.0 
1.3562883030260242e-05 4.2720661340316424e-05 5.266664921193846e-07 2.2818495537136322e-07 1.4321367585291968e-07 0.0 
1.3515009462654774e-05 4.262724415103226e-05 5.227716865407759e-07 2.2632614735249116e-07 1.4202852003038997e-07 0.0 
1.3469408312595966e-05 4.2540543262453126e-05 5.189910255134433e-07 2.245205368670516e-07 1.408772657200154e-07 0.0 
1.3425987260479371e-05 4.246047407707439e-05 5.153135837106582e-07 2.2276314278080448e-07 1.3975677849561021e-07 0.0 
1.3384714213573929e-05 4.238700592755193e-05 5.117367771337896e-07 2.2105265702036798e-07 1.3866620906061288e-07 0.0 
1.3345580418230546e-05 4.232014191831515e-05 5.082603164783191e-07 2.193888119789492e-07 1.3760536226440555e-07 0.0 
1.3308608595653044e-05 4.22599613013116e-05 5.048848230746811e-07 2.17771752563244e-07 1.3657430739242625e-07 0.0 
1.3273807311154118e-05 4.220652582854362e-05 5.016092411069916e-07 2.1620086215841233e-07 1.3557263536726024e-07 0.0 
1.3241149563790124e-05 4.215977237811187e-05 4.984311874347968e-07 2.1467479375793355e-07 1.345994521403852e-07 0.0 
1.3210582977296946e-05 4.211955290672179e-05 4.953473533545685e-07 2.1319169436244166e-07 1.3365352841398557e-07 0.0 
1.3182112064209456e-05 4.208591686438241e-05 4.923565904063929e-07 2.117508874017819e-07 1.3273441440756342e-07 0.0 
1.3155750060018058e-05 4.205893758243511e-05 4.894579659210845e-07 2.1035182095983652e-07 1.318417468645353e-07 0.0 
1.3131690763661233e-05 4.203963001079551e-05 4.86654000251525e-07 2.0899631273622637e-07 1.3097684299206664e-07 0.0 
1.3110017613949268e-05 4.2028357777480004e-05 4.83946530670096e-07 2.076853727292934e-07 1.301403718833972e-07 0.0 
1.3090673188683404e-05 4.202478037641959e-05 4.813338962581767e-07 2.0641780585201816e-07 1.293314856585703e-07 0.0 
1.307356458102139e-05 4.20284140442949e-05 4.788137252148825e-07 2.051919671376921e-07 1.2854903628449245e-07 0.0 
1.3058765372168086e-05 4.2039503278367333e-05 4.763893760985155e-07 2.040095931139801e-07 1.277941597518326e-07 0.0 
1.3046314611766538e-05 4.205820465656569e-05 4.740610924974447e-07 2.0287076239875632e-07 1.2706690882199584e-07 0.0 
1.3036237548835817e-05 4.2084631954778545e-05 4.718284141469986e-07 2.0177513549830332e-07 1.2636705346350166e-07 0.0 
1.3028561570698783e-05 4.2118906515931194e-05 4.696909471341691e-07 2.0072240253849007e-07 1.256943824614219e-07 0.0 
1.3023302986974445e-05 4.2161124307933764e-05 4.67647427280905e-07 1.997118825023465e-07 1.2504845558689942e-07 0.0 
1.3021014696610188e-05 4.221253002186719e-05 4.657464209696366e-07 1.9876641038937332e-07 1.2444371913288064e-07 0.0 
1.3021790584747242e-05 4.227338313569725e-05 4.639918577880987e-07 1.9788729112832337e-07 1.2388092941512264e-07 0.0 
1.302512115827887e-05 4.234268803494092e-05 4.623339726855412e-07 1.970513453686468e-07 1.2334545705101424e-07 0.0 
1.3031028233356309e-05 4.242056264889659e-05 4.607715293380027e-07 1.962578627729344e-07 1.228368387507615e-07 0.0 
1.3039561363099251e-05 4.250720547375423e-05 4.5930526313275274e-07 1.9550704207559782e-07 1.2235518456216612e-07 0.0 
1.3050771488920322e-05 4.260281728586769e-05 4.5793587366406064e-07 1.9479906123148553e-07 1.2190059056148488e-07 0.0 
1.3064656432988125e-05 4.2707438996596456e-05 4.566614691943421e-07 1.9413282772923712e-07 1.2147233299568358e-07 0.0 
1.3081175723720211e-05 4.282098948572267e-05 4.554782290364748e-07 1.9350624265105323e-07 1.2106903227081035e-07 0.0 
1.3100374245974612e-05 4.2943653344423666e-05 4.5438630551107196e-07 1.929191977796791e-07 1.2069059803130346e-07 0.0 
1.312241408171143e-05 4.307581800552732e-05 4.5339502787019595e-07 1.9237557422831725e-07 1.2033942875997233e-07 0.0 
1.3147468156489222e-05 4.321796379323889e-05 4.5251277609200634e-07 1.9187894309839878e-07 1.2001775575285352e-07 0.0 
1.3175603140954734e-05 4.337042038846559e-05 4.517388238820679e-07 1.9142894587565805e-07 1.1972536637295795e-07 0.0 
1.32068680708865e-05 4.35334408330821e-05 4.510720163505176e-07 1.9102492581074846e-07 1.194618363680434e-07 0.0 
1.324131858055219e-05 4.370730330096156e-05 4.5051127938333906e-07 1.906662619744435e-07 1.1922676467480955e-07 0.0 
1.327899519772433e-05 4.3892267138666005e-05 4.500546709834294e-07 1.9035197967024702e-07 1.1901953176796465e-07 0.0 
1.3319914351407884e-05 4.4088553764896184e-05 4.496995039845218e-07 1.90080838301285e-07 1.1883935701505664e-07 0.0 
1.3364186874651649e-05 4.429659502452544e-05 4.4944796784971087e-07 1.8985372383487369e-07 1.1868679698515321e-07 0.0 
1.3411993638022435e-05 4.451707368833876e-05 4.4930457911766947e-07 1.8967279552831105e-07 1.185632582056921e-07 0.0 
1.3463608008412844e-05 4.475088307747674e-05 4.4928074876263916e-07 1.8954350023268364e-07 1.1847223152864951e-07 0.0 
1.3520008324853173e-05 4.500086785263791e-05 4.4943026722492683e-07 1.894919632756833e-07 1.1843046176092969e-07 0.0 
1.3580737607017161e-05 4.52657880976403e-05 4.497239570081662e-07 1.8950300330437699e-07 1.184280804333615e-07 0.0 
1.3645633935061174e-05 4.554531850316866e-05 4.501474042597436e-07 1.8956936955577168e-07 1.1846042429462365e-07 0.0 
1.3714892561945201e-05 4.584039415614947e-05 4.507045742585399e-07 1.8969290647231122e-07 1.1852869385105101e-07 0.0 
1.3788671448842641e-05 4.615176234844805e-05 4.513985627367653e-07 1.8987488881687075e-07 1.1863369404808518e-07 0.0 
1.3867074277898458e-05 4.647968196766177e-05 4.5223187618100215e-07 1.901159585852829e-07 1.1877575404888936e-07 0.0 
1.3950245622811529e-05 4.682444183265267e-05 4.5320964544422786e-07 1.9041809337778903e-07 1.1895607111899604e-07 0.0 
1.4038376981805915e-05 4.718680323850833e-05 4.5433574764571154e-07 1.9078300018836382e-07 1.1917573765549375e-07 0.0 
1.413164930442909e-05 4.7567463967930434e-05 4.556136542437276e-07 1.9121197996570632e-07 1.1943555326119431e-07 0.0 
1.4230247973368006e-05 4.796712397869445e-05 4.5704699582512956e-07 1.917063594841491e-07 1.1973632602807536e-07 0.0 
1.4334380060314561e-05 4.838654201079692e-05 4.5864043175455237e-07 1.922678974937845e-07 1.2007913277492961e-07 0.0 
1.4444266723094938e-05 4.8826526257499875e-05 4.6039908085456473e-07 1.9289854276716377e-07 1.204651684655169e-07 0.0 
1.4560143026902577e-05 4.9287937425553473e-05 4.6232921149852376e-07 1.9360078134956633e-07 1.2089596725801406e-07 0.0 
1.4682253253418536e-05 4.977168583537381e-05 4.6443648677327465e-07 1.9437679758658892e-07 1.2137287250106996e-07 0.0 
1.4810868218905015e-05 5.0278788281290397e-05 4.6672679532155135e-07 1.9522891184484723e-07 1.218973243638203e-07 0.0 
1.4946347307514444e-05 5.081059701701421e-05 4.692087915578407e-07 1.9616100728823693e-07 1.224718111263906e-07 0.0 
1.5088972835138635e-05 5.136825419897998e-05 4.7188753631330937e-07 1.971751436886578e-07 1.230976294131611e-07 0.0 
1.5239059145382727e-05 5.195297413114504e-05 4.7476933683472046e-07 1.9827378995883086e-07 1.2377631209293958e-07 0.0 
1.5397007345087194e-05 5.256618337997693e-05 4.778663568515217e-07 1.994619866214249e-07 1.2451099824610986e-07 0.0 
1.5563303135073802e-05 5.320952226134677e-05 4.811961399828099e-07 2.00747104011614e-07 1.2530627811384022e-07 0.0 
1.5738416222997563e-05 5.388467893787567e-05 4.847706521683321e-07 2.0213397608033241e-07 1.2616515689992484e-07 0.0 
1.592283391563131e-05 5.4593408799218886e-05 4.886024251384704e-07 2.0362764456932463e-07 1.2709076547931565e-07 0.0 
1.6117064538368917e-05 5.533754915019173e-05 4.927046509444209e-07 2.0523340235534795e-07 1.2808638787249092e-07 0.0 
1.6321647498568138e-05 5.6119065458439385e-05 4.970911295633203e-07 2.0695678166669902e-07 1.2915545659780095e-07 0.0 
1.6537164154753736e-05 5.6940078210952844e-05 5.017767425752149e-07 2.0880375795323745e-07 1.3030168086317062e-07 0.0 
1.676413251220317e-05 5.780274501732845e-05 5.067687743280351e-07 2.1077724190800668e-07 1.315269060603788e-07 0.0 
1.700298246918664e-05 5.8708954516020824e-05 5.120698535280626e-07 2.1287793104610577e-07 1.328315633814849e-07 0.0 
1.7254295760030996e-05 5.966090851952065e-05 5.17692370372563e-07 2.1511046422105584e-07 1.342184963375475e-07 0.0 
1.751879934458606e-05 6.066134262945656e-05 5.236533080850864e-07 2.1748162745382174e-07 1.3569192263949132e-07 0.0 
1.7797279282532355e-05 6.171321206373689e-05 5.299710435691342e-07 2.199987639304269e-07 1.372564061711408e-07 0.0 
1.8090586660780994e-05 6.281972034090162e-05 5.366654905323229e-07 2.2266983751006353e-07 1.3891689761272057e-07 0.0 
1.839987150618716e-05 6.398493487386416e-05 5.437728154199347e-07 2.255102345713191e-07 1.4068303382252858e-07 0.0 
1.8727276198282983e-05 6.521559432509946e-05 5.513881449672154e-07 2.2856209849965954e-07 1.4258130633317424e-07 0.0 
1.907320142960572e-05 6.651422266775108e-05 5.594923672358939e-07 2.3181528314697928e-07 1.4460524445799784e-07 0.0 
1.9438480774482423e-05 6.788465541528089e-05 5.680883144523563e-07 2.3527019800315122e-07 1.4675512552868765e-07 0.0 
1.9824459372034754e-05 6.933186406326528e-05 5.772087329354286e-07 2.3894012515281276e-07 1.4903922449643006e-07 0.0 
2.023257381367103e-05 7.086106198571806e-05 5.868886168949565e-07 2.4283907244305884e-07 1.5146623765387156e-07 0.0 
2.0664460212862126e-05 7.247826605798136e-05 5.971699991719995e-07 2.4698410756933476e-07 1.540467887807725e-07 0.0 
2.1121942149644454e-05 7.419002244357371e-05 6.081015736238509e-07 2.5139491990198345e-07 1.5679311159588413e-07 0.0 
2.1606932146162185e-05 7.600348814977091e-05 6.197302171974586e-07 2.5609049050275486e-07 1.5971702822658306e-07 0.0 
2.2121527239314413e-05 7.792648924094036e-05 6.321071527758984e-07 2.610915363480511e-07 1.6283143704417444e-07 0.0 
2.266804905854519e-05 7.996767929084134e-05 6.452894173432229e-07 2.6642118217813015e-07 1.6615074194307113e-07 0.0 
2.3250259563137127e-05 8.214073505116678e-05 6.593876982833596e-07 2.7212897718816264e-07 1.697064083318271e-07 0.0 
2.3870940409662977e-05 8.445603644355316e-05 6.7446994622569e-07 2.7824183501398385e-07 1.735150933574951e-07 0.0 
2.4532257949992676e-05 8.692197129790928e-05 6.905745474381346e-07 2.847720384899175e-07 1.7758405158198833e-07 0.0 
2.5237680842039582e-05 8.955149096140433e-05 7.077862785304218e-07 2.917539414938269e-07 1.819346823564977e-07 0.0 
2.59910992483653e-05 9.235911369066786e-05 7.26200648569066e-07 2.9922633559954104e-07 1.8659115925860678e-07 0.0 
2.679685083730456e-05 9.536103206354377e-05 7.459240826385027e-07 3.072324439526605e-07 1.9158041756065246e-07 0.0 
2.765978370420013e-05 9.85753489426375e-05 7.670754459982774e-07 3.1582053933394065e-07 1.9693253934535116e-07 0.0 
2.8585329770121575e-05 0.00010202235280525816 7.897878205440432e-07 3.25044664447675e-07 2.026812023127476e-07 0.0 
2.9579581479766897e-05 0.00010572482552260429 8.142102716656644e-07 3.3496538581370435e-07 2.0886415465633614e-07 0.0 
3.06494461740599e-05 0.00010970870549275985 8.405112493524709e-07 3.456515084869583e-07 2.1552434335941836e-07 0.0 
3.180281841135963e-05 0.00011400353092618897 8.688849688801935e-07 3.571824833082399e-07 2.227113689469897e-07 0.0 
3.304864158208157e-05 0.00011864275292449079 8.995519652517267e-07 3.69648557918612e-07 2.3048156822861505e-07 0.0 
3.4396991812462414e-05 0.00012366417234634705 9.327577425120348e-07 3.8314990899219986e-07 2.3889745481853286e-07 0.0 
3.585931196540101e-05 0.00012911072969358004 9.68780914163538e-07 3.978001519450826e-07 2.480299201685265e-07 0.0 
3.744869605554241e-05 0.0001350315293016323 1.007940728813033e-06 4.1372932135301857e-07 2.579600708641872e-07 0.0 
3.918053535511628e-05 0.00014148388956285236 1.050623638106206e-06 4.3109545736678716e-07 2.687865081022071e-07 0.0 
4.1072226282291254e-05 0.00014853304604673086 1.097254618958506e-06 4.500719018313451e-07 2.8061738514611395e-07 0.0 
4.314380721501403e-05 0.00015625425991531004 1.1483200034808739e-06 4.708567776830815e-07 2.935762985549482e-07 0.0 
4.541852808324089e-05 0.00016473489598254295 1.204383419013939e-06 4.936796895862918e-07 3.078064872526945e-07 0.0 
4.792347330609491e-05 0.0001740768188150647 1.2661006816250054e-06 5.188078325391498e-07 3.234746525874704e-07 0.0 
5.069033195100088e-05 0.00018439927797828164 1.3342393471776459e-06 5.46553930285713e-07 3.4077590407739735e-07 0.0 
5.375693936977334e-05 0.00019584283036665635 1.4097452409394021e-06 5.773024425061464e-07 3.5994979643155756e-07 0.0 
5.7167567858607044e-05 0.00020857307134409836 1.493702629522361e-06 6.114943861695935e-07 3.8127129305358516e-07 0.0 
6.0974255930099924e-05 0.0002227857513782514 1.5873670903170939e-06 6.496406249424846e-07 4.0505904222815036e-07 0.0 
6.523860594399874e-05 0.00023871331183615143 1.6922199128720754e-06 6.923438834975273e-07 4.3168902172355605e-07 0.0 
7.003466139309909e-05 0.0002566348533656788 1.8100409340079764e-06 7.403282847412233e-07 4.616129340349238e-07 0.0 
7.545150674231668e-05 0.0002768869205883624 1.942965459034826e-06 7.944633049823436e-07 4.953733056045224e-07 0.0 
8.159655317575765e-05 0.00029987571653536296 2.0935662258215876e-06 8.557964911710634e-07 5.336237738356192e-07 0.0 
8.860075956014339e-05 0.00032609530470055227 2.2649847658168278e-06 9.256055332151316e-07 5.771613301028999e-07 0.0 
9.662418320326085e-05 0.00035614990641038587 2.4610542933151883e-06 1.0054492450972506e-06 6.269583338003322e-07 0.0 
0.00010586340033702925 0.00039078225099661607 2.686473641461218e-06 1.0972383126366682e-06 6.842066721752958e-07 0.0 
0.00011656098891742769 0.0004309094985616711 2.9470297019032056e-06 1.2033254263461935e-06 7.50373963341592e-07 0.0 
0.00012901762879036194 0.0004776693007639988 3.249880117791008e-06 1.326619976255263e-06 8.27275105870793e-07 0.0 
0.00014360816290832394 0.0005324798993458219 3.6039587415024204e-06 1.470753804650201e-06 9.171756518874545e-07 0.0 
0.00016080041988433155 0.0005971117416727615 4.020420300640017e-06 1.640261598811865e-06 1.022904308756111e-06 0.0 
0.00018117514003514253 0.0006737658193381362 4.51303517281641e-06 1.8407379544228639e-06 1.1479509441214376e-06 0.0 
0.00020545384818464594 0.0007651754229606702 5.098994637041398e-06 2.079181505816688e-06 1.2966826618437343e-06 0.0 
0.0002345001051762033 0.0008746158439820726 5.798815441745458e-06 2.3639413670462905e-06 1.4743090810288877e-06 0.0 
0.0002692473469537969 0.0010056519770120975 6.6340952741839715e-06 2.7037631303005833e-06 1.6862848631255177e-06 0.0 
0.00031052471190474334 0.0011614759156183111 7.6237226818441335e-06 3.1063103220634036e-06 1.9373936801813343e-06 0.0 
0.0003584691706974408 0.001342716017031557 8.769370119385454e-06 3.5722669655534628e-06 2.2280724339776943e-06 0.0 
0.00041115461501035525 0.0015422591000204503 1.0022269496374108e-05 4.0817068938400845e-06 2.545893827518954e-06 0.0 
0.00046240947905162394 0.0017370139585452058 1.1231270990406858e-05 4.573063239946198e-06 2.8524594970657913e-06 0.0 
0.0005002759701378937 0.0018820033304614442 1.2107329449084844e-05 4.928709359669073e-06 3.0744005627593755e-06 0.0 
0.0005105832769292557 0.0019236494227572035 1.2312201262752798e-05 5.011095540586845e-06 3.125909893319217e-06 0.0 
0.0004871385205394967 0.0018381313694574666 1.1704304554128802e-05 4.762784341386911e-06 2.9711387930996736e-06 0.0 
0.00043789071955060467 0.0016548882791330515 1.0482807383325009e-05 4.2649793331040946e-06 2.6607176320554237e-06 0.0 
0.000377945273911572 0.0014306083396356708 9.014779784962271e-06 3.6671015872012833e-06 2.287841362885665e-06 0.0 
0.000319276616285955 0.0012104673471650116 7.587602349108038e-06 3.0860567892085093e-06 1.9254351787846237e-06 0.0 
0.00026757980471076476 0.0010160962012708788 6.335782981017124e-06 2.5765184112561764e-06 1.6076108339404356e-06 0.0 
0.00022420454746455054 0.0008527475252042314 5.289321310473614e-06 2.150641097343041e-06 1.3419576108249163e-06 0.0 
0.0001885462186920838 0.0007182678614268457 4.431811834637213e-06 1.8017123108570885e-06 1.1242940259427826e-06 0.0 
0.00015941370552368511 0.0006082536003536726 3.733331308008277e-06 1.5175320398128397e-06 9.470138515537232e-07 0.0 
0.0001355989618485366 0.0005182078580666179 3.1639874726415567e-06 1.2859226345291368e-06 8.025235964050581e-07 0.0 
0.00011605787434525466 0.0004442313284009891 2.698124870027851e-06 1.0964351707320553e-06 6.843070773827413e-07 0.0 
9.993895687371698e-05 0.0003831374344137911 2.3149035183406376e-06 9.405817634179507e-07 5.870705418384292e-07 0.0 
8.65644859336835e-05 0.0003323862942254473 1.997790518815827e-06 8.116301786659019e-07 5.066150942144097e-07 0.0 
7.53995196196498e-05 0.00028997082788849497 1.733772569291466e-06 7.042824711730802e-07 4.396363481567185e-07 0.0 
6.602229643667811e-05 0.0002543068766393841 1.5126154548738558e-06 6.143727085121736e-07 3.8353590291312536e-07 0.0 
5.809963566566707e-05 0.00022414149085972615 1.3262553349195602e-06 5.386186920215309e-07 3.3626647737228195e-07 0.0 
5.136738730314428e-05 0.00019848005595204577 1.1683171739122655e-06 4.744257576951282e-07 2.9620955234351267e-07 0.0 
4.561489205197979e-05 0.00017652893327349555 1.0337207117525193e-06 4.1972639884015506e-07 2.620754474153741e-07 0.0 
4.067335072367586e-05 0.00015765169772388737 9.184019358855197e-07 3.728668626408673e-07 2.3283256244053228e-07 0.0 
3.640687346936456e-05 0.00014133554631323665 8.190959147189898e-07 3.325186565489175e-07 2.076521653860437e-07 0.0 
3.2705491467044646e-05 0.0001271651197859663 7.331662247866034e-07 2.976091146789025e-07 1.8586509004117481e-07 0.0 
2.947967443925648e-05 0.00011480200006102115 6.584704329777886e-07 2.672666641550015e-07 1.6692760988869972e-07 0.0 
2.6656211308013188e-05 0.00010396917562102786 5.932621191224327e-07 2.40781084007994e-07 1.5039665600072886e-07 0.0 
2.4174887804712324e-05 9.443856855101433e-05 5.361079940290389e-07 2.175694796592552e-07 1.3590857302635081e-07 0.0 
2.1985747767755417e-05 8.602098628906753e-05 4.85817158598679e-07 1.9714739450468302e-07 1.231611123754724e-07 0.0 
2.0047261164617442e-05 7.855903495652797e-05 4.4140140629480377e-07 1.7911287492756335e-07 1.119034941975794e-07 0.0 
1.8324732675667813e-05 7.192112632085236e-05 4.020367000458337e-07 1.631307826788843e-07 1.0192662130048295e-07 0.0 
1.6789039145458134e-05 6.599672617306281e-05 3.67032613029217e-07 1.4892035195966148e-07 9.305531722051123e-08 0.0 
1.5415622771192116e-05 6.06925621980482e-05 3.358080019203815e-07 1.362452851226401e-07 8.514214777973868e-08 0.0 
1.4183695332397827e-05 5.592960688209428e-05 3.078721130691358e-07 1.2490606170357487e-07 7.806262161053143e-08 0.0 
1.307558376109432e-05 5.1640618558334904e-05 2.8280880700696154e-07 1.1473352159391018e-07 7.171118802410907e-08 0.0 
1.2076174466205552e-05 4.7768101479124346e-05 2.6026212452305317e-07 1.0558299238626011e-07 6.599758010850146e-08 0.0 
1.1172692766315582e-05 4.426378266167464e-05 2.3993132303052213e-07 9.733291654177595e-08 6.08460492824478e-08 0.0 
1.0354127989225383e-05 4.108597542415353e-05 2.2155777624924247e-07 8.987862495062032e-08 5.619134474764415e-08 0.0 
9.610512822764908e-06 3.8196062305724014e-05 2.0490849944834913e-07 8.31243285125225e-08 5.197353475065737e-08 0.0 
8.933803443949076e-06 3.556332209158324e-05 1.8979806960702566e-07 7.699526660562344e-08 4.814602752126531e-08 0.0 
8.316877429108767e-06 3.3160581816468865e-05 1.760610683471569e-07 7.142439304074765e-08 4.466699897590866e-08 0.0 
7.752942793590979e-06 3.096185030125191e-05 1.635355095308666e-07 6.634506628182156e-08 4.149477734626625e-08 0.0 
7.2364691081772715e-06 2.894592471513419e-05 1.5209304830266422e-07 6.170508881875777e-08 3.859677945989503e-08 0.0 
6.762614718753834e-06 2.7094304694906074e-05 1.416212837256371e-07 5.745885889757456e-08 3.594455371195216e-08 0.0 
6.327120393016919e-06 2.539071028550685e-05 1.3202152541974677e-07 5.356635235778619e-08 3.351312909651333e-08 0.0 
5.926347050778711e-06 2.3821066358077434e-05 1.2321223664751173e-07 4.9994499914008194e-08 3.128185564383224e-08 0.0 
5.557074032348068e-06 2.2372880512727328e-05 1.1512129756604464e-07 4.671396600405758e-08 2.92324039032389e-08 0.0 
5.216302675963304e-06 2.1034704652771495e-05 1.0767828429320259e-07 4.369616515011234e-08 2.7346941227430783e-08 0.0 
4.901377439154166e-06 1.9796389759212706e-05 1.0082109387693201e-07 4.0915923196919006e-08 2.560976607177698e-08 0.0 
4.60992376865503e-06 1.86488861071766e-05 9.449416621022396e-08 3.8350712440395224e-08 2.4006827718140657e-08 0.0 
4.339817726081724e-06 1.7584084605932635e-05 8.864788919425578e-08 3.598040644502993e-08 2.252557082565217e-08 0.0 
4.089131988818624e-06 1.659466002315481e-05 8.323726751073247e-08 3.3786802908831697e-08 2.1154646663374932e-08 0.0 
3.8561201644166565e-06 1.5673967068981824e-05 7.822133736020542e-08 3.175331135138614e-08 1.9883710941043865e-08 0.0 
3.639282611102741e-06 1.4816244529641043e-05 7.35657560211298e-08 2.986602491303034e-08 1.870408796300859e-08 0.0 
3.4372718909919107e-06 1.4016292414647156e-05 6.923987531723985e-08 2.8112501871792155e-08 1.7608010376010807e-08 0.0 
3.2488697180011037e-06 1.3269403682270934e-05 6.521601732982915e-08 2.6481497948669337e-08 1.6588457014578204e-08 0.0 
3.0729754626315513e-06 1.2571323577155459e-05 6.146921336556925e-08 2.496287075663303e-08 1.5639094700999414e-08 0.0 
2.9085930952671995e-06 1.1918199608127538e-05 5.797690058529873e-08 2.3547456309267553e-08 1.4754201143696025e-08 0.0 
2.754819762110253e-06 1.1306537765389004e-05 5.4718656814646045e-08 2.2226961081723772e-08 1.3928597545484285e-08 0.0 
2.6108357679646395e-06 1.0733164114903662e-05 5.1675968250678106e-08 2.0993867469441544e-08 1.3157589576396685e-08 0.0 
2.4758997730675934e-06 1.0195199344671366e-05 4.883224031549385e-08 1.9841434838700338e-08 1.243696687650969e-08 0.0 
2.349350412364618e-06 9.690050295154025e-06 4.617287041755009e-08 1.8763719882824703e-08 1.1763014463973739e-08 0.0 
2.2305724231935118e-06 9.215325374025289e-06 4.368402939425824e-08 1.7755106006159164e-08 1.1132224531118497e-08 0.0 
2.118998579195111e-06 8.768822756351828e-06 4.135292976047164e-08 1.681040155127393e-08 1.054135513978874e-08 0.0 
2.0141096992732846e-06 8.348525655833606e-06 3.916788532228337e-08 1.5924861704266173e-08 9.987443225839284e-09 0.0 
1.9154277621741115e-06 7.952578927889793e-06 3.711813260568665e-08 1.5094118448136374e-08 9.467761397537415e-09 0.0 
1.8225163553153657e-06 7.579290236302224e-06 3.51938698894658e-08 1.4314196280146064e-08 8.979827541511187e-09 0.0 
1.7349837794171182e-06 7.227131250472863e-06 3.3386310628327794e-08 1.3581529388611382e-08 8.521414785236175e-09 0.0 
1.6524650306575608e-06 6.8946813915170825e-06 3.1687287601107975e-08 1.2892804105478211e-08 8.090453744910907e-09 0.0 
1.57461722798289e-06 6.580613705926648e-06 3.0089134152125756e-08 1.2244913546566088e-08 7.68500466566436e-09 0.0 
1.501117964297178e-06 6.2837209678509335e-06 2.858459116565292e-08 1.1634952491652301e-08 7.30325914375169e-09 0.0 
1.4316951899754717e-06 6.003033583635245e-06 2.716752989534857e-08 1.10605279582382e-08 6.943736410099298e-09 0.0 
1.3660576084452061e-06 5.737338739782077e-06 2.5831489443598945e-08 1.0518933492791515e-08 6.604733560881433e-09 0.0 
1.3039644838418334e-06 5.48566258962724e-06 2.457128545216681e-08 1.0008046573632416e-08 6.284920998553568e-09 0.0 
1.2451945779599188e-06 5.247141077257047e-06 2.338207824402733e-08 9.525910870105757e-09 5.983077253092871e-09 0.0 
1.189537019075309e-06 5.020953623789377e-06 2.225918849655473e-08 9.070629822470256e-09 5.6980180334971065e-09 0.0 
1.136797367805828e-06 4.80634258308424e-06 2.1198327058066617e-08 8.640465762058391e-09 5.428658214404126e-09 0.0 
1.0867982556233341e-06 4.602610240884465e-06 2.0195676591338136e-08 8.23387237934864e-09 5.174031463538611e-09 0.0 
1.0393769255073717e-06 4.409125784226874e-06 1.9247655071120973e-08 7.849411302453133e-09 4.933240991779683e-09 0.0 
9.9441940604577e-07 4.225491066184895e-06 1.835182130086692e-08 7.486185394736196e-09 4.7057378377754154e-09 0.0 
9.517488017620091e-07 4.050981578800823e-06 1.7504203283731193e-08 7.14251384770896e-09 4.4904635316995534e-09 0.0 
9.112069706540359e-07 3.884954591150546e-06 1.670126971688608e-08 6.816923352333382e-09 4.2864929086173636e-09 0.0 
8.726688700940543e-07 3.7269209165198037e-06 1.5940271640667024e-08 6.508301069044291e-09 4.093131018610688e-09 0.0 
8.360179879021523e-07 3.576424304335751e-06 1.521865453648709e-08 6.215612948974319e-09 3.909732082290086e-09 0.0 
8.011456767957971e-07 3.4330388942881753e-06 1.4534042746492244e-08 5.937897414740798e-09 3.735695548876378e-09 0.0 
7.679505473829045e-07 3.2963668928903215e-06 1.3884225290975983e-08 5.6742596086101975e-09 3.5704625081142423e-09 0.0 
7.363379139685352e-07 3.166036450817186e-06 1.3267142944717238e-08 5.423866151647014e-09 3.4135124208565507e-09 0.0 
7.062204402273904e-07 3.0417022958981272e-06 1.2680926230684e-08 5.1859593744343325e-09 3.264371713529605e-09 0.0 
6.775167964445966e-07 2.9230420594301377e-06 1.2123841042861502e-08 4.9598363643033005e-09 3.122600974756938e-09 0.0 
6.501497433599268e-07 2.8097532916827613e-06 1.1594214513409198e-08 4.744822369452137e-09 2.9877790103288073e-09 0.0 
6.240481154726204e-07 2.7015590201327124e-06 1.1090513385570134e-08 4.540302972421525e-09 2.8595227828001735e-09 0.0 
5.991474561768194e-07 2.5982048859538605e-06 1.0611387742762006e-08 4.345737804939522e-09 2.737495173762297e-09 0.0 
5.753895966126991e-07 2.499459266502592e-06 1.0155649222921354e-08 4.160650416226852e-09 2.62139859778653e-09 0.0 
5.52714707166788e-07 2.4050852080141223e-06 9.722015217390452e-09 3.984520093802722e-09 2.5109074661278245e-09 0.0 
5.310663777334708e-07 2.314859321063575e-06 9.309277338970977e-09 3.816856337436155e-09 2.4057150981415823e-09 0.0 
5.103915675855886e-07 2.2285714385363778e-06 8.916301997169623e-09 3.6571991403951893e-09 2.3055338821166567e-09 0.0 
4.906403735127335e-07 2.146023592252858e-06 8.542024904283915e-09 3.5051165889682947e-09 2.2100937466887254e-09 0.0 
4.7176581314499346e-07 2.067028597696754e-06 8.185451241281481e-09 3.3602046534951382e-09 2.119141967653483e-09 0.0 
4.5371973191406025e-07 1.991395373829455e-06 7.84555279490266e-09 3.222045642818234e-09 2.032417362986821e-09 0.0 
4.364540030170485e-07 1.918935227524279e-06 7.521271567720202e-09 3.0902109632499045e-09 1.9496523247657657e-09 0.0 
4.199294678425599e-07 1.8494923019163553e-06 7.211781507372815e-09 2.964366154699661e-09 1.8706377622332996e-09 0.0 
4.041091955761832e-07 1.7829194499896456e-06 6.916306630284093e-09 2.844197041998641e-09 1.7951772497084765e-09 0.0 
3.8896436472488006e-07 1.719100827809045e-06 6.63433448005992e-09 2.7294983134979217e-09 1.7231422344901898e-09 0.0 
3.7447285467983295e-07 1.6579542379604036e-06 6.365528498989734e-09 2.6201430909570996e-09 1.6544540827658618e-09 0.0 
3.605991293578101e-07 1.5993223733854938e-06 6.109098899774309e-09 2.5157971581570533e-09 1.5889018934771913e-09 0.0 
3.47310310437686e-07 1.543071728705371e-06 5.8643147124613815e-09 2.4161615726931675e-09 1.52629857567541e-09 0.0 
3.345762820206785e-07 1.4890848429229116e-06 5.630509700760702e-09 2.320967735016435e-09 1.466476570385805e-09 0.0 
3.2236827941087657e-07 1.437249650463685e-06 5.407049844047131e-09 2.2299604028501626e-09 1.4092766776417335e-09 0.0 
3.106572162038376e-07 1.3874550402571588e-06 5.19329659475913e-09 2.1428852784644652e-09 1.3545406102261094e-09 0.0 
2.9941935514992563e-07 1.339606248981232e-06 4.9887580439757e-09 2.059543606537576e-09 1.30214410436974e-09 0.0 
2.886329526322276e-07 1.293615499597934e-06 4.79298945045269e-09 1.9797549448672995e-09 1.2519742148145418e-09 0.0 
2.7827740595278065e-07 1.2493995740898274e-06 4.605570240381659e-09 1.9033486928170453e-09 1.203924155202367e-09 0.0 
2.683331853745061e-07 1.2068795435136076e-06 4.42610253423612e-09 1.8301634892609346e-09 1.1578929212622313e-09 0.0 
2.5878177071569637e-07 1.1659805160704073e-06 4.25420977378792e-09 1.7600466515873113e-09 1.113784939700588e-09 0.0 
2.496060646046182e-07 1.1266325694660282e-06 4.089549819304763e-09 1.6928589795706408e-09 1.0715129817783481e-09 0.0 
2.407970811592522e-07 1.0888104098849087e-06 3.931965722914389e-09 1.6285507233783188e-09 1.0310475736085196e-09 0.0 
2.3234151249441126e-07 1.0524635659201274e-06 3.781197430103358e-09 1.5670205133110469e-09 9.923256836907515e-10 0.0 
2.2421777878815218e-07 1.0174891241886204e-06 3.6368023075670917e-09 1.5080727776345407e-09 9.552228145010945e-10 0.0 
2.1641063040134708e-07 9.83824759092063e-07 3.4984681386733667e-09 1.4515801966964635e-09 9.196591907215236e-10 0.0 
2.0890602835950908e-07 9.514141508770356e-07 3.3659083901032624e-09 1.397426982505961e-09 8.855623923161801e-10 0.0 
2.0169063944423192e-07 9.202037457233793e-07 3.238851690062737e-09 1.3455034755306775e-09 8.528638271507778e-10 0.0 
1.9475179621394048e-07 8.901426031079494e-07 3.1170409398768873e-09 1.2957057887158293e-09 8.214985094994749e-10 0.0 
1.880774595467846e-07 8.611822493817988e-07 3.000232469182724e-09 1.2479354601806972e-09 7.914048422408406e-10 0.0 
1.8165620283532146e-07 8.332771720889942e-07 2.8881960931780475e-09 1.202100119308034e-09 7.625251188660024e-10 0.0 
1.7547742251170078e-07 8.063849291222531e-07 2.7807269706437696e-09 1.158117712409375e-09 7.348080382116645e-10 0.0 
1.6953081248604727e-07 7.804635103844524e-07 2.6776209967498246e-09 1.1159054337940147e-09 7.08201720778549e-10 0.0 
1.6380639550766272e-07 7.554724434906785e-07 2.5786767746688075e-09 1.075381712714414e-09 6.826551046705575e-10 0.0 
1.5829491555417e-07 7.313738894747293e-07 2.483711191947394e-09 1.036472316355607e-09 6.58121686049647e-10 0.0 
1.5298755567218247e-07 7.081319361493592e-07 2.392556114945557e-09 9.99109648731262e-10 6.345591389576858e-10 0.0 
1.478752947859836e-07 6.85710404086385e-07 2.3050280777795685e-09 9.632200252285607e-10 6.119214215942856e-10 0.0 
1.4295006220689484e-07 6.640767746565555e-07 2.220964258902379e-09 9.287382106168513e-10 5.901677844313611e-10 0.0 
1.3820387037828054e-07 6.431985292538832e-07 2.1402037655035464e-09 8.955990283242311e-10 5.692574247744662e-10 0.0 
1.3362916879200197e-07 6.230465247553369e-07 2.0625969374602763e-09 8.637433598276154e-10 5.491535759714364e-10 0.0 
1.2921920871386264e-07 6.035945312165837e-07 1.988013647053015e-09 8.331199287374994e-10 5.298243419374719e-10 0.0 
1.2496961624014165e-07 5.848204553975619e-07 1.916380607259568e-09 8.036964944010444e-10 5.112489825067085e-10 0.0 
1.2087447637003599e-07 5.666994575399057e-07 1.8475818975635312e-09 7.754256311059723e-10 4.933977077810245e-10 0.0 
1.1692799406512931e-07 5.492073533555432e-07 1.781502583026216e-09 7.482604101391861e-10 4.762410768602229e-10 0.0 
1.1312440294669849e-07 5.323204023338147e-07 1.7180281720990167e-09 7.22154277108484e-10 4.5974990994359823e-10 0.0 
1.0945815452916515e-07 5.160157143232811e-07 1.6570489116112985e-09 6.970626167910782e-10 4.438962422997409e-10 0.0 
1.0592389646124612e-07 5.002713314284399e-07 1.5984591132012593e-09 6.729425283274209e-10 4.2865318993331147e-10 0.0 
1.0251596023769602e-07 4.850636915633666e-07 1.5421456562527362e-09 6.497478248082899e-10 4.139917904682892e-10 0.0 
9.922789514204941e-08 4.703654271089139e-07 1.4879776700838114e-09 6.274246236253916e-10 3.9987822601060597e-10 0.0 
9.605419229252067e-08 4.561548248172731e-07 1.435846538509652e-09 6.059295575878132e-10 3.86285412185012e-10 0.0 
9.298923824983005e-08 4.4241032946116156e-07 1.3856420285195032e-09 5.852190299335843e-10 3.7318617051604415e-10 0.0 
9.002882304741472e-08 4.2911443528134697e-07 1.3372838159113042e-09 5.652604288284272e-10 3.6056004487416374e-10 0.0 
8.716893498157734e-08 4.162504221234197e-07 1.290695629842015e-09 5.460227751011638e-10 3.483875995157544e-10 0.0 
8.440573565931478e-08 4.038022764825597e-07 1.2458047198927942e-09 5.274765209952036e-10 3.3665029516854337e-10 0.0 
8.173555163089788e-08 3.917546579769861e-07 1.202541676802351e-09 5.095934771535001e-10 3.253304433547983e-10 0.0 
7.915512430802938e-08 3.8009489847311866e-07 1.1608467158430122e-09 4.923502943913312e-10 3.1441350939215e-10 0.0 
7.666228767656784e-08 3.6882009735397266e-07 1.1206833112681243e-09 4.757373698663957e-10 3.0389417600078603e-10 0.0 
7.425311459845444e-08 3.579093891877993e-07 1.0819771178507085e-09 4.5972080601225246e-10 2.9375065062005215e-10 0.0 
7.192424254481066e-08 3.473454455581817e-07 1.0446676303713196e-09 4.4427351784445653e-10 2.83965564022038e-10 0.0 
6.967292411428873e-08 3.371166888130462e-07 1.0087052242575794e-09 4.2937534759331805e-10 2.7452624963672014e-10 0.0 
6.749851724322541e-08 3.2721890901291794e-07 9.740952011987639e-10 4.150277417590192e-10 2.654333849931578e-10 0.0 
6.539868988683795e-08 3.1764267268408857e-07 9.407968702473454e-10 4.0121460062551136e-10 2.566768950375036e-10 0.0 
6.337056495241625e-08 3.0837712451878106e-07 9.087524672504006e-10 3.8791344263445204e-10 2.482428298839275e-10 0.0 
6.141104689657733e-08 2.994096682336066e-07 8.778992073658058e-10 3.7509891025802145e-10 2.401153321801953e-10 0.0 
5.951725008595265e-08 2.907283354114675e-07 8.481796394149712e-10 3.627476547293236e-10 2.3227977454354582e-10 0.0 
5.768601986122423e-08 2.8232030641470246e-07 8.195315920957225e-10 3.5083475179265784e-10 2.2472057853694686e-10 0.0 
5.591465920007228e-08 2.7417440692781704e-07 7.919036196486373e-10 3.393394878630796e-10 2.174247687930678e-10 0.0 
5.420103986731737e-08 2.662817755246717e-07 7.652570180859135e-10 3.282463440388383e-10 2.1038263725835636e-10 0.0 
5.2543115592031736e-08 2.5863372376865745e-07 7.39554283098764e-10 3.175400434088902e-10 2.0358458429179418e-10 0.0 
5.093891610347253e-08 2.5122162903933343e-07 7.147588224246511e-10 3.072053289317443e-10 1.9702096124491956e-10 0.0 
4.938655119894193e-08 2.4403742519302286e-07 6.908361035051129e-10 2.9722809601361317e-10 1.9068289685867877e-10 0.0 
4.788420406609027e-08 2.370733644446845e-07 6.67753046722007e-10 2.875948499467475e-10 1.845619054848448e-10 0.0 
4.643013270099037e-08 2.3032214892866919e-07 6.454782054726583e-10 2.782929431983535e-10 1.786500548449131e-10 0.0 
4.5022656139453044e-08 2.2377673376890045e-07 6.239812437842626e-10 2.693101712501608e-10 1.7293969004332047e-10 0.0 
4.366013662665845e-08 2.17430080455175e-07 6.032324598730095e-10 2.6063437284470275e-10 1.6742315709774947e-10 0.0 
4.234116266817686e-08 2.1127591404355176e-07 5.83206161622131e-10 2.5225492130256646e-10 1.6209375288633e-10 0.0 
4.106458762953238e-08 2.0530884091386266e-07 5.638812819135277e-10 2.441629487352184e-10 1.5694586286027602e-10 0.0 
3.982888211335605e-08 1.9952236472018685e-07 5.452306638570925e-10 2.363473829130891e-10 1.5197252101821237e-10 0.0 
3.863253584063804e-08 1.9391011710833577e-07 5.272277224032786e-10 2.287974170619453e-10 1.4716693104599405e-10 0.0 
3.7474360754342473e-08 1.884674953235964e-07 5.098518546802177e-10 2.2150510378345868e-10 1.4252414368981984e-10 0.0 
3.635333954119329e-08 1.8319050941836493e-07 4.930864307229444e-10 2.1446404470352534e-10 1.380401658406123e-10 0.0 
3.526827973095755e-08 1.7807401087892148e-07 4.769105804016451e-10 2.0766571928030308e-10 1.3370962864871034e-10 0.0 
3.4217953384168283e-08 1.7311273174879536e-07 4.6130217927215963e-10 2.0110108424049138e-10 1.295268405973332e-10 0.0 
